0.7070376873016357,0.5494692921638489,9.634417533874512,21.14008331298828,-55.81412124633789,-12.696913719177246,-0.007182279136031866,-0.05543822422623634,-0.10950971394777298,14744.853
0.7070376873016357,0.5494692921638489,9.634417533874512,21.29918670654297,-55.934783935546875,-12.791525840759277,-0.007182279136031866,-0.05543822422623634,-0.10950971394777298,14744.886
0.7070376873016357,0.5494692921638489,9.634417533874512,21.29918670654297,-55.934783935546875,-12.791525840759277,-0.00398648576810956,-0.03732873126864433,0.0236483383923769,14744.889
0.44247838854789734,0.6189011335372925,9.824756622314453,21.29918670654297,-55.934783935546875,-12.791525840759277,-0.00398648576810956,-0.03732873126864433,0.0236483383923769,14744.892
0.44247838854789734,0.6189011335372925,9.824756622314453,21.29918670654297,-55.934783935546875,-12.791525840759277,0.005600893869996071,-0.04158978909254074,-0.0019180085510015488,14744.955
0.18989011645317078,0.5111620426177979,9.961225509643555,21.29918670654297,-55.934783935546875,-12.791525840759277,0.005600893869996071,-0.04158978909254074,-0.0019180085510015488,14744.957
0.18989011645317078,0.5111620426177979,9.961225509643555,21.483686447143555,-55.98236083984375,-12.860652923583984,0.005600893869996071,-0.04158978909254074,-0.0019180085510015488,14744.984
0.18989011645317078,0.5111620426177979,9.961225509643555,21.483686447143555,-55.98236083984375,-12.860652923583984,-0.042336005717515945,-0.08206983655691147,-0.05837702378630638,14745.029
0.4388870894908905,0.3663128614425659,9.997138977050781,21.483686447143555,-55.98236083984375,-12.860652923583984,-0.042336005717515945,-0.08206983655691147,-0.05837702378630638,14745.033
0.4388870894908905,0.3663128614425659,9.997138977050781,21.66853141784668,-56.00210952758789,-12.837940216064453,-0.042336005717515945,-0.08206983655691147,-0.05837702378630638,14745.042
0.4388870894908905,0.3663128614425659,9.997138977050781,21.66853141784668,-56.00210952758789,-12.837940216064453,0.0716472864151001,-0.07993930578231812,-0.11909709870815277,14745.098
0.49874213337898254,0.41778820753097534,9.491962432861328,21.66853141784668,-56.00210952758789,-12.837940216064453,0.0716472864151001,-0.07993930578231812,-0.11909709870815277,14745.1
0.49874213337898254,0.41778820753097534,9.491962432861328,21.816951751708984,-56.03764724731445,-12.701631546020508,0.0716472864151001,-0.07993930578231812,-0.11909709870815277,14745.13
0.49874213337898254,0.41778820753097534,9.491962432861328,21.816951751708984,-56.03764724731445,-12.701631546020508,0.06419043987989426,-0.005370797123759985,-0.07222545892000198,14745.168
0.6435913443565369,0.6955155730247498,9.482385635375977,21.816951751708984,-56.03764724731445,-12.701631546020508,0.06419043987989426,-0.005370797123759985,-0.07222545892000198,14745.172
0.6435913443565369,0.6955155730247498,9.482385635375977,21.86910629272461,-56.09844207763672,-12.529806137084961,0.06419043987989426,-0.005370797123759985,-0.07222545892000198,14745.202
0.6435913443565369,0.6955155730247498,9.482385635375977,21.86910629272461,-56.09844207763672,-12.529806137084961,-0.05085812136530876,0.050022952258586884,-0.01896223984658718,14745.24
0.4759972393512726,0.7493851184844971,10.033051490783691,21.86910629272461,-56.09844207763672,-12.529806137084961,-0.05085812136530876,0.050022952258586884,-0.01896223984658718,14745.248
0.4759972393512726,0.7493851184844971,10.033051490783691,21.8402156829834,-56.225242614746094,-12.408025741577148,-0.05085812136530876,0.050022952258586884,-0.01896223984658718,14745.282
0.4759972393512726,0.7493851184844971,10.033051490783691,21.8402156829834,-56.225242614746094,-12.408025741577148,-0.028487566858530045,0.05215348303318024,0.0492146834731102,14745.312
0.43170449137687683,0.5650315880775452,9.847500801086426,21.8402156829834,-56.225242614746094,-12.408025741577148,-0.028487566858530045,0.05215348303318024,0.0492146834731102,14745.313
0.43170449137687683,0.5650315880775452,9.847500801086426,21.78658676147461,-56.37495803833008,-12.37549114227295,-0.028487566858530045,0.05215348303318024,0.0492146834731102,14745.363
0.43170449137687683,0.5650315880775452,9.847500801086426,21.78658676147461,-56.37495803833008,-12.37549114227295,-0.023369237780570984,0.010694189928472042,0.08865902572870255,14745.394
0.2700958847999573,0.4704606235027313,9.967211723327637,21.78658676147461,-56.37495803833008,-12.37549114227295,-0.023369237780570984,0.010694189928472042,0.08865902572870255,14745.396
0.2700958847999573,0.4704606235027313,9.967211723327637,21.748252868652344,-56.47299575805664,-12.425012588500977,-0.023369237780570984,0.010694189928472042,0.08865902572870255,14745.443
0.2700958847999573,0.4704606235027313,9.967211723327637,21.748252868652344,-56.47299575805664,-12.425012588500977,0.029893983155488968,-0.042569030076265335,0.11955169588327408,14745.452
0.5119102597236633,0.40222588181495667,9.782857894897461,21.748252868652344,-56.47299575805664,-12.425012588500977,0.029893983155488968,-0.042569030076265335,0.11955169588327408,14745.455
0.5119102597236633,0.40222588181495667,9.782857894897461,21.748252868652344,-56.47299575805664,-12.425012588500977,0.0021971079986542463,-0.013806892558932304,0.027938956394791603,14745.525
0.42212769389152527,0.45250412821769714,9.827150344848633,21.748252868652344,-56.47299575805664,-12.425012588500977,0.0021971079986542463,-0.013806892558932304,0.027938956394791603,14745.532
0.42212769389152527,0.45250412821769714,9.827150344848633,21.741310119628906,-56.51869583129883,-12.520416259765625,0.0021971079986542463,-0.013806892558932304,0.027938956394791603,14745.536
0.42212769389152527,0.45250412821769714,9.827150344848633,21.741310119628906,-56.51869583129883,-12.520416259765625,0.05119927227497101,-0.025524800643324852,-0.0018884475575760007,14745.596
0.5059247612953186,0.5770025849342346,9.770886421203613,21.741310119628906,-56.51869583129883,-12.520416259765625,0.05119927227497101,-0.025524800643324852,-0.0018884475575760007,14745.6045
0.5059247612953186,0.5770025849342346,9.770886421203613,21.709495544433594,-56.49736404418945,-12.618844985961914,0.05119927227497101,-0.025524800643324852,-0.0018884475575760007,14745.608
0.5059247612953186,0.5770025849342346,9.770886421203613,21.709495544433594,-56.49736404418945,-12.618844985961914,0.08315720409154892,-0.03617744520306587,-0.009345298632979393,14745.666
0.6902782917022705,0.5003881454467773,9.527874946594238,21.709495544433594,-56.49736404418945,-12.618844985961914,0.08315720409154892,-0.03617744520306587,-0.009345298632979393,14745.671
0.6902782917022705,0.5003881454467773,9.527874946594238,21.630859375,-56.398746490478516,-12.682741165161133,0.08315720409154892,-0.03617744520306587,-0.009345298632979393,14745.692
0.6902782917022705,0.5003881454467773,9.527874946594238,21.630859375,-56.398746490478516,-12.682741165161133,-0.03615241125226021,0.0394563302397728,-0.10521909594535828,14745.737
0.3131915032863617,0.6847416758537292,10.073753356933594,21.630859375,-56.398746490478516,-12.682741165161133,-0.03615241125226021,0.0394563302397728,-0.10521909594535828,14745.744
0.3131915032863617,0.6847416758537292,10.073753356933594,21.561925888061523,-56.29098892211914,-12.709243774414063,-0.03615241125226021,0.0394563302397728,-0.10521909594535828,14745.763
0.3131915032863617,0.6847416758537292,10.073753356933594,21.561925888061523,-56.29098892211914,-12.709243774414063,0.05013400688767433,-0.013806892558932304,-0.06580431014299393,14745.807
0.44606971740722656,0.6488286852836609,9.721805572509766,21.561925888061523,-56.29098892211914,-12.709243774414063,0.05013400688767433,-0.013806892558932304,-0.06580431014299393,14745.812
0.44606971740722656,0.6488286852836609,9.721805572509766,21.536014556884766,-56.266178131103516,-12.696148872375488,0.05013400688767433,-0.013806892558932304,-0.06580431014299393,14745.846
0.44606971740722656,0.6488286852836609,9.721805572509766,21.536014556884766,-56.266178131103516,-12.696148872375488,0.05759085714817047,-0.02232900820672512,-8.231831016018987E-4,14745.884
0.6064811944961548,0.8535329103469849,9.860669136047363,21.536014556884766,-56.266178131103516,-12.696148872375488,0.05759085714817047,-0.02232900820672512,-8.231831016018987E-4,14745.887
0.6064811944961548,0.8535329103469849,9.860669136047363,21.56052589416504,-56.33538818359375,-12.63374137878418,0.05759085714817047,-0.02232900820672512,-8.231831016018987E-4,14745.922
0.6064811944961548,0.8535329103469849,9.860669136047363,21.56052589416504,-56.33538818359375,-12.63374137878418,0.0020759340841323137,0.003287672298029065,0.04926155507564545,14745.95
0.678307294845581,0.5482721924781799,9.800814628601074,21.56052589416504,-56.33538818359375,-12.63374137878418,0.0020759340841323137,0.003287672298029065,0.04926155507564545,14745.953
0.678307294845581,0.5482721924781799,9.800814628601074,21.629005432128906,-56.419288635253906,-12.543642044067383,0.0020759340841323137,0.003287672298029065,0.04926155507564545,14746.003
0.678307294845581,0.5482721924781799,9.800814628601074,21.629005432128906,-56.419288635253906,-12.543642044067383,-0.0724925771355629,0.095965676009655,-0.029568012803792953,14746.033
0.39220017194747925,0.7852981686592102,9.60448932647705,21.629005432128906,-56.419288635253906,-12.543642044067383,-0.0724925771355629,0.095965676009655,-0.029568012803792953,14746.035
0.39220017194747925,0.7852981686592102,9.60448932647705,21.72142791748047,-56.452369689941406,-12.482895851135254,-0.0724925771355629,0.095965676009655,-0.029568012803792953,14746.083
0.39220017194747925,0.7852981686592102,9.60448932647705,21.72142791748047,-56.452369689941406,-12.482895851135254,-0.10231997817754745,0.10874885320663452,-0.026372218504548073,14746.092
0.4556465148925781,0.6153098344802856,9.68349838256836,21.72142791748047,-56.452369689941406,-12.482895851135254,-0.10231997817754745,0.10874885320663452,-0.026372218504548073,14746.095
0.4556465148925781,0.6153098344802856,9.68349838256836,21.72142791748047,-56.452369689941406,-12.482895851135254,-0.14066949486732483,0.09703094512224197,-0.08602702617645264,14746.161
0.26889878511428833,0.2753331959247589,9.93010139465332,21.72142791748047,-56.452369689941406,-12.482895851135254,-0.14066949486732483,0.09703094512224197,-0.08602702617645264,14746.163
0.26889878511428833,0.2753331959247589,9.93010139465332,21.81523323059082,-56.454627990722656,-12.522425651550293,-0.14066949486732483,0.09703094512224197,-0.08602702617645264,14746.164
0.26889878511428833,0.2753331959247589,9.93010139465332,21.81523323059082,-56.454627990722656,-12.522425651550293,-0.07142730802297592,0.0309845469892025,-0.13076813519001007,14746.233
-0.1776198446750641,0.4991910457611084,10.004321098327637,21.81523323059082,-56.454627990722656,-12.522425651550293,-0.07142730802297592,0.0309845469892025,-0.13076813519001007,14746.238
-0.1776198446750641,0.4991910457611084,10.004321098327637,21.891130447387695,-56.47471618652344,-12.66800308227539,-0.07142730802297592,0.0309845469892025,-0.13076813519001007,14746.246
-0.1776198446750641,0.4991910457611084,10.004321098327637,21.891130447387695,-56.47471618652344,-12.66800308227539,0.0809055045247078,-0.08193348348140717,0.12383006513118744,14746.304
0.367061048746109,0.606930136680603,10.157550811767578,21.891130447387695,-56.47471618652344,-12.66800308227539,0.0809055045247078,-0.08193348348140717,0.12383006513118744,14746.31
0.367061048746109,0.606930136680603,10.157550811767578,21.959945678710938,-56.51582717895508,-12.85190486907959,0.0809055045247078,-0.08193348348140717,0.12383006513118744,14746.33
0.367061048746109,0.606930136680603,10.157550811767578,21.959945678710938,-56.51582717895508,-12.85190486907959,0.20873723924160004,-0.11921773850917816,0.23887862265110016,14746.375
0.43529579043388367,0.4596867263317108,9.667936325073242,21.959945678710938,-56.51582717895508,-12.85190486907959,0.20873723924160004,-0.11921773850917816,0.23887862265110016,14746.381
0.43529579043388367,0.4596867263317108,9.667936325073242,22.02825355529785,-56.55059814453125,-13.001211166381836,0.20873723924160004,-0.11921773850917816,0.23887862265110016,14746.403
0.43529579043388367,0.4596867263317108,9.667936325073242,22.02825355529785,-56.55059814453125,-13.001211166381836,0.1267118752002716,-0.09045559912919998,0.16111432015895844,14746.445
0.5143044590950012,0.5566518902778625,9.740959167480469,22.02825355529785,-56.55059814453125,-13.001211166381836,0.1267118752002716,-0.09045559912919998,0.16111432015895844,14746.446
0.5143044590950012,0.5566518902778625,9.740959167480469,22.041555404663086,-56.55070877075195,-13.038454055786133,0.1267118752002716,-0.09045559912919998,0.16111432015895844,14746.482
0.5143044590950012,0.5566518902778625,9.740959167480469,22.041555404663086,-56.55070877075195,-13.038454055786133,0.05525766313076019,-0.02863643877208233,0.07057856023311615,14746.517
0.35987845063209534,0.7003039717674255,9.525481224060059,22.041555404663086,-56.55070877075195,-13.038454055786133,0.05525766313076019,-0.02863643877208233,0.07057856023311615,14746.519
0.35987845063209534,0.7003039717674255,9.525481224060059,21.943477630615234,-56.51775360107422,-12.924077987670898,0.05525766313076019,-0.02863643877208233,0.07057856023311615,14746.563
0.35987845063209534,0.7003039717674255,9.525481224060059,21.943477630615234,-56.51775360107422,-12.924077987670898,0.0019944412633776665,0.011843609623610973,0.06631750613451004,14746.595
0.5238812565803528,0.8020575642585754,10.060585021972656,21.943477630615234,-56.51775360107422,-12.924077987670898,0.0019944412633776665,0.011843609623610973,0.06631750613451004,14746.598
0.5238812565803528,0.8020575642585754,10.060585021972656,21.76213264465332,-56.47553253173828,-12.71044635772705,0.0019944412633776665,0.011843609623610973,0.06631750613451004,14746.644
0.5238812565803528,0.8020575642585754,10.060585021972656,21.76213264465332,-56.47553253173828,-12.71044635772705,0.09360717982053757,-0.005200620740652084,0.09081858396530151,14746.658
0.42691609263420105,0.7769184708595276,9.845107078552246,21.76213264465332,-56.47553253173828,-12.71044635772705,0.09360717982053757,-0.005200620740652084,0.09081858396530151,14746.661
0.42691609263420105,0.7769184708595276,9.845107078552246,21.568674087524414,-56.42900085449219,-12.499945640563965,0.09360717982053757,-0.005200620740652084,0.09081858396530151,14746.724
0.42691609263420105,0.7769184708595276,9.845107078552246,21.568674087524414,-56.42900085449219,-12.499945640563965,0.08828085660934448,1.257012045243755E-4,0.07164382934570313,14746.7295
0.5705682039260864,0.7984662652015686,9.696666717529297,21.568674087524414,-56.42900085449219,-12.499945640563965,0.08828085660934448,1.257012045243755E-4,0.07164382934570313,14746.733
0.5705682039260864,0.7984662652015686,9.696666717529297,21.568674087524414,-56.42900085449219,-12.499945640563965,0.043539755046367645,0.022496255114674568,0.021576398983597755,14746.801
0.4472668170928955,0.9217676520347595,9.734973907470703,21.568674087524414,-56.42900085449219,-12.499945640563965,0.043539755046367645,0.022496255114674568,0.021576398983597755,14746.806
0.4472668170928955,0.9217676520347595,9.734973907470703,21.407726287841797,-56.397865295410156,-12.332613945007324,0.043539755046367645,0.022496255114674568,0.021576398983597755,14746.81
0.4472668170928955,0.9217676520347595,9.734973907470703,21.407726287841797,-56.397865295410156,-12.332613945007324,-0.010788732208311558,0.029953105375170708,0.01305428333580494,14746.871
0.7166144847869873,0.6416460275650024,9.687089920043945,21.407726287841797,-56.397865295410156,-12.332613945007324,-0.010788732208311558,0.029953105375170708,0.01305428333580494,14746.875
0.7166144847869873,0.6416460275650024,9.687089920043945,21.285913467407227,-56.39674758911133,-12.202527046203613,-0.010788732208311558,0.029953105375170708,0.01305428333580494,14746.895
0.7166144847869873,0.6416460275650024,9.687089920043945,21.285913467407227,-56.39674758911133,-12.202527046203613,-0.016115054488182068,0.06084577366709709,-0.09666795283555984,14746.942
0.7058405876159668,0.768538773059845,9.790040016174316,21.285913467407227,-56.39674758911133,-12.202527046203613,-0.016115054488182068,0.06084577366709709,-0.09666795283555984,14746.947
0.7058405876159668,0.768538773059845,9.790040016174316,21.19866180419922,-56.39368438720703,-12.140725135803223,-0.016115054488182068,0.06084577366709709,-0.09666795283555984,14746.975
0.7058405876159668,0.768538773059845,9.790040016174316,21.19866180419922,-56.39368438720703,-12.140725135803223,0.028626052662730217,0.06297630071640015,-0.18082384765148163,14747.013
0.10968436300754547,1.0881646871566772,9.669133186340332,21.19866180419922,-56.39368438720703,-12.140725135803223,0.028626052662730217,0.06297630071640015,-0.18082384765148163,14747.015
0.10968436300754547,1.0881646871566772,9.669133186340332,21.16168212890625,-56.39855194091797,-12.148510932922363,0.028626052662730217,0.06297630071640015,-0.18082384765148163,14747.042
0.10968436300754547,1.0881646871566772,9.669133186340332,21.16168212890625,-56.39855194091797,-12.148510932922363,-0.014037256129086018,-0.004113784991204739,-0.042332012206315994,14747.084
0.18749591708183289,0.8403648138046265,9.755324363708496,21.16168212890625,-56.39855194091797,-12.148510932922363,-0.014037256129086018,-0.004113784991204739,-0.042332012206315994,14747.087
0.18749591708183289,0.8403648138046265,9.755324363708496,21.172531127929688,-56.43098449707031,-12.179743766784668,-0.014037256129086018,-0.004113784991204739,-0.042332012206315994,14747.122
0.18749591708183289,0.8403648138046265,9.755324363708496,21.172531127929688,-56.43098449707031,-12.179743766784668,-0.04066886752843857,0.04914943501353264,-0.010374077595770359,14747.155
0.3275567293167114,0.9014169573783875,10.05579662322998,21.172531127929688,-56.43098449707031,-12.179743766784668,-0.04066886752843857,0.04914943501353264,-0.010374077595770359,14747.158
0.3275567293167114,0.9014169573783875,10.05579662322998,21.21232032775879,-56.44540786743164,-12.215991020202637,-0.04066886752843857,0.04914943501353264,-0.010374077595770359,14747.202
0.3275567293167114,0.9014169573783875,10.05579662322998,21.21232032775879,-56.44540786743164,-12.215991020202637,0.0030069751664996147,0.0651284009218216,-0.02635304443538189,14747.232
0.23537994921207428,0.5422866940498352,9.828347206115723,21.21232032775879,-56.44540786743164,-12.215991020202637,0.0030069751664996147,0.0651284009218216,-0.02635304443538189,14747.234
0.23537994921207428,0.5422866940498352,9.828347206115723,21.282798767089844,-56.44014358520508,-12.255705833435059,0.0030069751664996147,0.0651284009218216,-0.02635304443538189,14747.283
0.23537994921207428,0.5422866940498352,9.828347206115723,21.282798767089844,-56.44014358520508,-12.255705833435059,-0.04706045240163803,0.015060975216329098,-0.019961457699537277,14747.313
0.558597207069397,0.812831461429596,9.948058128356934,21.282798767089844,-56.44014358520508,-12.255705833435059,-0.04706045240163803,0.015060975216329098,-0.019961457699537277,14747.315
0.558597207069397,0.812831461429596,9.948058128356934,21.378726959228516,-56.46773910522461,-12.280966758728027,-0.04706045240163803,0.015060975216329098,-0.019961457699537277,14747.361
0.558597207069397,0.812831461429596,9.948058128356934,21.378726959228516,-56.46773910522461,-12.280966758728027,0.0030069751664996147,-0.025419073179364204,-0.06257203221321106,14747.367
0.4065653681755066,0.8427590131759644,9.462035179138184,21.378726959228516,-56.46773910522461,-12.280966758728027,0.0030069751664996147,-0.025419073179364204,-0.06257203221321106,14747.368
0.4065653681755066,0.8427590131759644,9.462035179138184,21.378726959228516,-56.46773910522461,-12.280966758728027,-0.038538336753845215,-0.039267510175704956,-0.09133417159318924,14747.439
0.519092857837677,0.7661445140838623,9.796026229858398,21.378726959228516,-56.46773910522461,-12.280966758728027,-0.038538336753845215,-0.039267510175704956,-0.09133417159318924,14747.445
0.519092857837677,0.7661445140838623,9.796026229858398,21.500808715820313,-56.538578033447266,-12.302572250366211,-0.038538336753845215,-0.039267510175704956,-0.09133417159318924,14747.448
0.519092857837677,0.7661445140838623,9.796026229858398,21.500808715820313,-56.538578033447266,-12.302572250366211,0.004072239622473717,-9.179916232824326E-4,-0.15205425024032593,14747.509
0.1288379728794098,0.9373299479484558,9.833135604858398,21.500808715820313,-56.538578033447266,-12.302572250366211,0.004072239622473717,-9.179916232824326E-4,-0.15205425024032593,14747.514
0.1288379728794098,0.9373299479484558,9.833135604858398,21.652454376220703,-56.640769958496094,-12.34289836883545,0.004072239622473717,-9.179916232824326E-4,-0.15205425024032593,14747.53
0.1288379728794098,0.9373299479484558,9.833135604858398,21.652454376220703,-56.640769958496094,-12.34289836883545,0.009398561902344227,-0.0019832560792565346,-0.08920364826917648,14747.58
0.14679449796676636,0.8403648138046265,9.960028648376465,21.652454376220703,-56.640769958496094,-12.34289836883545,0.009398561902344227,-0.0019832560792565346,-0.08920364826917648,14747.581
0.14679449796676636,0.8403648138046265,9.960028648376465,21.821191787719727,-56.778961181640625,-12.384183883666992,0.009398561902344227,-0.0019832560792565346,-0.08920364826917648,14747.609
0.14679449796676636,0.8403648138046265,9.960028648376465,21.821191787719727,-56.778961181640625,-12.384183883666992,-0.024745026603341103,-0.07226753979921341,-0.003974501509219408,14747.653
0.32276833057403564,0.6200982332229614,9.9540433883667,21.821191787719727,-56.778961181640625,-12.384183883666992,-0.024745026603341103,-0.07226753979921341,-0.003974501509219408,14747.658
0.32276833057403564,0.6200982332229614,9.9540433883667,21.989431381225586,-56.9234733581543,-12.409503936767578,-0.024745026603341103,-0.07226753979921341,-0.003974501509219408,14747.683
0.32276833057403564,0.6200982332229614,9.9540433883667,21.989431381225586,-56.9234733581543,-12.409503936767578,-0.011961854062974453,-0.08931177109479904,-0.01888820342719555,14747.723
0.40297406911849976,0.5566518902778625,10.082133293151855,21.989431381225586,-56.9234733581543,-12.409503936767578,-0.011961854062974453,-0.08931177109479904,-0.01888820342719555,14747.7295
0.40297406911849976,0.5566518902778625,10.082133293151855,22.124128341674805,-57.01765060424805,-12.422188758850098,-0.011961854062974453,-0.08931177109479904,-0.01888820342719555,14747.764
0.40297406911849976,0.5566518902778625,10.082133293151855,22.124128341674805,-57.01765060424805,-12.422188758850098,0.055149804800748825,-0.06054963171482086,-0.10623988509178162,14747.793
0.5226841568946838,0.5291185975074768,9.957634925842285,22.124128341674805,-57.01765060424805,-12.422188758850098,0.055149804800748825,-0.06054963171482086,-0.10623988509178162,14747.796
0.5226841568946838,0.5291185975074768,9.957634925842285,22.19964599609375,-57.060909271240234,-12.4263277053833,0.055149804800748825,-0.06054963171482086,-0.10623988509178162,14747.842
0.5226841568946838,0.5291185975074768,9.957634925842285,22.19964599609375,-57.060909271240234,-12.4263277053833,0.01786554977297783,-0.08718124032020569,-0.2138315886259079,14747.868
0.4604349136352539,1.015141487121582,9.253739356994629,22.19964599609375,-57.060909271240234,-12.4263277053833,0.01786554977297783,-0.08718124032020569,-0.2138315886259079,14747.87
0.4604349136352539,1.015141487121582,9.253739356994629,22.240198135375977,-57.09602737426758,-12.38432502746582,0.01786554977297783,-0.08718124032020569,-0.2138315886259079,14747.923
0.4604349136352539,1.015141487121582,9.253739356994629,22.240198135375977,-57.09602737426758,-12.38432502746582,-0.23779791593551636,-0.024330640211701393,-0.21170106530189514,14747.945
0.8770260214805603,4.1647138595581055,8.77729320526123,22.240198135375977,-57.09602737426758,-12.38432502746582,-0.23779791593551636,-0.024330640211701393,-0.21170106530189514,14747.952
0.8770260214805603,4.1647138595581055,8.77729320526123,22.305511474609375,-57.136802673339844,-12.28736400604248,-0.23779791593551636,-0.024330640211701393,-0.21170106530189514,14748.003
0.8770260214805603,4.1647138595581055,8.77729320526123,22.305511474609375,-57.136802673339844,-12.28736400604248,-0.6596426367759705,-0.0019600866362452507,0.22292682528495789,14748.008
1.862239956855774,11.51850414276123,8.721029281616211,22.305511474609375,-57.136802673339844,-12.28736400604248,-0.6596426367759705,-0.0019600866362452507,0.22292682528495789,14748.011
1.862239956855774,11.51850414276123,8.721029281616211,22.305511474609375,-57.136802673339844,-12.28736400604248,-1.3499339818954468,-0.3151478171348572,1.3872607946395874,14748.078
1.0960954427719116,14.774619102478027,15.988628387451172,22.305511474609375,-57.136802673339844,-12.28736400604248,-1.3499339818954468,-0.3151478171348572,1.3872607946395874,14748.085
1.0960954427719116,14.774619102478027,15.988628387451172,22.37796974182129,-57.08147430419922,-12.290569305419922,-1.3499339818954468,-0.3151478171348572,1.3872607946395874,14748.089
1.0960954427719116,14.774619102478027,15.988628387451172,22.37796974182129,-57.08147430419922,-12.290569305419922,0.0029518476221710443,-1.3580416440963745,2.2586472034454346,14748.148
-5.136011600494385,-4.802768707275391,11.747300148010254,22.37796974182129,-57.08147430419922,-12.290569305419922,0.0029518476221710443,-1.3580416440963745,2.2586472034454346,14748.154
-5.136011600494385,-4.802768707275391,11.747300148010254,22.208555221557617,-56.537574768066406,-12.51418399810791,0.0029518476221710443,-1.3580416440963745,2.2586472034454346,14748.176
-5.136011600494385,-4.802768707275391,11.747300148010254,22.208555221557617,-56.537574768066406,-12.51418399810791,1.2418307065963745,0.12055490911006927,1.5758157968521118,14748.22
-1.6943466663360596,-8.863334655761719,13.989470481872559,22.208555221557617,-56.537574768066406,-12.51418399810791,1.2418307065963745,0.12055490911006927,1.5758157968521118,14748.226
-1.6943466663360596,-8.863334655761719,13.989470481872559,21.536521911621094,-55.10920333862305,-12.765806198120117,1.2418307065963745,0.12055490911006927,1.5758157968521118,14748.242
-1.6943466663360596,-8.863334655761719,13.989470481872559,21.536521911621094,-55.10920333862305,-12.765806198120117,2.03119158744812,0.25158244371414185,0.16753627359867096,14748.288
-2.527528762817383,-8.752004623413086,6.882282257080078,21.536521911621094,-55.10920333862305,-12.765806198120117,2.03119158744812,0.25158244371414185,0.16753627359867096,14748.292
-2.527528762817383,-8.752004623413086,6.882282257080078,20.58427619934082,-53.17827606201172,-12.725310325622559,2.03119158744812,0.25158244371414185,0.16753627359867096,14748.322
-2.527528762817383,-8.752004623413086,6.882282257080078,20.58427619934082,-53.17827606201172,-12.725310325622559,0.36937910318374634,0.01828952506184578,0.02479083463549614,14748.362
1.8347066640853882,-4.338293552398682,8.49477767944336,20.58427619934082,-53.17827606201172,-12.725310325622559,0.36937910318374634,0.01828952506184578,0.02479083463549614,14748.367
1.8347066640853882,-4.338293552398682,8.49477767944336,19.876407623291016,-51.60401916503906,-12.297636032104492,0.36937910318374634,0.01828952506184578,0.02479083463549614,14748.403
1.8347066640853882,-4.338293552398682,8.49477767944336,19.876407623291016,-51.60401916503906,-12.297636032104492,-0.14301307499408722,0.14079493284225464,-0.382140189409256,14748.432
1.7868226766586304,-1.2473790645599365,9.101707458496094,19.876407623291016,-51.60401916503906,-12.297636032104492,-0.14301307499408722,0.14079493284225464,-0.382140189409256,14748.434
1.7868226766586304,-1.2473790645599365,9.101707458496094,19.681062698364258,-50.75093460083008,-11.637744903564453,-0.14301307499408722,0.14079493284225464,-0.382140189409256,14748.483
1.7868226766586304,-1.2473790645599365,9.101707458496094,19.681062698364258,-50.75093460083008,-11.637744903564453,-0.15153519809246063,0.08007486164569855,-0.42581602931022644,14748.512
1.4252982139587402,0.669179379940033,9.203460693359375,19.681062698364258,-50.75093460083008,-11.637744903564453,-0.15153519809246063,0.08007486164569855,-0.42581602931022644,14748.514
1.4252982139587402,0.669179379940033,9.203460693359375,19.91762924194336,-50.46889114379883,-11.014077186584473,-0.15153519809246063,0.08007486164569855,-0.42581602931022644,14748.564
1.4252982139587402,0.669179379940033,9.203460693359375,19.91762924194336,-50.46889114379883,-11.014077186584473,-0.04500875249505043,0.3048456609249115,-0.5621698498725891,14748.572
0.40776246786117554,1.434126853942871,9.361477851867676,19.91762924194336,-50.46889114379883,-11.014077186584473,-0.04500875249505043,0.3048456609249115,-0.5621698498725891,14748.577
0.40776246786117554,1.434126853942871,9.361477851867676,19.91762924194336,-50.46889114379883,-11.014077186584473,-0.1675141602754593,0.0779443308711052,-0.6154330968856812,14748.646
-0.5187935829162598,1.2880805730819702,9.150788307189941,19.91762924194336,-50.46889114379883,-11.014077186584473,-0.1675141602754593,0.0779443308711052,-0.6154330968856812,14748.651
-0.5187935829162598,1.2880805730819702,9.150788307189941,20.420862197875977,-50.51539993286133,-10.630144119262695,-0.1675141602754593,0.0779443308711052,-0.6154330968856812,14748.654
-0.5187935829162598,1.2880805730819702,9.150788307189941,20.420862197875977,-50.51539993286133,-10.630144119262695,-0.3294343650341034,-0.005146292503923178,-0.382140189409256,14748.717
0.09053075313568115,1.4245500564575195,10.663924217224121,20.420862197875977,-50.51539993286133,-10.630144119262695,-0.3294343650341034,-0.005146292503923178,-0.382140189409256,14748.725
0.09053075313568115,1.4245500564575195,10.663924217224121,21.09204864501953,-50.767356872558594,-10.527435302734375,-0.3294343650341034,-0.005146292503923178,-0.382140189409256,14748.73
0.09053075313568115,1.4245500564575195,10.663924217224121,21.09204864501953,-50.767356872558594,-10.527435302734375,0.013559751212596893,0.17915324866771698,-0.37574538588523865,14748.79
-0.48886606097221375,1.037886381149292,10.071358680725098,21.09204864501953,-50.767356872558594,-10.527435302734375,0.013559751212596893,0.17915324866771698,-0.37574538588523865,14748.796
-0.48886606097221375,1.037886381149292,10.071358680725098,21.81779670715332,-51.18301773071289,-10.645352363586426,0.013559751212596893,0.17915324866771698,-0.37574538588523865,14748.804
-0.48886606097221375,1.037886381149292,10.071358680725098,21.81779670715332,-51.18301773071289,-10.645352363586426,0.06682297587394714,0.0854099690914154,-0.19038937985897064,14748.858
0.08933365345001221,0.9097966551780701,9.895384788513184,21.81779670715332,-51.18301773071289,-10.645352363586426,0.06682297587394714,0.0854099690914154,-0.19038937985897064,14748.864
0.08933365345001221,0.9097966551780701,9.895384788513184,22.49192237854004,-51.668819427490234,-10.870038986206055,0.06682297587394714,0.0854099690914154,-0.19038937985897064,14748.889
0.08933365345001221,0.9097966551780701,9.895384788513184,22.49192237854004,-51.668819427490234,-10.870038986206055,0.08173667639493942,0.021494107320904732,-0.18612833321094513,14748.927
-0.07347206771373749,0.9648633003234863,9.829545021057129,22.49192237854004,-51.668819427490234,-10.870038986206055,0.08173667639493942,0.021494107320904732,-0.18612833321094513,14748.93
-0.07347206771373749,0.9648633003234863,9.829545021057129,23.09041976928711,-52.100189208984375,-11.08474349975586,0.08173667639493942,0.021494107320904732,-0.18612833321094513,14748.963
-0.07347206771373749,0.9648633003234863,9.829545021057129,23.09041976928711,-52.100189208984375,-11.08474349975586,-0.023724503815174103,-0.040291231125593185,-0.08492820709943771,14748.997
0.2928408086299896,0.9481038451194763,9.98636531829834,23.09041976928711,-52.100189208984375,-11.08474349975586,-0.023724503815174103,-0.040291231125593185,-0.08492820709943771,14748.999
0.2928408086299896,0.9481038451194763,9.98636531829834,23.616798400878906,-52.420169830322266,-11.219186782836914,-0.023724503815174103,-0.040291231125593185,-0.08492820709943771,14749.042
0.2928408086299896,0.9481038451194763,9.98636531829834,23.616798400878906,-52.420169830322266,-11.219186782836914,-0.03650767728686333,-0.08822812885046005,-0.10942928493022919,14749.076
0.08813655376434326,1.0881646871566772,9.908553123474121,23.616798400878906,-52.420169830322266,-11.219186782836914,-0.03650767728686333,-0.08822812885046005,-0.10942928493022919,14749.081
0.08813655376434326,1.0881646871566772,9.908553123474121,24.029273986816406,-52.66484832763672,-11.272187232971191,-0.03650767728686333,-0.08822812885046005,-0.10942928493022919,14749.123
0.08813655376434326,1.0881646871566772,9.908553123474121,24.029273986816406,-52.66484832763672,-11.272187232971191,0.023147130385041237,0.0055151404812932014,-0.11475560814142227,14749.14
0.018704701215028763,0.9840168952941895,9.701455116271973,24.029273986816406,-52.66484832763672,-11.272187232971191,0.023147130385041237,0.0055151404812932014,-0.11475560814142227,14749.1455
0.018704701215028763,0.9840168952941895,9.701455116271973,24.322193145751953,-52.874610900878906,-11.292296409606934,0.023147130385041237,0.0055151404812932014,-0.11475560814142227,14749.204
0.018704701215028763,0.9840168952941895,9.701455116271973,24.322193145751953,-52.874610900878906,-11.292296409606934,-0.004549744538962841,-8.764463127590716E-4,-0.051905009895563126,14749.211
0.07137713581323624,0.9385270476341248,9.734973907470703,24.322193145751953,-52.874610900878906,-11.292296409606934,-0.004549744538962841,-8.764463127590716E-4,-0.051905009895563126,14749.215
0.07137713581323624,0.9385270476341248,9.734973907470703,24.322193145751953,-52.874610900878906,-11.292296409606934,-0.051421377807855606,-0.048813346773386,-0.02207760512828827,14749.292
0.18151041865348816,0.7182605266571045,9.779266357421875,24.322193145751953,-52.874610900878906,-11.292296409606934,-0.051421377807855606,-0.048813346773386,-0.02207760512828827,14749.294
0.18151041865348816,0.7182605266571045,9.779266357421875,24.508272171020508,-53.009674072265625,-11.317459106445313,-0.051421377807855606,-0.048813346773386,-0.02207760512828827,14749.296
0.18151041865348816,0.7182605266571045,9.779266357421875,24.508272171020508,-53.009674072265625,-11.317459106445313,-0.07487823814153671,-0.054130878299474716,-0.012487296015024185,14749.353
0.3910030722618103,1.0414776802062988,10.213813781738281,24.508272171020508,-53.009674072265625,-11.317459106445313,-0.07487823814153671,-0.054130878299474716,-0.012487296015024185,14749.3545
0.3910030722618103,1.0414776802062988,10.213813781738281,24.56525230407715,-53.049346923828125,-11.331806182861328,-0.07487823814153671,-0.054130878299474716,-0.012487296015024185,14749.381
0.3910030722618103,1.0414776802062988,10.213813781738281,24.56525230407715,-53.049346923828125,-11.331806182861328,0.018865033984184265,-0.03921717777848244,-0.03272731974720955,14749.425
0.34910452365875244,0.973242998123169,9.782857894897461,24.56525230407715,-53.049346923828125,-11.331806182861328,0.018865033984184265,-0.03921717777848244,-0.03272731974720955,14749.433
0.34910452365875244,0.973242998123169,9.782857894897461,24.5657901763916,-53.06859588623047,-11.321650505065918,0.018865033984184265,-0.03921717777848244,-0.03272731974720955,14749.443
0.34910452365875244,0.973242998123169,9.782857894897461,24.5657901763916,-53.06859588623047,-11.321650505065918,0.017799770459532738,-0.04773929342627525,-0.06361998617649078,14749.494
0.18629881739616394,0.8822633028030396,9.5578031539917,24.5657901763916,-53.06859588623047,-11.321650505065918,0.017799770459532738,-0.04773929342627525,-0.06361998617649078,14749.499
0.18629881739616394,0.8822633028030396,9.5578031539917,24.59699821472168,-53.11551284790039,-11.293556213378906,0.017799770459532738,-0.04773929342627525,-0.06361998617649078,14749.544
0.18629881739616394,0.8822633028030396,9.5578031539917,24.59699821472168,-53.11551284790039,-11.293556213378906,0.00714712543413043,-0.010455037467181683,-0.018878882750868797,14749.566
0.21024084091186523,0.8523358106613159,9.50393295288086,24.59699821472168,-53.11551284790039,-11.293556213378906,0.00714712543413043,-0.010455037467181683,-0.018878882750868797,14749.569
0.21024084091186523,0.8523358106613159,9.50393295288086,24.636680603027344,-53.18285369873047,-11.262454986572266,0.00714712543413043,-0.010455037467181683,-0.018878882750868797,14749.603
0.21024084091186523,0.8523358106613159,9.50393295288086,24.636680603027344,-53.18285369873047,-11.262454986572266,-0.03333292156457901,0.020437629893422127,0.02160116657614708,14749.636
0.4975450336933136,0.8906430602073669,9.884611129760742,24.636680603027344,-53.18285369873047,-11.262454986572266,-0.03333292156457901,0.020437629893422127,0.02160116657614708,14749.638
0.4975450336933136,0.8906430602073669,9.884611129760742,24.647809982299805,-53.246612548828125,-11.260818481445313,-0.03333292156457901,0.020437629893422127,0.02160116657614708,14749.684
0.4975450336933136,0.8906430602073669,9.884611129760742,24.647809982299805,-53.246612548828125,-11.260818481445313,0.002886067610234022,0.03641659766435623,-0.010356767103075981,14749.707
0.43529579043388367,0.8571242094039917,9.846303939819336,24.647809982299805,-53.246612548828125,-11.260818481445313,0.002886067610234022,0.03641659766435623,-0.010356767103075981,14749.712
0.43529579043388367,0.8571242094039917,9.846303939819336,24.64310073852539,-53.2795524597168,-11.30656909942627,0.002886067610234022,0.03641659766435623,-0.010356767103075981,14749.763
0.43529579043388367,0.8571242094039917,9.846303939819336,24.64310073852539,-53.2795524597168,-11.30656909942627,-0.004570783115923405,0.03428606688976288,-0.024205204099416733,14749.795
0.3107973039150238,0.8810662031173706,9.89897632598877,24.64310073852539,-53.2795524597168,-11.30656909942627,-0.004570783115923405,0.03428606688976288,-0.024205204099416733,14749.8
0.3107973039150238,0.8810662031173706,9.89897632598877,24.648252487182617,-53.29949951171875,-11.37414264678955,-0.004570783115923405,0.03428606688976288,-0.024205204099416733,14749.845
0.3107973039150238,0.8810662031173706,9.89897632598877,24.648252487182617,-53.29949951171875,-11.37414264678955,-3.097256412729621E-4,-0.007259244564920664,-0.01781361736357212,14749.853
0.306008905172348,0.872686505317688,9.603292465209961,24.648252487182617,-53.29949951171875,-11.37414264678955,-3.097256412729621E-4,-0.007259244564920664,-0.01781361736357212,14749.857
0.306008905172348,0.872686505317688,9.603292465209961,24.648252487182617,-53.29949951171875,-11.37414264678955,-0.02268826775252819,2.008023438975215E-4,-0.038052577525377274,14749.923
0.3000234067440033,0.8403648138046265,9.494356155395508,24.648252487182617,-53.29949951171875,-11.37414264678955,-0.02268826775252819,2.008023438975215E-4,-0.038052577525377274,14749.931
0.3000234067440033,0.8403648138046265,9.494356155395508,24.665342330932617,-53.31753921508789,-11.414019584655762,-0.02268826775252819,2.008023438975215E-4,-0.038052577525377274,14749.935
0.3000234067440033,0.8403648138046265,9.494356155395508,24.665342330932617,-53.31753921508789,-11.414019584655762,-0.0706251710653305,0.0023313311394304037,-0.02846519649028778,14749.993
0.3263596296310425,0.8080430626869202,9.813982009887695,24.665342330932617,-53.31753921508789,-11.414019584655762,-0.0706251710653305,0.0023313311394304037,-0.02846519649028778,14750.002
0.3263596296310425,0.8080430626869202,9.813982009887695,24.6929988861084,-53.31460189819336,-11.424525260925293,-0.0706251710653305,0.0023313311394304037,-0.02846519649028778,14750.005
0.3263596296310425,0.8080430626869202,9.813982009887695,24.6929988861084,-53.31460189819336,-11.424525260925293,-0.07382096350193024,-0.006190784275531769,-0.0369873121380806,14750.063
0.40776246786117554,0.7445967197418213,9.940875053405762,24.6929988861084,-53.31460189819336,-11.424525260925293,-0.07382096350193024,-0.006190784275531769,-0.0369873121380806,14750.071
0.40776246786117554,0.7445967197418213,9.940875053405762,24.753217697143555,-53.310482025146484,-11.418925285339355,-0.07382096350193024,-0.006190784275531769,-0.0369873121380806,14750.087
0.40776246786117554,0.7445967197418213,9.940875053405762,24.753217697143555,-53.310482025146484,-11.418925285339355,-0.053580936044454575,0.025767149403691292,-0.12433899194002151,14750.133
0.3622726500034332,0.7433996200561523,9.943269729614258,24.753217697143555,-53.310482025146484,-11.418925285339355,-0.053580936044454575,0.025767149403691292,-0.12433899194002151,14750.137
0.3622726500034332,0.7433996200561523,9.943269729614258,24.83356285095215,-53.314842224121094,-11.398493766784668,-0.053580936044454575,0.025767149403691292,-0.12433899194002151,14750.162
0.3622726500034332,0.7433996200561523,9.943269729614258,24.83356285095215,-53.314842224121094,-11.398493766784668,-0.053580936044454575,-0.012582371011376381,-0.1616232544183731,14750.204
0.3275567293167114,0.751779317855835,9.793631553649902,24.83356285095215,-53.314842224121094,-11.398493766784668,-0.053580936044454575,-0.012582371011376381,-0.1616232544183731,14750.212
0.3275567293167114,0.751779317855835,9.793631553649902,24.891117095947266,-53.33064651489258,-11.391519546508789,-0.053580936044454575,-0.012582371011376381,-0.1616232544183731,14750.242
0.3275567293167114,0.751779317855835,9.793631553649902,24.891117095947266,-53.33064651489258,-11.391519546508789,-0.013100888580083847,0.03641979396343231,-0.15629692375659943,14750.284
0.043843816965818405,0.790086567401886,9.796026229858398,24.891117095947266,-53.33064651489258,-11.391519546508789,-0.013100888580083847,0.03641979396343231,-0.15629692375659943,14750.286
0.043843816965818405,0.790086567401886,9.796026229858398,24.95939064025879,-53.36527633666992,-11.408849716186523,-0.013100888580083847,0.03641979396343231,-0.15629692375659943,14750.324
0.043843816965818405,0.790086567401886,9.796026229858398,24.95939064025879,-53.36527633666992,-11.408849716186523,0.032705482095479965,0.035354528576135635,-0.0923810601234436,14750.357
-0.21472996473312378,0.690727174282074,9.794828414916992,24.95939064025879,-53.36527633666992,-11.408849716186523,0.032705482095479965,0.035354528576135635,-0.0923810601234436,14750.362
-0.21472996473312378,0.690727174282074,9.794828414916992,25.08524513244629,-53.385555267333984,-11.442602157592773,0.032705482095479965,0.035354528576135635,-0.0923810601234436,14750.403
-0.21472996473312378,0.690727174282074,9.794828414916992,25.08524513244629,-53.385555267333984,-11.442602157592773,-0.017361946403980255,-0.12017408013343811,0.04929910600185394,14750.427
-0.08903437852859497,0.6715735793113708,9.786449432373047,25.08524513244629,-53.385555267333984,-11.442602157592773,-0.017361946403980255,-0.12017408013343811,0.04929910600185394,14750.429
-0.08903437852859497,0.6715735793113708,9.786449432373047,25.21368980407715,-53.38671112060547,-11.494013786315918,-0.017361946403980255,-0.12017408013343811,0.04929910600185394,14750.483
-0.08903437852859497,0.6715735793113708,9.786449432373047,25.21368980407715,-53.38671112060547,-11.494013786315918,-0.035476766526699066,-0.0967361330986023,0.1100199744105339,14750.488
0.3503016233444214,0.7984662652015686,9.782857894897461,25.21368980407715,-53.38671112060547,-11.494013786315918,-0.035476766526699066,-0.0967361330986023,0.1100199744105339,14750.491
0.3503016233444214,0.7984662652015686,9.782857894897461,25.21368980407715,-53.38671112060547,-11.494013786315918,0.06998441368341446,0.04174824431538582,0.06314834207296371,14750.56
0.3323451280593872,0.3734954595565796,9.166351318359375,25.21368980407715,-53.38671112060547,-11.494013786315918,0.06998441368341446,0.04174824431538582,0.06314834207296371,14750.568
0.3323451280593872,0.3734954595565796,9.166351318359375,25.25196075439453,-53.386756896972656,-11.535430908203125,0.06998441368341446,0.04174824431538582,0.06314834207296371,14750.572
0.3323451280593872,0.3734954595565796,9.166351318359375,25.25196075439453,-53.386756896972656,-11.535430908203125,-0.009910421445965767,-0.04879923164844513,0.07593151926994324,14750.63
0.5514145493507385,0.8092401623725891,11.145158767700195,25.25196075439453,-53.386756896972656,-11.535430908203125,-0.009910421445965767,-0.04879923164844513,0.07593151926994324,14750.638
0.5514145493507385,0.8092401623725891,11.145158767700195,25.198347091674805,-53.38626480102539,-11.547382354736328,-0.009910421445965767,-0.04879923164844513,0.07593151926994324,14750.644
0.5514145493507385,0.8092401623725891,11.145158767700195,25.198347091674805,-53.38626480102539,-11.547382354736328,0.09448549151420593,-0.19154466688632965,-0.02100754715502262,14750.699
0.1396118849515915,0.6021417379379272,9.633219718933105,25.198347091674805,-53.38626480102539,-11.547382354736328,0.09448549151420593,-0.19154466688632965,-0.02100754715502262,14750.707
0.1396118849515915,0.6021417379379272,9.633219718933105,25.10321807861328,-53.40211486816406,-11.526399612426758,0.09448549151420593,-0.19154466688632965,-0.02100754715502262,14750.726
0.1396118849515915,0.6021417379379272,9.633219718933105,25.10321807861328,-53.40211486816406,-11.526399612426758,0.13176974654197693,-0.0733003094792366,-0.10090237855911255,14750.772
0.40057986974716187,0.9229647517204285,9.75053596496582,25.10321807861328,-53.40211486816406,-11.526399612426758,0.13176974654197693,-0.0733003094792366,-0.10090237855911255,14750.78
0.40057986974716187,0.9229647517204285,9.75053596496582,24.965852737426758,-53.447364807128906,-11.452600479125977,0.13176974654197693,-0.0733003094792366,-0.10090237855911255,14750.803
0.40057986974716187,0.9229647517204285,9.75053596496582,24.965852737426758,-53.447364807128906,-11.452600479125977,0.2169909030199051,-0.35346487164497375,-0.13925190269947052,14750.842
0.5849334001541138,1.0307037830352783,8.513931274414063,24.965852737426758,-53.447364807128906,-11.452600479125977,0.2169909030199051,-0.35346487164497375,-0.13925190269947052,14750.844
0.5849334001541138,1.0307037830352783,8.513931274414063,24.786022186279297,-53.522457122802734,-11.310454368591309,0.2169909030199051,-0.35346487164497375,-0.13925190269947052,14750.883
0.5849334001541138,1.0307037830352783,8.513931274414063,24.786022186279297,-53.522457122802734,-11.310454368591309,-0.31457605957984924,-0.3012669086456299,-0.08279288560152054,14750.913
0.763301432132721,1.0019733905792236,10.922497749328613,24.786022186279297,-53.522457122802734,-11.310454368591309,-0.31457605957984924,-0.3012669086456299,-0.08279288560152054,14750.916
0.763301432132721,1.0019733905792236,10.922497749328613,24.580272674560547,-53.629913330078125,-11.097820281982422,-0.31457605957984924,-0.3012669086456299,-0.08279288560152054,14750.965
0.763301432132721,1.0019733905792236,10.922497749328613,24.580272674560547,-53.629913330078125,-11.097820281982422,-0.11111053824424744,0.057727210223674774,0.11641156673431396,14750.991
0.5645827054977417,1.2186486721038818,9.764901161193848,24.580272674560547,-53.629913330078125,-11.097820281982422,-0.11111053824424744,0.057727210223674774,0.11641156673431396,14750.994
0.5645827054977417,1.2186486721038818,9.764901161193848,24.378131866455078,-53.739810943603516,-10.860625267028809,-0.11111053824424744,0.057727210223674774,0.11641156673431396,14751.043
0.5645827054977417,1.2186486721038818,9.764901161193848,24.378131866455078,-53.739810943603516,-10.860625267028809,-0.05573783069849014,-0.06583467125892639,0.26129046082496643,14751.056
0.944063663482666,0.9133879542350769,9.882217407226563,24.378131866455078,-53.739810943603516,-10.860625267028809,-0.05573783069849014,-0.06583467125892639,0.26129046082496643,14751.058
0.944063663482666,0.9133879542350769,9.882217407226563,24.2094783782959,-53.79611587524414,-10.675149917602539,-0.05573783069849014,-0.06583467125892639,0.26129046082496643,14751.125
0.944063663482666,0.9133879542350769,9.882217407226563,24.2094783782959,-53.79611587524414,-10.675149917602539,-0.022714633494615555,0.04175703227519989,0.2346588522195816,14751.132
0.9811738133430481,0.5829881429672241,9.9324951171875,24.2094783782959,-53.79611587524414,-10.675149917602539,-0.022714633494615555,0.04175703227519989,0.2346588522195816,14751.137
0.9811738133430481,0.5829881429672241,9.9324951171875,24.2094783782959,-53.79611587524414,-10.675149917602539,0.10511709749698639,0.07051917165517807,0.2069619745016098,14751.197
1.428889513015747,0.3148375153541565,9.422530174255371,24.2094783782959,-53.79611587524414,-10.675149917602539,0.10511709749698639,0.07051917165517807,0.2069619745016098,14751.206
1.428889513015747,0.3148375153541565,9.422530174255371,24.048969268798828,-53.7579460144043,-10.584083557128906,0.10511709749698639,0.07051917165517807,0.2069619745016098,14751.21
1.428889513015747,0.3148375153541565,9.422530174255371,24.048969268798828,-53.7579460144043,-10.584083557128906,0.04013596847653389,0.08330234885215759,0.08871761709451675,14751.269
1.5210663080215454,0.24899697303771973,9.588927268981934,24.048969268798828,-53.7579460144043,-10.584083557128906,0.04013596847653389,0.08330234885215759,0.08871761709451675,14751.276
1.5210663080215454,0.24899697303771973,9.588927268981934,23.882884979248047,-53.632728576660156,-10.572629928588867,0.04013596847653389,0.08330234885215759,0.08871761709451675,14751.29
1.5210663080215454,0.24899697303771973,9.588927268981934,23.882884979248047,-53.632728576660156,-10.572629928588867,-0.07491259276866913,-0.01576724462211132,-0.044440433382987976,14751.338
1.2792519330978394,0.5171475410461426,9.610475540161133,23.882884979248047,-53.632728576660156,-10.572629928588867,-0.07491259276866913,-0.01576724462211132,-0.044440433382987976,14751.339
1.2792519330978394,0.5171475410461426,9.610475540161133,23.763511657714844,-53.46598434448242,-10.593218803405762,-0.07491259276866913,-0.01576724462211132,-0.044440433382987976,14751.364
1.2792519330978394,0.5171475410461426,9.610475540161133,23.763511657714844,-53.46598434448242,-10.593218803405762,-0.04934624582529068,0.08436761051416397,-0.11581315100193024,14751.411
0.8482955694198608,0.5877765417098999,9.547028541564941,23.763511657714844,-53.46598434448242,-10.593218803405762,-0.04934624582529068,0.08436761051416397,-0.11581315100193024,14751.418
0.8482955694198608,0.5877765417098999,9.547028541564941,23.723068237304688,-53.32065963745117,-10.608538627624512,-0.04934624582529068,0.08436761051416397,-0.11581315100193024,14751.442
0.8482955694198608,0.5877765417098999,9.547028541564941,23.723068237304688,-53.32065963745117,-10.608538627624512,-0.05254203826189041,0.11845607310533524,-0.11900894343852997,14751.483
0.6759130954742432,0.3902548849582672,10.106075286865234,23.723068237304688,-53.32065963745117,-10.608538627624512,-0.05254203826189041,0.11845607310533524,-0.11900894343852997,14751.485
0.6759130954742432,0.3902548849582672,10.106075286865234,23.744823455810547,-53.24733352661133,-10.634805679321289,-0.05254203826189041,0.11845607310533524,-0.11900894343852997,14751.524
0.6759130954742432,0.3902548849582672,10.106075286865234,23.744823455810547,-53.24733352661133,-10.634805679321289,-0.02484516240656376,0.009799101389944553,-0.12859632074832916,14751.552
0.43170449137687683,0.6332663297653198,10.045022964477539,23.744823455810547,-53.24733352661133,-10.634805679321289,-0.02484516240656376,0.009799101389944553,-0.12859632074832916,14751.555
0.43170449137687683,0.6332663297653198,10.045022964477539,23.816720962524414,-53.23114776611328,-10.718832969665527,-0.02484516240656376,0.009799101389944553,-0.12859632074832916,14751.604
0.43170449137687683,0.6332663297653198,10.045022964477539,23.816720962524414,-53.23114776611328,-10.718832969665527,0.04971562325954437,0.039629701524972916,-0.048700425773859024,14751.624
0.6340145468711853,0.6512228846549988,9.853487014770508,23.816720962524414,-53.23114776611328,-10.718832969665527,0.04971562325954437,0.039629701524972916,-0.048700425773859024,14751.626
0.6340145468711853,0.6512228846549988,9.853487014770508,23.931324005126953,-53.261959075927734,-10.830310821533203,0.04971562325954437,0.039629701524972916,-0.048700425773859024,14751.685
0.6340145468711853,0.6512228846549988,9.853487014770508,23.931324005126953,-53.261959075927734,-10.830310821533203,0.05397668108344078,0.04282549396157265,-0.05615727975964546,14751.694
0.4329015910625458,1.0522516965866089,9.576956748962402,23.931324005126953,-53.261959075927734,-10.830310821533203,0.05397668108344078,0.04282549396157265,-0.05615727975964546,14751.696
0.4329015910625458,1.0522516965866089,9.576956748962402,24.076627731323242,-53.36684799194336,-10.908084869384766,0.05397668108344078,0.04282549396157265,-0.05615727975964546,14751.763
0.4329015910625458,1.0522516965866089,9.576956748962402,24.076627731323242,-53.36684799194336,-10.908084869384766,0.04758509621024132,0.11526347696781158,0.00669332267716527,14751.765
0.5633856058120728,0.8020575642585754,9.672724723815918,24.076627731323242,-53.36684799194336,-10.908084869384766,0.04758509621024132,0.11526347696781158,0.00669332267716527,14751.767
0.5633856058120728,0.8020575642585754,9.672724723815918,24.076627731323242,-53.36684799194336,-10.908084869384766,-0.08024663478136063,-0.009372462518513203,-0.03165619820356369,14751.835
0.4125508666038513,0.750582218170166,9.955240249633789,24.076627731323242,-53.36684799194336,-10.908084869384766,-0.08024663478136063,-0.009372462518513203,-0.03165619820356369,14751.836
0.4125508666038513,0.750582218170166,9.955240249633789,24.224323272705078,-53.519344329833984,-10.94611930847168,-0.08024663478136063,-0.009372462518513203,-0.03165619820356369,14751.842
0.4125508666038513,0.750582218170166,9.955240249633789,24.224323272705078,-53.519344329833984,-10.94611930847168,-0.081311896443367,-0.03600407391786575,-0.007155114784836769,14751.906
0.5430348515510559,0.5614402890205383,10.009109497070313,24.224323272705078,-53.519344329833984,-10.94611930847168,-0.081311896443367,-0.03600407391786575,-0.007155114784836769,14751.908
0.5430348515510559,0.5614402890205383,10.009109497070313,24.352174758911133,-53.63139343261719,-10.957646369934082,-0.081311896443367,-0.03600407391786575,-0.007155114784836769,14751.923
