0.15607202053070068,-0.029628245159983635,9.794380187988281,32.664730072021484,19.76902198791504,-16.458860397338867,-0.007266701199114323,-2.580603177193552E-4,-0.0694563090801239
0.15607202053070068,-0.029628245159983635,9.794380187988281,32.69898223876953,19.47029685974121,-16.58502197265625,-0.007266701199114323,-2.580603177193552E-4,-0.0694563090801239
0.15607202053070068,-0.029628245159983635,9.794380187988281,32.69898223876953,19.47029685974121,-16.58502197265625,-0.0019403791520744562,-2.580603177193552E-4,-0.00660570478066802
0.1536778211593628,-0.02364274114370346,9.794380187988281,32.69898223876953,19.47029685974121,-16.58502197265625,-0.0019403791520744562,-2.580603177193552E-4,-0.00660570478066802
0.1536778211593628,-0.02364274114370346,9.794380187988281,32.709556579589844,19.2457275390625,-16.647993087768555,-0.0019403791520744562,-2.580603177193552E-4,-0.00660570478066802
0.1536778211593628,-0.02364274114370346,9.794380187988281,32.709556579589844,19.2457275390625,-16.647993087768555,-8.751147543080151E-4,-2.580603177193552E-4,-0.001279382617212832
0.16564883291721344,-0.01885433867573738,9.789591789245605,32.709556579589844,19.2457275390625,-16.647993087768555,-8.751147543080151E-4,-2.580603177193552E-4,-0.001279382617212832
0.16564883291721344,-0.01885433867573738,9.789591789245605,32.709556579589844,19.2457275390625,-16.647993087768555,-8.751147543080151E-4,-2.580603177193552E-4,0.0029816750902682543
0.14769232273101807,-0.02124853990972042,9.800365447998047,32.709556579589844,19.2457275390625,-16.647993087768555,-8.751147543080151E-4,-2.580603177193552E-4,0.0029816750902682543
0.14769232273101807,-0.02124853990972042,9.800365447998047,32.698490142822266,19.117528915405273,-16.660070419311523,-8.751147543080151E-4,-2.580603177193552E-4,0.0029816750902682543
0.14769232273101807,-0.02124853990972042,9.800365447998047,32.698490142822266,19.117528915405273,-16.660070419311523,-8.751147543080151E-4,-2.580603177193552E-4,-0.001279382617212832
0.15248072147369385,-0.02124853990972042,9.794380187988281,32.698490142822266,19.117528915405273,-16.660070419311523,-8.751147543080151E-4,-2.580603177193552E-4,-0.001279382617212832
0.15248072147369385,-0.02124853990972042,9.794380187988281,32.728755950927734,19.151456832885742,-16.604211807250977,-8.751147543080151E-4,-2.580603177193552E-4,-0.001279382617212832
0.15248072147369385,-0.02124853990972042,9.794380187988281,32.728755950927734,19.151456832885742,-16.604211807250977,-8.751147543080151E-4,-2.580603177193552E-4,-0.002344646956771612
0.15248072147369385,-0.01885433867573738,9.796773910522461,32.728755950927734,19.151456832885742,-16.604211807250977,-8.751147543080151E-4,-2.580603177193552E-4,-0.002344646956771612
0.15248072147369385,-0.01885433867573738,9.796773910522461,32.822265625,19.289091110229492,-16.4857234954834,-8.751147543080151E-4,-2.580603177193552E-4,-0.002344646956771612
0.15248072147369385,-0.01885433867573738,9.796773910522461,32.822265625,19.289091110229492,-16.4857234954834,-8.751147543080151E-4,-2.580603177193552E-4,8.511462947353721E-4
0.148889422416687,-0.011671733111143112,9.793182373046875,32.822265625,19.289091110229492,-16.4857234954834,-8.751147543080151E-4,-2.580603177193552E-4,8.511462947353721E-4
0.148889422416687,-0.011671733111143112,9.793182373046875,32.92746353149414,19.39952278137207,-16.369029998779297,-8.751147543080151E-4,-2.580603177193552E-4,8.511462947353721E-4
0.148889422416687,-0.011671733111143112,9.793182373046875,32.92746353149414,19.39952278137207,-16.369029998779297,1.901497016660869E-4,-0.0013233247445896268,-0.002344646956771612
0.14769232273101807,-0.014065935276448727,9.800365447998047,32.92746353149414,19.39952278137207,-16.369029998779297,1.901497016660869E-4,-0.0013233247445896268,-0.002344646956771612
0.14769232273101807,-0.014065935276448727,9.800365447998047,32.97618103027344,19.433860778808594,-16.325780868530273,1.901497016660869E-4,-0.0013233247445896268,-0.002344646956771612
0.14769232273101807,-0.014065935276448727,9.800365447998047,32.97618103027344,19.433860778808594,-16.325780868530273,-0.0010282464791089296,-1.8748654110822827E-4,0.0030181603506207466
0.1536778211593628,-0.010474632494151592,9.78719711303711,32.97618103027344,19.433860778808594,-16.325780868530273,-0.0010282464791089296,-1.8748654110822827E-4,0.0030181603506207466
0.1536778211593628,-0.010474632494151592,9.78719711303711,32.95528793334961,19.40031623840332,-16.375654220581055,-0.0010282464791089296,-1.8748654110822827E-4,0.0030181603506207466
0.1536778211593628,-0.010474632494151592,9.78719711303711,32.95528793334961,19.40031623840332,-16.375654220581055,-0.0010282464791089296,-1.8748654110822827E-4,-0.0012428972404450178
0.1536778211593628,-0.011671733111143112,9.793182373046875,32.95528793334961,19.40031623840332,-16.375654220581055,-0.0010282464791089296,-1.8748654110822827E-4,-0.0012428972404450178
0.1536778211593628,-0.011671733111143112,9.793182373046875,32.91353225708008,19.32449722290039,-16.443635940551758,-0.0010282464791089296,-1.8748654110822827E-4,-0.0012428972404450178
0.1536778211593628,-0.011671733111143112,9.793182373046875,32.91353225708008,19.32449722290039,-16.443635940551758,3.7017940485384315E-5,-1.8748654110822827E-4,8.876316132955253E-4
0.14649522304534912,-0.02124853990972042,9.795577049255371,32.91353225708008,19.32449722290039,-16.443635940551758,3.7017940485384315E-5,-1.8748654110822827E-4,8.876316132955253E-4
0.14649522304534912,-0.02124853990972042,9.795577049255371,32.91353225708008,19.32449722290039,-16.443635940551758,3.7017940485384315E-5,-1.8748654110822827E-4,8.876316132955253E-4
0.1512836217880249,-0.006883329711854458,9.79797077178955,32.91353225708008,19.32449722290039,-16.443635940551758,3.7017940485384315E-5,-1.8748654110822827E-4,8.876316132955253E-4
0.1512836217880249,-0.006883329711854458,9.79797077178955,32.870079040527344,19.218751907348633,-16.473817825317383,3.7017940485384315E-5,-1.8748654110822827E-4,8.876316132955253E-4
0.1512836217880249,-0.006883329711854458,9.79797077178955,32.870079040527344,19.218751907348633,-16.473817825317383,3.7017940485384315E-5,-1.8748654110822827E-4,-0.00230816169641912
0.15607202053070068,-0.015263035893440247,9.802759170532227,32.870079040527344,19.218751907348633,-16.473817825317383,3.7017940485384315E-5,-1.8748654110822827E-4,-0.00230816169641912
0.15607202053070068,-0.015263035893440247,9.802759170532227,32.834415435791016,19.119651794433594,-16.4964656829834,3.7017940485384315E-5,-1.8748654110822827E-4,-0.00230816169641912
0.15607202053070068,-0.015263035893440247,9.802759170532227,32.834415435791016,19.119651794433594,-16.4964656829834,3.7017940485384315E-5,-1.8748654110822827E-4,-0.00230816169641912
0.1512836217880249,-0.022445641458034515,9.801562309265137,32.834415435791016,19.119651794433594,-16.4964656829834,3.7017940485384315E-5,-1.8748654110822827E-4,-0.00230816169641912
0.1512836217880249,-0.022445641458034515,9.801562309265137,32.82603073120117,19.07633399963379,-16.535776138305664,3.7017940485384315E-5,-1.8748654110822827E-4,-0.00230816169641912
0.1512836217880249,-0.022445641458034515,9.801562309265137,32.82603073120117,19.07633399963379,-16.535776138305664,3.7017940485384315E-5,-1.8748654110822827E-4,-0.0012428972404450178
0.15846621990203857,-0.02364274114370346,9.802759170532227,32.82603073120117,19.07633399963379,-16.535776138305664,3.7017940485384315E-5,-1.8748654110822827E-4,-0.0012428972404450178
0.15846621990203857,-0.02364274114370346,9.802759170532227,32.807586669921875,19.10947036743164,-16.567012786865234,3.7017940485384315E-5,-1.8748654110822827E-4,-0.0012428972404450178
0.15846621990203857,-0.02364274114370346,9.802759170532227,32.807586669921875,19.10947036743164,-16.567012786865234,3.7017940485384315E-5,-1.8748654110822827E-4,0.004083424806594849
0.15008652210235596,-0.02124853990972042,9.808745384216309,32.807586669921875,19.10947036743164,-16.567012786865234,3.7017940485384315E-5,-1.8748654110822827E-4,0.004083424806594849
0.15008652210235596,-0.02124853990972042,9.808745384216309,32.787994384765625,19.189058303833008,-16.5634708404541,3.7017940485384315E-5,-1.8748654110822827E-4,0.004083424806594849
0.15008652210235596,-0.02124853990972042,9.808745384216309,32.787994384765625,19.189058303833008,-16.5634708404541,-0.0011318434262648225,-1.3981595111545175E-4,9.123989730142057E-4
0.15607202053070068,-0.01646013744175434,9.802759170532227,32.787994384765625,19.189058303833008,-16.5634708404541,-0.0011318434262648225,-1.3981595111545175E-4,9.123989730142057E-4
0.15607202053070068,-0.01646013744175434,9.802759170532227,32.78822708129883,19.250329971313477,-16.552263259887695,-0.0011318434262648225,-1.3981595111545175E-4,9.123989730142057E-4
0.15607202053070068,-0.01646013744175434,9.802759170532227,32.78822708129883,19.250329971313477,-16.552263259887695,-6.657902849838138E-5,-1.3981595111545175E-4,-1.5286543930415064E-4
0.1536778211593628,-0.027234043926000595,9.802759170532227,32.78822708129883,19.250329971313477,-16.552263259887695,-6.657902849838138E-5,-1.3981595111545175E-4,-1.5286543930415064E-4
0.1536778211593628,-0.027234043926000595,9.802759170532227,32.789634704589844,19.307222366333008,-16.539615631103516,-6.657902849838138E-5,-1.3981595111545175E-4,-1.5286543930415064E-4
0.1536778211593628,-0.027234043926000595,9.802759170532227,32.789634704589844,19.307222366333008,-16.539615631103516,-6.657902849838138E-5,-1.3981595111545175E-4,-0.0022833943367004395
0.14769232273101807,-0.02124853990972042,9.800365447998047,32.789634704589844,19.307222366333008,-16.539615631103516,-6.657902849838138E-5,-1.3981595111545175E-4,-0.0022833943367004395
0.14769232273101807,-0.02124853990972042,9.800365447998047,32.80781936645508,19.391998291015625,-16.50404167175293,-6.657902849838138E-5,-1.3981595111545175E-4,-0.0022833943367004395
0.14769232273101807,-0.02124853990972042,9.800365447998047,32.80781936645508,19.391998291015625,-16.50404167175293,-6.657902849838138E-5,-1.3981595111545175E-4,-0.0044139232486486435
0.148889422416687,-0.02124853990972042,9.800365447998047,32.80781936645508,19.391998291015625,-16.50404167175293,-6.657902849838138E-5,-1.3981595111545175E-4,-0.0044139232486486435
0.148889422416687,-0.02124853990972042,9.800365447998047,32.80781936645508,19.391998291015625,-16.50404167175293,-6.657902849838138E-5,-1.3981595111545175E-4,-0.0044139232486486435
0.16325463354587555,-0.029628245159983635,9.79797077178955,32.80781936645508,19.391998291015625,-16.50404167175293,-6.657902849838138E-5,-1.3981595111545175E-4,-0.0044139232486486435
0.16325463354587555,-0.029628245159983635,9.79797077178955,32.83866882324219,19.45681381225586,-16.431568145751953,-6.657902849838138E-5,-1.3981595111545175E-4,-0.0044139232486486435
0.16325463354587555,-0.029628245159983635,9.79797077178955,32.83866882324219,19.45681381225586,-16.431568145751953,-6.657902849838138E-5,-0.001205080421641469,-0.0033486587926745415
0.1512836217880249,-0.022445641458034515,9.805153846740723,32.83866882324219,19.45681381225586,-16.431568145751953,-6.657902849838138E-5,-0.001205080421641469,-0.0033486587926745415
0.1512836217880249,-0.022445641458034515,9.805153846740723,32.85295867919922,19.458024978637695,-16.33107566833496,-6.657902849838138E-5,-0.001205080421641469,-0.0033486587926745415
0.1512836217880249,-0.022445641458034515,9.805153846740723,32.85295867919922,19.458024978637695,-16.33107566833496,-0.0011318434262648225,-0.002270344877615571,-0.011870774440467358
0.13691841065883636,-0.04040215536952019,9.802759170532227,32.85295867919922,19.458024978637695,-16.33107566833496,-0.0011318434262648225,-0.002270344877615571,-0.011870774440467358
0.13691841065883636,-0.04040215536952019,9.802759170532227,32.85651397705078,19.412124633789063,-16.294828414916992,-0.0011318434262648225,-0.002270344877615571,-0.011870774440467358
0.13691841065883636,-0.04040215536952019,9.802759170532227,32.85651397705078,19.412124633789063,-16.294828414916992,-0.0011318434262648225,-0.001205080421641469,-0.03424132615327835
0.1405097097158432,-0.05835866555571556,9.807547569274902,32.85651397705078,19.412124633789063,-16.294828414916992,-0.0011318434262648225,-0.001205080421641469,-0.03424132615327835
0.1405097097158432,-0.05835866555571556,9.807547569274902,32.84599304199219,19.3940486907959,-16.354175567626953,-0.0011318434262648225,-0.001205080421641469,-0.03424132615327835
0.1405097097158432,-0.05835866555571556,9.807547569274902,32.84599304199219,19.3940486907959,-16.354175567626953,-0.001198688754811883,-0.0033047166652977467,-0.08535803854465485
0.11297639459371567,-0.13257892429828644,9.790788650512695,32.84599304199219,19.3940486907959,-16.354175567626953,-0.001198688754811883,-0.0033047166652977467,-0.08535803854465485
0.11297639459371567,-0.13257892429828644,9.790788650512695,32.781341552734375,19.417585372924805,-16.414438247680664,-0.001198688754811883,-0.0033047166652977467,-0.08535803854465485
0.11297639459371567,-0.13257892429828644,9.790788650512695,32.781341552734375,19.417585372924805,-16.414438247680664,-0.002263953210785985,-0.005435245577245951,-0.22277715802192688
0.1381155103445053,-0.07511807978153229,9.813533782958984,32.781341552734375,19.417585372924805,-16.414438247680664,-0.002263953210785985,-0.005435245577245951,-0.22277715802192688
0.1381155103445053,-0.07511807978153229,9.813533782958984,32.6294059753418,19.406845092773438,-16.454959869384766,-0.002263953210785985,-0.005435245577245951,-0.22277715802192688
0.1381155103445053,-0.07511807978153229,9.813533782958984,32.6294059753418,19.406845092773438,-16.454959869384766,-0.003329217666760087,-0.0033047166652977467,-0.3207814693450928
0.14769232273101807,-0.1792658567428589,9.78600025177002,32.6294059753418,19.406845092773438,-16.454959869384766,-0.003329217666760087,-0.0033047166652977467,-0.3207814693450928
0.14769232273101807,-0.1792658567428589,9.78600025177002,32.383384704589844,19.464344024658203,-16.502775192260742,-0.003329217666760087,-0.0033047166652977467,-0.3207814693450928
0.14769232273101807,-0.1792658567428589,9.78600025177002,32.383384704589844,19.464344024658203,-16.502775192260742,-0.004394481889903545,-0.007565774489194155,-0.42943844199180603
0.1620575338602066,0.058957215398550034,9.835081100463867,32.383384704589844,19.464344024658203,-16.502775192260742,-0.004394481889903545,-0.007565774489194155,-0.42943844199180603
0.1620575338602066,0.058957215398550034,9.835081100463867,32.05040740966797,19.806978225708008,-16.528114318847656,-0.004394481889903545,-0.007565774489194155,-0.42943844199180603
0.1620575338602066,0.058957215398550034,9.835081100463867,32.05040740966797,19.806978225708008,-16.528114318847656,-0.004394481889903545,-0.019283682107925415,-0.4677879810333252
0.15487492084503174,-0.20679916441440582,9.831489562988281,32.05040740966797,19.806978225708008,-16.528114318847656,-0.004394481889903545,-0.019283682107925415,-0.4677879810333252
0.15487492084503174,-0.20679916441440582,9.831489562988281,32.05040740966797,19.806978225708008,-16.528114318847656,-0.0075902752578258514,0.0062826634384691715,-0.5551396608352661
0.175225630402565,0.1834557056427002,9.842264175415039,32.05040740966797,19.806978225708008,-16.528114318847656,-0.0075902752578258514,0.0062826634384691715,-0.5551396608352661
0.175225630402565,0.1834557056427002,9.842264175415039,31.576854705810547,20.48189353942871,-16.529451370239258,-0.0075902752578258514,0.0062826634384691715,-0.5551396608352661
0.175225630402565,0.1834557056427002,9.842264175415039,31.576854705810547,20.48189353942871,-16.529451370239258,-0.006525010801851749,-0.006500510033220053,-0.4720490276813507
0.16564883291721344,0.023044191300868988,9.812335968017578,31.576854705810547,20.48189353942871,-16.529451370239258,-0.006525010801851749,-0.006500510033220053,-0.4720490276813507
0.16564883291721344,0.023044191300868988,9.812335968017578,30.91546630859375,21.437583923339844,-16.5025691986084,-0.006525010801851749,-0.006500510033220053,-0.4720490276813507
0.16564883291721344,0.023044191300868988,9.812335968017578,30.91546630859375,21.437583923339844,-16.5025691986084,-0.006525010801851749,-0.005435245577245951,-0.4709837734699249
0.1620575338602066,-0.06793547421693802,9.807547569274902,30.91546630859375,21.437583923339844,-16.5025691986084,-0.006525010801851749,-0.005435245577245951,-0.4709837734699249
0.1620575338602066,-0.06793547421693802,9.807547569274902,30.113847732543945,22.59385871887207,-16.426288604736328,-0.006525010801851749,-0.005435245577245951,-0.4709837734699249
0.1620575338602066,-0.06793547421693802,9.807547569274902,30.113847732543945,22.59385871887207,-16.426288604736328,-0.0055092815309762955,-0.003281813347712159,-0.492277055978775
0.20275895297527313,-0.2115875780582428,9.814730644226074,30.113847732543945,22.59385871887207,-16.426288604736328,-0.0055092815309762955,-0.003281813347712159,-0.492277055978775
0.20275895297527313,-0.2115875780582428,9.814730644226074,29.23073959350586,23.831483840942383,-16.325021743774414,-0.0055092815309762955,-0.003281813347712159,-0.492277055978775
0.20275895297527313,-0.2115875780582428,9.814730644226074,29.23073959350586,23.831483840942383,-16.325021743774414,-0.007639809977263212,-0.021391307935118675,-0.5487360954284668
0.23747487366199493,-0.35164836049079895,9.778817176818848,29.23073959350586,23.831483840942383,-16.325021743774414,-0.007639809977263212,-0.021391307935118675,-0.5487360954284668
0.23747487366199493,-0.35164836049079895,9.778817176818848,28.27733612060547,25.102144241333008,-16.223623275756836,-0.007639809977263212,-0.021391307935118675,-0.5487360954284668
0.23747487366199493,-0.35164836049079895,9.778817176818848,28.27733612060547,25.102144241333008,-16.223623275756836,-0.015096660703420639,-0.014999722130596638,-0.8289006352424622
0.1967734545469284,-0.33010056614875793,9.768043518066406,28.27733612060547,25.102144241333008,-16.223623275756836,-0.015096660703420639,-0.014999722130596638,-0.8289006352424622
0.1967734545469284,-0.33010056614875793,9.768043518066406,27.173927307128906,26.442214965820313,-16.125732421875,-0.015096660703420639,-0.014999722130596638,-0.8289006352424622
0.1967734545469284,-0.33010056614875793,9.768043518066406,27.173927307128906,26.442214965820313,-16.125732421875,-0.015096660703420639,0.005240302067250013,-1.1783074140548706
0.2578255832195282,-0.15771803259849548,9.796773910522461,27.173927307128906,26.442214965820313,-16.125732421875,-0.015096660703420639,0.005240302067250013,-1.1783074140548706
0.2578255832195282,-0.15771803259849548,9.796773910522461,25.76367950439453,27.946044921875,-16.0406551361084,-0.015096660703420639,0.005240302067250013,-1.1783074140548706
0.2578255832195282,-0.15771803259849548,9.796773910522461,25.76367950439453,27.946044921875,-16.0406551361084,-0.017227189615368843,-0.008608135394752026,-1.3380969762802124
0.4074631929397583,-0.419883131980896,9.78719711303711,25.76367950439453,27.946044921875,-16.0406551361084,-0.017227189615368843,-0.008608135394752026,-1.3380969762802124
0.4074631929397583,-0.419883131980896,9.78719711303711,23.8344783782959,29.725263595581055,-16.02802276611328,-0.017227189615368843,-0.008608135394752026,-1.3380969762802124
0.4074631929397583,-0.419883131980896,9.78719711303711,23.8344783782959,29.725263595581055,-16.02802276611328,-0.016161926090717316,-0.024587102234363556,-1.4691245555877686
0.23029227554798126,-0.05835866555571556,9.686640739440918,23.8344783782959,29.725263595581055,-16.02802276611328,-0.016161926090717316,-0.024587102234363556,-1.4691245555877686
0.23029227554798126,-0.05835866555571556,9.686640739440918,23.8344783782959,29.725263595581055,-16.02802276611328,-0.011900868266820908,-0.022456573322415352,-1.267789602279663
-0.33593642711639404,0.756866991519928,9.82071590423584,23.8344783782959,29.725263595581055,-16.02802276611328,-0.011900868266820908,-0.022456573322415352,-1.267789602279663
-0.33593642711639404,0.756866991519928,9.82071590423584,21.214550018310547,31.77865982055664,-16.126718521118164,-0.011900868266820908,-0.022456573322415352,-1.267789602279663
-0.33593642711639404,0.756866991519928,9.82071590423584,21.214550018310547,31.77865982055664,-16.126718521118164,-0.007639809977263212,-0.008608135394752026,-0.5966729521751404
-0.0917278528213501,0.3043628931045532,9.824307441711426,21.214550018310547,31.77865982055664,-16.126718521118164,-0.007639809977263212,-0.008608135394752026,-0.5966729521751404
-0.0917278528213501,0.3043628931045532,9.824307441711426,17.966846466064453,33.91941452026367,-16.267297744750977,-0.007639809977263212,-0.008608135394752026,-0.5966729521751404
-0.0917278528213501,0.3043628931045532,9.824307441711426,17.966846466064453,33.91941452026367,-16.267297744750977,-0.0023499734234064817,-0.00433003343641758,-0.2579103708267212
0.24585458636283875,-0.05835866555571556,9.81832218170166,17.966846466064453,33.91941452026367,-16.267297744750977,-0.0023499734234064817,-0.00433003343641758,-0.2579103708267212
0.24585458636283875,-0.05835866555571556,9.81832218170166,14.47663688659668,35.87604904174805,-16.358810424804688,-0.0023499734234064817,-0.00433003343641758,-0.2579103708267212
0.24585458636283875,-0.05835866555571556,9.81832218170166,14.47663688659668,35.87604904174805,-16.358810424804688,-0.00341523764654994,-0.008591091260313988,-0.30052095651626587
0.21353286504745483,-0.03681085258722305,9.82071590423584,14.47663688659668,35.87604904174805,-16.358810424804688,-0.00341523764654994,-0.008591091260313988,-0.30052095651626587
0.21353286504745483,-0.03681085258722305,9.82071590423584,11.264609336853027,37.44815444946289,-16.351037979125977,-0.00341523764654994,-0.008591091260313988,-0.30052095651626587
0.21353286504745483,-0.03681085258722305,9.82071590423584,11.264609336853027,37.44815444946289,-16.351037979125977,-0.005545766558498144,-0.0032647692132741213,-0.4145042300224304
0.3883095979690552,-0.1744774430990219,9.795577049255371,11.264609336853027,37.44815444946289,-16.351037979125977,-0.005545766558498144,-0.0032647692132741213,-0.4145042300224304
0.3883095979690552,-0.1744774430990219,9.795577049255371,8.598600387573242,38.5831184387207,-16.26439666748047,-0.005545766558498144,-0.0032647692132741213,-0.4145042300224304
0.3883095979690552,-0.1744774430990219,9.795577049255371,8.598600387573242,38.5831184387207,-16.26439666748047,-0.008741559460759163,-0.006460562348365784,-0.6829508543014526
-0.2329857498407364,0.32950201630592346,9.832687377929688,8.598600387573242,38.5831184387207,-16.26439666748047,-0.008741559460759163,-0.006460562348365784,-0.6829508543014526
-0.2329857498407364,0.32950201630592346,9.832687377929688,6.407712459564209,39.350624084472656,-16.181982040405273,-0.008741559460759163,-0.006460562348365784,-0.6829508543014526
-0.2329857498407364,0.32950201630592346,9.832687377929688,6.407712459564209,39.350624084472656,-16.181982040405273,-0.007676295470446348,9.962886106222868E-4,-0.5753591656684875
0.017208324745297432,0.14514847099781036,9.82191276550293,6.407712459564209,39.350624084472656,-16.181982040405273,-0.007676295470446348,9.962886106222868E-4,-0.5753591656684875
0.017208324745297432,0.14514847099781036,9.82191276550293,4.506292819976807,39.807186126708984,-16.15089225769043,-0.007676295470446348,9.962886106222868E-4,-0.5753591656684875
0.017208324745297432,0.14514847099781036,9.82191276550293,4.506292819976807,39.807186126708984,-16.15089225769043,-0.006611031014472246,-0.0032647692132741213,-0.47309377789497375
0.330848753452301,-0.10504560172557831,9.708189010620117,4.506292819976807,39.807186126708984,-16.15089225769043,-0.006611031014472246,-0.0032647692132741213,-0.47309377789497375
0.330848753452301,-0.10504560172557831,9.708189010620117,2.740126609802246,40.04136276245117,-16.133974075317383,-0.006611031014472246,-0.0032647692132741213,-0.47309377789497375
0.330848753452301,-0.10504560172557831,9.708189010620117,2.740126609802246,40.04136276245117,-16.133974075317383,-0.009806823916733265,-6.897587445564568E-5,-0.635013997554779
0.13452421128749847,0.07092822343111038,9.824307441711426,2.740126609802246,40.04136276245117,-16.133974075317383,-0.009806823916733265,-6.897587445564568E-5,-0.635013997554779
0.13452421128749847,0.07092822343111038,9.824307441711426,2.740126609802246,40.04136276245117,-16.133974075317383,-0.005545766558498144,-0.00965635571628809,-0.693603515625
0.010025719180703163,0.12120646238327026,9.772831916809082,2.740126609802246,40.04136276245117,-16.133974075317383,-0.005545766558498144,-0.00965635571628809,-0.693603515625
0.010025719180703163,0.12120646238327026,9.772831916809082,1.0005383491516113,40.15596008300781,-16.11067771911621,-0.005545766558498144,-0.00965635571628809,-0.693603515625
0.010025719180703163,0.12120646238327026,9.772831916809082,1.0005383491516113,40.15596008300781,-16.11067771911621,-0.007702394388616085,-0.007513842545449734,-0.6829444766044617
0.2985270321369171,-0.02364274114370346,9.844657897949219,1.0005383491516113,40.15596008300781,-16.11067771911621,-0.007702394388616085,-0.007513842545449734,-0.6829444766044617
0.2985270321369171,-0.02364274114370346,9.844657897949219,-0.7943788766860962,40.199012756347656,-16.097192764282227,-0.007702394388616085,-0.007513842545449734,-0.6829444766044617
0.2985270321369171,-0.02364274114370346,9.844657897949219,-0.7943788766860962,40.199012756347656,-16.097192764282227,-0.0034413367975503206,-0.0021875204984098673,-0.7180982232093811
0.15846621990203857,0.06374561786651611,9.806350708007813,-0.7943788766860962,40.199012756347656,-16.097192764282227,-0.0034413367975503206,-0.0021875204984098673,-0.7180982232093811
0.15846621990203857,0.06374561786651611,9.806350708007813,-2.747021198272705,40.23236083984375,-16.066322326660156,-0.0034413367975503206,-0.0021875204984098673,-0.7180982232093811
0.15846621990203857,0.06374561786651611,9.806350708007813,-2.747021198272705,40.23236083984375,-16.066322326660156,-0.004506601020693779,-5.699164830730297E-5,-0.6158328056335449
-0.046238020062446594,0.06733692437410355,9.802759170532227,-2.747021198272705,40.23236083984375,-16.066322326660156,-0.004506601020693779,-5.699164830730297E-5,-0.6158328056335449
-0.046238020062446594,0.06733692437410355,9.802759170532227,-4.91630744934082,40.237979888916016,-16.000268936157227,-0.004506601020693779,-5.699164830730297E-5,-0.6158328056335449
-0.046238020062446594,0.06733692437410355,9.802759170532227,-4.91630744934082,40.237979888916016,-16.000268936157227,-0.0034413367975503206,-0.0032527849543839693,-0.4443252682685852
0.1297357976436615,0.0146644851192832,9.807547569274902,-4.91630744934082,40.237979888916016,-16.000268936157227,-0.0034413367975503206,-0.0032527849543839693,-0.4443252682685852
0.1297357976436615,0.0146644851192832,9.807547569274902,-7.180269718170166,40.18800354003906,-15.930485725402832,-0.0034413367975503206,-0.0032527849543839693,-0.4443252682685852
0.1297357976436615,0.0146644851192832,9.807547569274902,-7.180269718170166,40.18800354003906,-15.930485725402832,-0.005571865476667881,-0.008579107001423836,-0.3889315128326416
-0.03785831481218338,0.05776011571288109,9.799168586730957,-7.180269718170166,40.18800354003906,-15.930485725402832,-0.005571865476667881,-0.008579107001423836,-0.3889315128326416
-0.03785831481218338,0.05776011571288109,9.799168586730957,-9.338194847106934,40.080135345458984,-15.905729293823242,-0.005571865476667881,-0.008579107001423836,-0.3889315128326416
-0.03785831481218338,0.05776011571288109,9.799168586730957,-9.338194847106934,40.080135345458984,-15.905729293823242,-0.007702394388616085,-0.020297015085816383,-0.4027799367904663
0.9904513359069824,-0.08110358566045761,9.742904663085938,-9.338194847106934,40.080135345458984,-15.905729293823242,-0.007702394388616085,-0.020297015085816383,-0.4027799367904663
0.9904513359069824,-0.08110358566045761,9.742904663085938,-11.2822265625,39.88348388671875,-15.923871040344238,-0.007702394388616085,-0.020297015085816383,-0.4027799367904663
0.9904513359069824,-0.08110358566045761,9.742904663085938,-11.2822265625,39.88348388671875,-15.923871040344238,-0.006637129932641983,0.002073537092655897,-0.714902400970459
-1.6479589939117432,0.3330933153629303,9.803956985473633,-11.2822265625,39.88348388671875,-15.923871040344238,-0.006637129932641983,0.002073537092655897,-0.714902400970459
-1.6479589939117432,0.3330933153629303,9.803956985473633,-13.069010734558105,39.600215911865234,-15.926098823547363,-0.006637129932641983,0.002073537092655897,-0.714902400970459
-1.6479589939117432,0.3330933153629303,9.803956985473633,-13.069010734558105,39.600215911865234,-15.926098823547363,-2.45543458731845E-4,0.023378826677799225,-0.2408597469329834
-0.0917278528213501,0.06254851818084717,9.794380187988281,-13.069010734558105,39.600215911865234,-15.926098823547363,-2.45543458731845E-4,0.023378826677799225,-0.2408597469329834
-0.0917278528213501,0.06254851818084717,9.794380187988281,-13.069010734558105,39.600215911865234,-15.926098823547363,-2.6258768048137426E-4,0.0031467911321669817,-0.025672340765595436
0.11058218777179718,0.026635494083166122,9.789591789245605,-13.069010734558105,39.600215911865234,-15.926098823547363,-2.6258768048137426E-4,0.0031467911321669817,-0.025672340765595436
0.11058218777179718,0.026635494083166122,9.789591789245605,-14.797806739807129,39.206600189208984,-15.904143333435059,-2.6258768048137426E-4,0.0031467911321669817,-0.025672340765595436
0.11058218777179718,0.026635494083166122,9.789591789245605,-14.797806739807129,39.206600189208984,-15.904143333435059,-2.6258768048137426E-4,0.0010162622202187777,-1.0599380766507238E-4
0.12614449858665466,0.01586158573627472,9.814730644226074,-14.797806739807129,39.206600189208984,-15.904143333435059,-2.6258768048137426E-4,0.0010162622202187777,-1.0599380766507238E-4
0.12614449858665466,0.01586158573627472,9.814730644226074,-16.33795928955078,38.7633056640625,-15.908154487609863,-2.6258768048137426E-4,0.0010162622202187777,-1.0599380766507238E-4
0.12614449858665466,0.01586158573627472,9.814730644226074,-16.33795928955078,38.7633056640625,-15.908154487609863,-2.6258768048137426E-4,-4.900216299574822E-5,0.0073508573696017265
0.13332711160182953,0.017058687284588814,9.811139106750488,-16.33795928955078,38.7633056640625,-15.908154487609863,-2.6258768048137426E-4,-4.900216299574822E-5,0.0073508573696017265
0.13332711160182953,0.017058687284588814,9.811139106750488,-17.466636657714844,38.40877914428711,-15.948517799377441,-2.6258768048137426E-4,-4.900216299574822E-5,0.0073508573696017265
0.13332711160182953,0.017058687284588814,9.811139106750488,-17.466636657714844,38.40877914428711,-15.948517799377441,-2.6258768048137426E-4,-4.900216299574822E-5,0.0030897995457053185
0.12614449858665466,0.01825578883290291,9.808745384216309,-17.466636657714844,38.40877914428711,-15.948517799377441,-2.6258768048137426E-4,-4.900216299574822E-5,0.0030897995457053185
0.12614449858665466,0.01825578883290291,9.808745384216309,-18.142370223999023,38.183326721191406,-15.973508834838867,-2.6258768048137426E-4,-4.900216299574822E-5,0.0030897995457053185
0.12614449858665466,0.01825578883290291,9.808745384216309,-18.142370223999023,38.183326721191406,-15.973508834838867,-2.6258768048137426E-4,-4.900216299574822E-5,0.0030897995457053185
0.13093291223049164,0.01586158573627472,9.791985511779785,-18.142370223999023,38.183326721191406,-15.973508834838867,-2.6258768048137426E-4,-4.900216299574822E-5,0.0030897995457053185
0.13093291223049164,0.01586158573627472,9.791985511779785,-18.459766387939453,38.08064651489258,-15.936723709106445,-2.6258768048137426E-4,-4.900216299574822E-5,0.0030897995457053185
0.13093291223049164,0.01586158573627472,9.791985511779785,-18.459766387939453,38.08064651489258,-15.936723709106445,-2.6258768048137426E-4,-4.900216299574822E-5,9.592706337571144E-4
0.12853869795799255,0.024241292849183083,9.802759170532227,-18.459766387939453,38.08064651489258,-15.936723709106445,-2.6258768048137426E-4,-4.900216299574822E-5,9.592706337571144E-4
0.12853869795799255,0.024241292849183083,9.802759170532227,-18.5596866607666,38.06517791748047,-15.852973937988281,-2.6258768048137426E-4,-4.900216299574822E-5,9.592706337571144E-4
0.12853869795799255,0.024241292849183083,9.802759170532227,-18.5596866607666,38.06517791748047,-15.852973937988281,-0.0013278521364554763,-0.0011142665753141046,-0.0022365227341651917
0.12494739890098572,0.026635494083166122,9.802759170532227,-18.5596866607666,38.06517791748047,-15.852973937988281,-0.0013278521364554763,-0.0011142665753141046,-0.0022365227341651917
0.12494739890098572,0.026635494083166122,9.802759170532227,-18.55245590209961,38.07792282104492,-15.79636287689209,-0.0013278521364554763,-0.0011142665753141046,-0.0022365227341651917
0.12494739890098572,0.026635494083166122,9.802759170532227,-18.55245590209961,38.07792282104492,-15.79636287689209,8.026767172850668E-4,0.005277319811284542,-0.036324985325336456
0.02917933277785778,0.07332243025302887,9.807547569274902,-18.55245590209961,38.07792282104492,-15.79636287689209,8.026767172850668E-4,0.005277319811284542,-0.036324985325336456
0.02917933277785778,0.07332243025302887,9.807547569274902,-18.55245590209961,38.07792282104492,-15.79636287689209,-0.0013451626291498542,0.003154514357447624,-0.19611038267612457
0.09980828315019608,0.042197804898023605,9.963171005249023,-18.55245590209961,38.07792282104492,-15.79636287689209,-0.0013451626291498542,0.003154514357447624,-0.19611038267612457
0.09980828315019608,0.042197804898023605,9.963171005249023,-18.503732681274414,38.08513259887695,-15.805160522460938,-0.0013451626291498542,0.003154514357447624,-0.19611038267612457
0.09980828315019608,0.042197804898023605,9.963171005249023,-18.503732681274414,38.08513259887695,-15.805160522460938,-0.004540956113487482,0.005285043269395828,-0.24937361478805542
0.10339958220720291,0.049380410462617874,10.026617050170898,-18.503732681274414,38.08513259887695,-15.805160522460938,-0.004540956113487482,0.005285043269395828,-0.24937361478805542
0.10339958220720291,0.049380410462617874,10.026617050170898,-18.519065856933594,38.0305290222168,-15.843454360961914,-0.004540956113487482,0.005285043269395828,-0.24937361478805542
0.10339958220720291,0.049380410462617874,10.026617050170898,-18.519065856933594,38.0305290222168,-15.843454360961914,-0.0024104269687086344,0.003154514357447624,-0.24191676080226898
0.18480244278907776,0.025438392534852028,9.809942245483398,-18.519065856933594,38.0305290222168,-15.843454360961914,-0.0024104269687086344,0.003154514357447624,-0.24191676080226898
0.18480244278907776,0.025438392534852028,9.809942245483398,-18.710418701171875,37.90773010253906,-15.871758460998535,-0.0024104269687086344,0.003154514357447624,-0.24191676080226898
0.18480244278907776,0.025438392534852028,9.809942245483398,-18.710418701171875,37.90773010253906,-15.871758460998535,-0.004540956113487482,-0.006432865746319294,-0.27174416184425354
0.1057937890291214,0.03501519933342934,9.862614631652832,-18.710418701171875,37.90773010253906,-15.871758460998535,-0.004540956113487482,-0.006432865746319294,-0.27174416184425354
0.1057937890291214,0.03501519933342934,9.862614631652832,-19.12116241455078,37.80141067504883,-15.88144302368164,-0.004540956113487482,-0.006432865746319294,-0.27174416184425354
0.1057937890291214,0.03501519933342934,9.862614631652832,-19.12116241455078,37.80141067504883,-15.88144302368164,-0.005606220569461584,-0.00430233683437109,-0.34098634123802185
0.10938508808612823,0.032620999962091446,9.793182373046875,-19.12116241455078,37.80141067504883,-15.88144302368164,-0.005606220569461584,-0.00430233683437109,-0.34098634123802185
0.10938508808612823,0.032620999962091446,9.793182373046875,-19.745073318481445,37.66627502441406,-15.896811485290527,-0.005606220569461584,-0.00430233683437109,-0.34098634123802185
0.10938508808612823,0.032620999962091446,9.793182373046875,-19.745073318481445,37.66627502441406,-15.896811485290527,-0.005606220569461584,-4.1278995922766626E-5,-0.38785797357559204
0.1967734545469284,0.006284779403358698,9.849446296691895,-19.745073318481445,37.66627502441406,-15.896811485290527,-0.005606220569461584,-4.1278995922766626E-5,-0.38785797357559204
0.1967734545469284,0.006284779403358698,9.849446296691895,-20.553478240966797,37.379180908203125,-15.903605461120605,-0.005606220569461584,-4.1278995922766626E-5,-0.38785797357559204
0.1967734545469284,0.006284779403358698,9.849446296691895,-20.553478240966797,37.379180908203125,-15.903605461120605,-0.0034756914246827364,0.002089249901473522,-0.3665527105331421
0.07586626708507538,-0.002094926545396447,9.794380187988281,-20.553478240966797,37.379180908203125,-15.903605461120605,-0.0034756914246827364,0.002089249901473522,-0.3665527105331421
0.07586626708507538,-0.002094926545396447,9.794380187988281,-21.50440788269043,36.96086502075195,-15.86371898651123,-0.0034756914246827364,0.002089249901473522,-0.3665527105331421
0.07586626708507538,-0.002094926545396447,9.794380187988281,-21.50440788269043,36.96086502075195,-15.86371898651123,-2.798982313834131E-4,-0.016020245850086212,-0.326072633266449
0.11417349427938461,0.01586158573627472,9.741707801818848,-21.50440788269043,36.96086502075195,-15.86371898651123,-2.798982313834131E-4,-0.016020245850086212,-0.326072633266449
0.11417349427938461,0.01586158573627472,9.741707801818848,-22.5743465423584,36.496707916259766,-15.801187515258789,-2.798982313834131E-4,-0.016020245850086212,-0.326072633266449
0.11417349427938461,0.01586158573627472,9.741707801818848,-22.5743465423584,36.496707916259766,-15.801187515258789,-0.0024146882351487875,-0.005365470424294472,-0.31435394287109375
0.1776198446750641,0.007481880486011505,9.814730644226074,-22.5743465423584,36.496707916259766,-15.801187515258789,-0.0024146882351487875,-0.005365470424294472,-0.31435394287109375
0.1776198446750641,0.007481880486011505,9.814730644226074,-22.5743465423584,36.496707916259766,-15.801187515258789,-0.003479952458292246,-0.0032349417451769114,-0.2930486500263214
-0.03187280893325806,-0.0487818606197834,9.823110580444336,-22.5743465423584,36.496707916259766,-15.801187515258789,-0.003479952458292246,-0.0032349417451769114,-0.2930486500263214
-0.03187280893325806,-0.0487818606197834,9.823110580444336,-23.720256805419922,36.02006149291992,-15.740220069885254,-0.003479952458292246,-0.0032349417451769114,-0.2930486500263214
-0.03187280893325806,-0.0487818606197834,9.823110580444336,-23.720256805419922,36.02006149291992,-15.740220069885254,-0.0024146882351487875,-0.005365470424294472,-0.16095586121082306
0.12853869795799255,0.042197804898023605,9.802759170532227,-23.720256805419922,36.02006149291992,-15.740220069885254,-0.0024146882351487875,-0.005365470424294472,-0.16095586121082306
0.12853869795799255,0.042197804898023605,9.802759170532227,-24.832317352294922,35.46685028076172,-15.683818817138672,-0.0024146882351487875,-0.005365470424294472,-0.16095586121082306
0.12853869795799255,0.042197804898023605,9.802759170532227,-24.832317352294922,35.46685028076172,-15.683818817138672,-0.0013494236627593637,-0.00430020596832037,-0.06082100793719292
0.1297357976436615,0.044592007994651794,9.800365447998047,-24.832317352294922,35.46685028076172,-15.683818817138672,-0.0013494236627593637,-0.00430020596832037,-0.06082100793719292
0.1297357976436615,0.044592007994651794,9.800365447998047,-25.831785202026367,34.838130950927734,-15.649011611938477,-0.0013494236627593637,-0.00430020596832037,-0.06082100793719292
0.1297357976436615,0.044592007994651794,9.800365447998047,-25.831785202026367,34.838130950927734,-15.649011611938477,-2.84159294096753E-4,-3.914846820407547E-5,-0.021406222134828568
0.11297639459371567,0.023044191300868988,9.795577049255371,-25.831785202026367,34.838130950927734,-15.649011611938477,-2.84159294096753E-4,-3.914846820407547E-5,-0.021406222134828568
0.11297639459371567,0.023044191300868988,9.795577049255371,-26.670351028442383,34.3307991027832,-15.614914894104004,-2.84159294096753E-4,-3.914846820407547E-5,-0.021406222134828568
0.11297639459371567,0.023044191300868988,9.795577049255371,-26.670351028442383,34.3307991027832,-15.614914894104004,-2.84159294096753E-4,0.001026115962304175,-0.002231462625786662
0.11417349427938461,0.021847089752554893,9.808745384216309,-26.670351028442383,34.3307991027832,-15.614914894104004,-2.84159294096753E-4,0.001026115962304175,-0.002231462625786662
0.11417349427938461,0.021847089752554893,9.808745384216309,-27.27431297302246,34.0313606262207,-15.554916381835938,-2.84159294096753E-4,0.001026115962304175,-0.002231462625786662
0.11417349427938461,0.021847089752554893,9.808745384216309,-27.27431297302246,34.0313606262207,-15.554916381835938,-2.84159294096753E-4,-0.0011044129496440291,-0.001166198286227882
0.11177929490804672,0.020649990066885948,9.817124366760254,-27.27431297302246,34.0313606262207,-15.554916381835938,-2.84159294096753E-4,-0.0011044129496440291,-0.001166198286227882
0.11177929490804672,0.020649990066885948,9.817124366760254,-27.613683700561523,33.87398910522461,-15.502668380737305,-2.84159294096753E-4,-0.0011044129496440291,-0.001166198286227882
0.11177929490804672,0.020649990066885948,9.817124366760254,-27.613683700561523,33.87398910522461,-15.502668380737305,-2.84159294096753E-4,-0.0011044129496440291,-0.002231462625786662
0.10938508808612823,0.01586158573627472,9.808745384216309,-27.613683700561523,33.87398910522461,-15.502668380737305,-2.84159294096753E-4,-0.0011044129496440291,-0.002231462625786662
0.10938508808612823,0.01586158573627472,9.808745384216309,-27.759504318237305,33.807376861572266,-15.480965614318848,-2.84159294096753E-4,-0.0011044129496440291,-0.002231462625786662
0.10938508808612823,0.01586158573627472,9.808745384216309,-27.759504318237305,33.807376861572266,-15.480965614318848,-2.993392990902066E-4,-3.222424857085571E-5,9.680590592324734E-4
0.1165676936507225,0.01346738450229168,9.807547569274902,-27.759504318237305,33.807376861572266,-15.480965614318848,-2.993392990902066E-4,-3.222424857085571E-5,9.680590592324734E-4
0.1165676936507225,0.01346738450229168,9.807547569274902,-27.800518035888672,33.78079605102539,-15.49463939666748,-2.993392990902066E-4,-3.222424857085571E-5,9.680590592324734E-4
0.1165676936507225,0.01346738450229168,9.807547569274902,-27.800518035888672,33.78079605102539,-15.49463939666748,-2.993392990902066E-4,-3.222424857085571E-5,-0.0022277343086898327
0.11776479333639145,0.017058687284588814,9.805153846740723,-27.800518035888672,33.78079605102539,-15.49463939666748,-2.993392990902066E-4,-3.222424857085571E-5,-0.0022277343086898327
0.11776479333639145,0.017058687284588814,9.805153846740723,-27.800518035888672,33.78079605102539,-15.49463939666748,-0.0013646037550643086,-3.222424857085571E-5,-0.0011624698527157307
0.10220248252153397,0.017058687284588814,9.807547569274902,-27.800518035888672,33.78079605102539,-15.49463939666748,-0.0013646037550643086,-3.222424857085571E-5,-0.0011624698527157307
0.10220248252153397,0.017058687284588814,9.807547569274902,-27.799846649169922,33.762107849121094,-15.555493354797363,-0.0013646037550643086,-3.222424857085571E-5,-0.0011624698527157307
0.10220248252153397,0.017058687284588814,9.807547569274902,-27.799846649169922,33.762107849121094,-15.555493354797363,-0.0013646037550643086,0.002098304685205221,0.0020333235152065754
0.10938508808612823,0.01107318326830864,9.795577049255371,-27.799846649169922,33.762107849121094,-15.555493354797363,-0.0013646037550643086,0.002098304685205221,0.0020333235152065754
0.10938508808612823,0.01107318326830864,9.795577049255371,-27.779403686523438,33.70964050292969,-15.635080337524414,-0.0013646037550643086,0.002098304685205221,0.0020333235152065754
0.10938508808612823,0.01107318326830864,9.795577049255371,-27.779403686523438,33.70964050292969,-15.635080337524414,-2.993392990902066E-4,0.003163569141179323,0.0052291168831288815
0.10818798840045929,0.017058687284588814,9.794380187988281,-27.779403686523438,33.70964050292969,-15.635080337524414,-2.993392990902066E-4,0.003163569141179323,0.0052291168831288815
0.10818798840045929,0.017058687284588814,9.794380187988281,-27.68758201599121,33.651432037353516,-15.699613571166992,-2.993392990902066E-4,0.003163569141179323,0.0052291168831288815
0.10818798840045929,0.017058687284588814,9.794380187988281,-27.68758201599121,33.651432037353516,-15.699613571166992,-2.993392990902066E-4,-3.222424857085571E-5,-0.0011624698527157307
0.09980828315019608,0.024241292849183083,9.79797077178955,-27.68758201599121,33.651432037353516,-15.699613571166992,-2.993392990902066E-4,-3.222424857085571E-5,-0.0011624698527157307
0.09980828315019608,0.024241292849183083,9.79797077178955,-27.563350677490234,33.6514892578125,-15.744182586669922,-2.993392990902066E-4,-3.222424857085571E-5,-0.0011624698527157307
0.09980828315019608,0.024241292849183083,9.79797077178955,-27.563350677490234,33.6514892578125,-15.744182586669922,-2.993392990902066E-4,-3.222424857085571E-5,0.0030985879711806774
0.10699088871479034,0.01825578883290291,9.802759170532227,-27.563350677490234,33.6514892578125,-15.744182586669922,-2.993392990902066E-4,-3.222424857085571E-5,0.0030985879711806774
0.10699088871479034,0.01825578883290291,9.802759170532227,-27.497724533081055,33.68761444091797,-15.77863883972168,-2.993392990902066E-4,-3.222424857085571E-5,0.0030985879711806774
0.10699088871479034,0.01825578883290291,9.802759170532227,-27.497724533081055,33.68761444091797,-15.77863883972168,-2.993392990902066E-4,-3.222424857085571E-5,-0.0032929987646639347
0.10938508808612823,0.025438392534852028,9.809942245483398,-27.497724533081055,33.68761444091797,-15.77863883972168,-2.993392990902066E-4,-3.222424857085571E-5,-0.0032929987646639347
0.10938508808612823,0.025438392534852028,9.809942245483398,-27.506067276000977,33.725563049316406,-15.817943572998047,-2.993392990902066E-4,-3.222424857085571E-5,-0.0032929987646639347
0.10938508808612823,0.025438392534852028,9.809942245483398,-27.506067276000977,33.725563049316406,-15.817943572998047,-3.1425300403498113E-4,-2.5300030756625347E-5,-0.0032895365729928017
0.10938508808612823,0.029029695317149162,9.808745384216309,-27.506067276000977,33.725563049316406,-15.817943572998047,-3.1425300403498113E-4,-2.5300030756625347E-5,-0.0032895365729928017
0.10938508808612823,0.029029695317149162,9.808745384216309,-27.589324951171875,33.748626708984375,-15.860030174255371,-3.1425300403498113E-4,-2.5300030756625347E-5,-0.0032895365729928017
0.10938508808612823,0.029029695317149162,9.808745384216309,-27.589324951171875,33.748626708984375,-15.860030174255371,-3.1425300403498113E-4,-2.5300030756625347E-5,-0.0011590076610445976
0.1057937890291214,0.030226796865463257,9.805153846740723,-27.589324951171875,33.748626708984375,-15.860030174255371,-3.1425300403498113E-4,-2.5300030756625347E-5,-0.0011590076610445976
0.1057937890291214,0.030226796865463257,9.805153846740723,-27.683631896972656,33.76826095581055,-15.878617286682129,-3.1425300403498113E-4,-2.5300030756625347E-5,-0.0011590076610445976
0.1057937890291214,0.030226796865463257,9.805153846740723,-27.683631896972656,33.76826095581055,-15.878617286682129,-3.1425300403498113E-4,-2.5300030756625347E-5,-0.004354801028966904
0.10818798840045929,0.01825578883290291,9.803956985473633,-27.683631896972656,33.76826095581055,-15.878617286682129,-3.1425300403498113E-4,-2.5300030756625347E-5,-0.004354801028966904
0.10818798840045929,0.01825578883290291,9.803956985473633,-27.683631896972656,33.76826095581055,-15.878617286682129,-3.1425300403498113E-4,-2.5300030756625347E-5,-9.374327055411413E-5
0.10818798840045929,0.021847089752554893,9.800365447998047,-27.683631896972656,33.76826095581055,-15.878617286682129,-3.1425300403498113E-4,-2.5300030756625347E-5,-9.374327055411413E-5
0.10818798840045929,0.021847089752554893,9.800365447998047,-27.706815719604492,33.81536102294922,-15.874054908752441,-3.1425300403498113E-4,-2.5300030756625347E-5,-9.374327055411413E-5
0.10818798840045929,0.021847089752554893,9.800365447998047,-27.706815719604492,33.81536102294922,-15.874054908752441,-3.1425300403498113E-4,-2.5300030756625347E-5,-9.374327055411413E-5
0.10938508808612823,0.023044191300868988,9.791985511779785,-27.706815719604492,33.81536102294922,-15.874054908752441,-3.1425300403498113E-4,-2.5300030756625347E-5,-9.374327055411413E-5
0.10938508808612823,0.023044191300868988,9.791985511779785,-27.66669273376465,33.8332633972168,-15.875833511352539,-3.1425300403498113E-4,-2.5300030756625347E-5,-9.374327055411413E-5
0.10938508808612823,0.023044191300868988,9.791985511779785,-27.66669273376465,33.8332633972168,-15.875833511352539,-3.1425300403498113E-4,-2.5300030756625347E-5,0.0020367854740470648
0.11058218777179718,0.020649990066885948,9.806350708007813,-27.66669273376465,33.8332633972168,-15.875833511352539,-3.1425300403498113E-4,-2.5300030756625347E-5,0.0020367854740470648
0.11058218777179718,0.020649990066885948,9.806350708007813,-27.6290225982666,33.76769256591797,-15.872039794921875,-3.1425300403498113E-4,-2.5300030756625347E-5,0.0020367854740470648
0.11058218777179718,0.020649990066885948,9.806350708007813,-27.6290225982666,33.76769256591797,-15.872039794921875,-3.1425300403498113E-4,-2.5300030756625347E-5,-0.0032895365729928017
0.1057937890291214,0.01825578883290291,9.809942245483398,-27.6290225982666,33.76769256591797,-15.872039794921875,-3.1425300403498113E-4,-2.5300030756625347E-5,-0.0032895365729928017
0.1057937890291214,0.01825578883290291,9.809942245483398,-27.632972717285156,33.67523956298828,-15.866338729858398,-3.1425300403498113E-4,-2.5300030756625347E-5,-0.0032895365729928017
0.1057937890291214,0.01825578883290291,9.809942245483398,-27.632972717285156,33.67523956298828,-15.866338729858398,-3.1425300403498113E-4,-2.5300030756625347E-5,-0.0011590076610445976
0.11058218777179718,0.01586158573627472,9.800365447998047,-27.632972717285156,33.67523956298828,-15.866338729858398,-3.1425300403498113E-4,-2.5300030756625347E-5,-0.0011590076610445976
0.11058218777179718,0.01586158573627472,9.800365447998047,-27.647769927978516,33.604740142822266,-15.877348899841309,-3.1425300403498113E-4,-2.5300030756625347E-5,-0.0011590076610445976
0.11058218777179718,0.01586158573627472,9.800365447998047,-27.647769927978516,33.604740142822266,-15.877348899841309,-3.1878036679700017E-4,-2.3169501218944788E-5,-0.002223206916823983
0.11297639459371567,0.01227028388530016,9.802759170532227,-27.647769927978516,33.604740142822266,-15.877348899841309,-3.1878036679700017E-4,-2.3169501218944788E-5,-0.002223206916823983
0.11297639459371567,0.01227028388530016,9.802759170532227,-27.65657615661621,33.591678619384766,-15.869418144226074,-3.1878036679700017E-4,-2.3169501218944788E-5,-0.002223206916823983
0.11297639459371567,0.01227028388530016,9.802759170532227,-27.65657615661621,33.591678619384766,-15.869418144226074,-3.1878036679700017E-4,-2.3169501218944788E-5,-0.0011579424608498812
0.10938508808612823,0.01107318326830864,9.794380187988281,-27.65657615661621,33.591678619384766,-15.869418144226074,-3.1878036679700017E-4,-2.3169501218944788E-5,-0.0011579424608498812
0.10938508808612823,0.01107318326830864,9.794380187988281,-27.6607723236084,33.658119201660156,-15.812771797180176,-3.1878036679700017E-4,-2.3169501218944788E-5,-0.0011579424608498812
0.10938508808612823,0.01107318326830864,9.794380187988281,-27.6607723236084,33.658119201660156,-15.812771797180176,-3.1878036679700017E-4,-2.3169501218944788E-5,-0.002223206916823983
0.1057937890291214,0.008678981103003025,9.7883939743042,-27.6607723236084,33.658119201660156,-15.812771797180176,-3.1878036679700017E-4,-2.3169501218944788E-5,-0.002223206916823983
0.1057937890291214,0.008678981103003025,9.7883939743042,-27.653690338134766,33.741127014160156,-15.744075775146484,-3.1878036679700017E-4,-2.3169501218944788E-5,-0.002223206916823983
0.1057937890291214,0.008678981103003025,9.7883939743042,-27.653690338134766,33.741127014160156,-15.744075775146484,-3.1878036679700017E-4,-2.3169501218944788E-5,0.002037850907072425
0.10100538283586502,0.020649990066885948,9.806350708007813,-27.653690338134766,33.741127014160156,-15.744075775146484,-3.1878036679700017E-4,-2.3169501218944788E-5,0.002037850907072425
0.10100538283586502,0.020649990066885948,9.806350708007813,-27.653690338134766,33.741127014160156,-15.744075775146484,-3.1878036679700017E-4,-2.3169501218944788E-5,9.725864510983229E-4
0.10459668934345245,0.009876081719994545,9.801562309265137,-27.653690338134766,33.741127014160156,-15.744075775146484,-3.1878036679700017E-4,-2.3169501218944788E-5,9.725864510983229E-4
0.10459668934345245,0.009876081719994545,9.801562309265137,-27.642620086669922,33.79087448120117,-15.699715614318848,-3.1878036679700017E-4,-2.3169501218944788E-5,9.725864510983229E-4
0.10459668934345245,0.009876081719994545,9.801562309265137,-27.642620086669922,33.79087448120117,-15.699715614318848,-3.1878036679700017E-4,-2.3169501218944788E-5,-9.267800487577915E-5
0.09142857789993286,0.01825578883290291,9.81951904296875,-27.642620086669922,33.79087448120117,-15.699715614318848,-3.1878036679700017E-4,-2.3169501218944788E-5,-9.267800487577915E-5
0.09142857789993286,0.01825578883290291,9.81951904296875,-27.615346908569336,33.84788131713867,-15.66751480102539,-3.1878036679700017E-4,-2.3169501218944788E-5,-9.267800487577915E-5
0.09142857789993286,0.01825578883290291,9.81951904296875,-27.615346908569336,33.84788131713867,-15.66751480102539,-3.1878036679700017E-4,-2.3169501218944788E-5,-0.003288471372798085
0.10339958220720291,0.01227028388530016,9.805153846740723,-27.615346908569336,33.84788131713867,-15.66751480102539,-3.1878036679700017E-4,-2.3169501218944788E-5,-0.003288471372798085
0.10339958220720291,0.01227028388530016,9.805153846740723,-27.57748031616211,33.91355895996094,-15.647494316101074,-3.1878036679700017E-4,-2.3169501218944788E-5,-0.003288471372798085
0.10339958220720291,0.01227028388530016,9.805153846740723,-27.57748031616211,33.91355895996094,-15.647494316101074,-3.1878036679700017E-4,-2.3169501218944788E-5,-9.267800487577915E-5
0.11177929490804672,0.023044191300868988,9.803956985473633,-27.57748031616211,33.91355895996094,-15.647494316101074,-3.1878036679700017E-4,-2.3169501218944788E-5,-9.267800487577915E-5
0.11177929490804672,0.023044191300868988,9.803956985473633,-27.5338077545166,33.94564437866211,-15.637253761291504,-3.1878036679700017E-4,-2.3169501218944788E-5,-9.267800487577915E-5
0.11177929490804672,0.023044191300868988,9.803956985473633,-27.5338077545166,33.94564437866211,-15.637253761291504,-3.1638352083973587E-4,-2.4234765078290366E-5,0.005233111325651407
0.09861118346452713,0.023044191300868988,9.82071590423584,-27.5338077545166,33.94564437866211,-15.637253761291504,-3.1638352083973587E-4,-2.4234765078290366E-5,0.005233111325651407
0.09861118346452713,0.023044191300868988,9.82071590423584,-27.49600601196289,33.947078704833984,-15.62546443939209,-3.1638352083973587E-4,-2.4234765078290366E-5,0.005233111325651407
0.09861118346452713,0.023044191300868988,9.82071590423584,-27.49600601196289,33.947078704833984,-15.62546443939209,-3.1638352083973587E-4,-2.4234765078290366E-5,-9.321063407696784E-5
0.10459668934345245,0.020649990066885948,9.799168586730957,-27.49600601196289,33.947078704833984,-15.62546443939209,-3.1638352083973587E-4,-2.4234765078290366E-5,-9.321063407696784E-5
0.10459668934345245,0.020649990066885948,9.799168586730957,-27.501482009887695,33.90884780883789,-15.63176441192627,-3.1638352083973587E-4,-2.4234765078290366E-5,-9.321063407696784E-5
0.10459668934345245,0.020649990066885948,9.799168586730957,-27.501482009887695,33.90884780883789,-15.63176441192627,-3.1638352083973587E-4,-2.4234765078290366E-5,-9.321063407696784E-5
0.11058218777179718,0.023044191300868988,9.805153846740723,-27.501482009887695,33.90884780883789,-15.63176441192627,-3.1638352083973587E-4,-2.4234765078290366E-5,-9.321063407696784E-5
0.11058218777179718,0.023044191300868988,9.805153846740723,-27.52654457092285,33.88398361206055,-15.645455360412598,-3.1638352083973587E-4,-2.4234765078290366E-5,-9.321063407696784E-5
0.11058218777179718,0.023044191300868988,9.805153846740723,-27.52654457092285,33.88398361206055,-15.645455360412598,-3.1638352083973587E-4,-2.4234765078290366E-5,-0.004354268312454224
0.11776479333639145,0.03621229901909828,9.800365447998047,-27.52654457092285,33.88398361206055,-15.645455360412598,-3.1638352083973587E-4,-2.4234765078290366E-5,-0.004354268312454224
0.11776479333639145,0.03621229901909828,9.800365447998047,-27.52654457092285,33.88398361206055,-15.645455360412598,-3.1638352083973587E-4,-2.4234765078290366E-5,-0.004354268312454224
0.10220248252153397,0.023044191300868988,9.812335968017578,-27.52654457092285,33.88398361206055,-15.645455360412598,-3.1638352083973587E-4,-2.4234765078290366E-5,-0.004354268312454224
0.10220248252153397,0.023044191300868988,9.812335968017578,-27.531253814697266,33.92816162109375,-15.635222434997559,-3.1638352083973587E-4,-2.4234765078290366E-5,-0.004354268312454224
0.10220248252153397,0.023044191300868988,9.812335968017578,-27.531253814697266,33.92816162109375,-15.635222434997559,-3.1638352083973587E-4,-2.4234765078290366E-5,-0.0022237394005060196
0.10938508808612823,0.025438392534852028,9.806350708007813,-27.531253814697266,33.92816162109375,-15.635222434997559,-3.1638352083973587E-4,-2.4234765078290366E-5,-0.0022237394005060196
0.10938508808612823,0.025438392534852028,9.806350708007813,-27.53356170654297,33.96358108520508,-15.59909725189209,-3.1638352083973587E-4,-2.4234765078290366E-5,-0.0022237394005060196
0.10938508808612823,0.025438392534852028,9.806350708007813,-27.53356170654297,33.96358108520508,-15.59909725189209,-3.1638352083973587E-4,-2.4234765078290366E-5,-0.0022237394005060196
0.10339958220720291,0.017058687284588814,9.813533782958984,-27.53356170654297,33.96358108520508,-15.59909725189209,-3.1638352083973587E-4,-2.4234765078290366E-5,-0.0022237394005060196
0.10339958220720291,0.017058687284588814,9.813533782958984,-27.55076026916504,33.921817779541016,-15.541258811950684,-3.1638352083973587E-4,-2.4234765078290366E-5,-0.0022237394005060196
0.10339958220720291,0.017058687284588814,9.813533782958984,-27.55076026916504,33.921817779541016,-15.541258811950684,-3.1638352083973587E-4,-2.4234765078290366E-5,0.002037318190559745
0.10220248252153397,0.025438392534852028,9.808745384216309,-27.55076026916504,33.921817779541016,-15.541258811950684,-3.1638352083973587E-4,-2.4234765078290366E-5,0.002037318190559745
0.10220248252153397,0.025438392534852028,9.808745384216309,-27.546920776367188,33.81847381591797,-15.484500885009766,-3.1638352083973587E-4,-2.4234765078290366E-5,0.002037318190559745
0.10220248252153397,0.025438392534852028,9.808745384216309,-27.546920776367188,33.81847381591797,-15.484500885009766,-3.251719754189253E-4,-2.0240024241502397E-5,-0.0011563445441424847
0.11776479333639145,0.01586158573627472,9.79797077178955,-27.546920776367188,33.81847381591797,-15.484500885009766,-3.251719754189253E-4,-2.0240024241502397E-5,-0.0011563445441424847
0.11776479333639145,0.01586158573627472,9.79797077178955,-27.542041778564453,33.7226676940918,-15.439495086669922,-3.251719754189253E-4,-2.0240024241502397E-5,-0.0011563445441424847
0.11776479333639145,0.01586158573627472,9.79797077178955,-27.542041778564453,33.7226676940918,-15.439495086669922,-3.251719754189253E-4,-2.0240024241502397E-5,-0.0022216090001165867
0.11058218777179718,0.025438392534852028,9.809942245483398,-27.542041778564453,33.7226676940918,-15.439495086669922,-3.251719754189253E-4,-2.0240024241502397E-5,-0.0022216090001165867
0.11058218777179718,0.025438392534852028,9.809942245483398,-27.57062339782715,33.67417526245117,-15.417257308959961,-3.251719754189253E-4,-2.0240024241502397E-5,-0.0022216090001165867
0.11058218777179718,0.025438392534852028,9.809942245483398,-27.57062339782715,33.67417526245117,-15.417257308959961,-3.251719754189253E-4,-2.0240024241502397E-5,9.741843095980585E-4
0.1057937890291214,0.01227028388530016,9.805153846740723,-27.57062339782715,33.67417526245117,-15.417257308959961,-3.251719754189253E-4,-2.0240024241502397E-5,9.741843095980585E-4
0.1057937890291214,0.01227028388530016,9.805153846740723,-27.59303092956543,33.63313293457031,-15.45153522491455,-3.251719754189253E-4,-2.0240024241502397E-5,9.741843095980585E-4
0.1057937890291214,0.01227028388530016,9.805153846740723,-27.59303092956543,33.63313293457031,-15.45153522491455,-3.251719754189253E-4,-2.0240024241502397E-5,-9.108010999625549E-5
0.10220248252153397,0.020649990066885948,9.800365447998047,-27.59303092956543,33.63313293457031,-15.45153522491455,-3.251719754189253E-4,-2.0240024241502397E-5,-9.108010999625549E-5
0.10220248252153397,0.020649990066885948,9.800365447998047,-27.59156036376953,33.595523834228516,-15.522515296936035,-3.251719754189253E-4,-2.0240024241502397E-5,-9.108010999625549E-5
0.10220248252153397,0.020649990066885948,9.800365447998047,-27.59156036376953,33.595523834228516,-15.522515296936035,-3.251719754189253E-4,-2.0240024241502397E-5,-0.0022216090001165867
0.10938508808612823,0.029029695317149162,9.806350708007813,-27.59156036376953,33.595523834228516,-15.522515296936035,-3.251719754189253E-4,-2.0240024241502397E-5,-0.0022216090001165867
0.10938508808612823,0.029029695317149162,9.806350708007813,-27.59156036376953,33.595523834228516,-15.522515296936035,-3.251719754189253E-4,-2.0240024241502397E-5,-0.0022216090001165867
0.10699088871479034,0.032620999962091446,9.808745384216309,-27.59156036376953,33.595523834228516,-15.522515296936035,-3.251719754189253E-4,-2.0240024241502397E-5,-0.0022216090001165867
0.10699088871479034,0.032620999962091446,9.808745384216309,-27.554227828979492,33.62473678588867,-15.555734634399414,-3.251719754189253E-4,-2.0240024241502397E-5,-0.0022216090001165867
0.10699088871479034,0.032620999962091446,9.808745384216309,-27.554227828979492,33.62473678588867,-15.555734634399414,-3.251719754189253E-4,-2.0240024241502397E-5,0.0041699777357280254
0.11058218777179718,0.025438392534852028,9.801562309265137,-27.554227828979492,33.62473678588867,-15.555734634399414,-3.251719754189253E-4,-2.0240024241502397E-5,0.0041699777357280254
0.11058218777179718,0.025438392534852028,9.801562309265137,-27.482421875,33.71307373046875,-15.523102760314941,-3.251719754189253E-4,-2.0240024241502397E-5,0.0041699777357280254
0.11058218777179718,0.025438392534852028,9.801562309265137,-27.482421875,33.71307373046875,-15.523102760314941,-3.251719754189253E-4,-2.0240024241502397E-5,-9.108010999625549E-5
0.10100538283586502,0.0146644851192832,9.793182373046875,-27.482421875,33.71307373046875,-15.523102760314941,-3.251719754189253E-4,-2.0240024241502397E-5,-9.108010999625549E-5
0.10100538283586502,0.0146644851192832,9.793182373046875,-27.42486000061035,33.77091598510742,-15.473729133605957,-3.251719754189253E-4,-2.0240024241502397E-5,-9.108010999625549E-5
0.10100538283586502,0.0146644851192832,9.793182373046875,-27.42486000061035,33.77091598510742,-15.473729133605957,-3.3582461765035987E-4,-1.5180017726379447E-5,-0.0022189458832144737
0.09980828315019608,0.0146644851192832,9.809942245483398,-27.42486000061035,33.77091598510742,-15.473729133605957,-3.3582461765035987E-4,-1.5180017726379447E-5,-0.0022189458832144737
0.09980828315019608,0.0146644851192832,9.809942245483398,-27.418487548828125,33.76976013183594,-15.450878143310547,-3.3582461765035987E-4,-1.5180017726379447E-5,-0.0022189458832144737
0.09980828315019608,0.0146644851192832,9.809942245483398,-27.418487548828125,33.76976013183594,-15.450878143310547,-3.3582461765035987E-4,-1.5180017726379447E-5,-0.0032842103391885757
0.09741408377885818,0.01825578883290291,9.803956985473633,-27.418487548828125,33.76976013183594,-15.450878143310547,-3.3582461765035987E-4,-1.5180017726379447E-5,-0.0032842103391885757
0.09741408377885818,0.01825578883290291,9.803956985473633,-27.437824249267578,33.757144927978516,-15.453463554382324,-3.3582461765035987E-4,-1.5180017726379447E-5,-0.0032842103391885757
0.09741408377885818,0.01825578883290291,9.803956985473633,-27.437824249267578,33.757144927978516,-15.453463554382324,-3.3582461765035987E-4,-1.5180017726379447E-5,-0.0011536814272403717
0.10699088871479034,0.017058687284588814,9.809942245483398,-27.437824249267578,33.757144927978516,-15.453463554382324,-3.3582461765035987E-4,-1.5180017726379447E-5,-0.0011536814272403717
0.10699088871479034,0.017058687284588814,9.809942245483398,-27.42437171936035,33.77454376220703,-15.475935935974121,-3.3582461765035987E-4,-1.5180017726379447E-5,-0.0011536814272403717
0.10699088871479034,0.017058687284588814,9.809942245483398,-27.42437171936035,33.77454376220703,-15.475935935974121,-3.3582461765035987E-4,-1.5180017726379447E-5,-8.841694943839684E-5
0.1057937890291214,0.01346738450229168,9.811139106750488,-27.42437171936035,33.77454376220703,-15.475935935974121,-3.3582461765035987E-4,-1.5180017726379447E-5,-8.841694943839684E-5
0.1057937890291214,0.01346738450229168,9.811139106750488,-27.38142967224121,33.8193359375,-15.511703491210938,-3.3582461765035987E-4,-1.5180017726379447E-5,-8.841694943839684E-5
0.1057937890291214,0.01346738450229168,9.811139106750488,-27.38142967224121,33.8193359375,-15.511703491210938,-3.3582461765035987E-4,-1.5180017726379447E-5,-0.0011536814272403717
0.10220248252153397,0.01346738450229168,9.796773910522461,-27.38142967224121,33.8193359375,-15.511703491210938,-3.3582461765035987E-4,-1.5180017726379447E-5,-0.0011536814272403717
0.10220248252153397,0.01346738450229168,9.796773910522461,-27.37413787841797,33.851844787597656,-15.538491249084473,-3.3582461765035987E-4,-1.5180017726379447E-5,-0.0011536814272403717
0.10220248252153397,0.01346738450229168,9.796773910522461,-27.37413787841797,33.851844787597656,-15.538491249084473,-3.3582461765035987E-4,-1.5180017726379447E-5,9.768474847078323E-4
0.10220248252153397,0.017058687284588814,9.796773910522461,-27.37413787841797,33.851844787597656,-15.538491249084473,-3.3582461765035987E-4,-1.5180017726379447E-5,9.768474847078323E-4
0.10220248252153397,0.017058687284588814,9.796773910522461,-27.37413787841797,33.851844787597656,-15.538491249084473,-3.3582461765035987E-4,-1.5180017726379447E-5,-0.00541473925113678
0.11058218777179718,0.019452888518571854,9.800365447998047,-27.37413787841797,33.851844787597656,-15.538491249084473,-3.3582461765035987E-4,-1.5180017726379447E-5,-0.00541473925113678
0.11058218777179718,0.019452888518571854,9.800365447998047,-27.418312072753906,33.88029861450195,-15.539194107055664,-3.3582461765035987E-4,-1.5180017726379447E-5,-0.00541473925113678
0.11058218777179718,0.019452888518571854,9.800365447998047,-27.418312072753906,33.88029861450195,-15.539194107055664,-3.3582461765035987E-4,-1.5180017726379447E-5,-0.00541473925113678
0.0950198769569397,0.017058687284588814,9.796773910522461,-27.418312072753906,33.88029861450195,-15.539194107055664,-3.3582461765035987E-4,-1.5180017726379447E-5,-0.00541473925113678
0.0950198769569397,0.017058687284588814,9.796773910522461,-27.461820602416992,33.925926208496094,-15.535545349121094,-3.3582461765035987E-4,-1.5180017726379447E-5,-0.00541473925113678
0.0950198769569397,0.017058687284588814,9.796773910522461,-27.461820602416992,33.925926208496094,-15.535545349121094,-3.3156355493701994E-4,-1.7310547264060006E-5,-0.00222001108340919
0.09741408377885818,0.01346738450229168,9.807547569274902,-27.461820602416992,33.925926208496094,-15.535545349121094,-3.3156355493701994E-4,-1.7310547264060006E-5,-0.00222001108340919
0.09741408377885818,0.01346738450229168,9.807547569274902,-27.471662521362305,33.94598388671875,-15.522294998168945,-3.3156355493701994E-4,-1.7310547264060006E-5,-0.00222001108340919
0.09741408377885818,0.01346738450229168,9.807547569274902,-27.471662521362305,33.94598388671875,-15.522294998168945,-3.3156355493701994E-4,-1.7310547264060006E-5,-0.0011547466274350882
0.10818798840045929,0.01346738450229168,9.800365447998047,-27.471662521362305,33.94598388671875,-15.522294998168945,-3.3156355493701994E-4,-1.7310547264060006E-5,-0.0011547466274350882
0.10818798840045929,0.01346738450229168,9.800365447998047,-27.446977615356445,33.949859619140625,-15.449345588684082,-3.3156355493701994E-4,-1.7310547264060006E-5,-0.0011547466274350882
0.10818798840045929,0.01346738450229168,9.800365447998047,-27.446977615356445,33.949859619140625,-15.449345588684082,-3.3156355493701994E-4,-1.7310547264060006E-5,-8.948221511673182E-5
0.10699088871479034,0.020649990066885948,9.805153846740723,-27.446977615356445,33.949859619140625,-15.449345588684082,-3.3156355493701994E-4,-1.7310547264060006E-5,-8.948221511673182E-5
0.10699088871479034,0.020649990066885948,9.805153846740723,-27.427186965942383,33.94523620605469,-15.378822326660156,-3.3156355493701994E-4,-1.7310547264060006E-5,-8.948221511673182E-5
0.10699088871479034,0.020649990066885948,9.805153846740723,-27.427186965942383,33.94523620605469,-15.378822326660156,-3.3156355493701994E-4,-1.7310547264060006E-5,-0.003285275539383292
0.10459668934345245,0.019452888518571854,9.808745384216309,-27.427186965942383,33.94523620605469,-15.378822326660156,-3.3156355493701994E-4,-1.7310547264060006E-5,-0.003285275539383292
0.10459668934345245,0.019452888518571854,9.808745384216309,-27.430147171020508,33.88798141479492,-15.356410026550293,-3.3156355493701994E-4,-1.7310547264060006E-5,-0.003285275539383292
0.10459668934345245,0.019452888518571854,9.808745384216309,-27.430147171020508,33.88798141479492,-15.356410026550293,-3.3156355493701994E-4,-1.7310547264060006E-5,9.75782226305455E-4
0.10339958220720291,0.0314238965511322,9.808745384216309,-27.430147171020508,33.88798141479492,-15.356410026550293,-3.3156355493701994E-4,-1.7310547264060006E-5,9.75782226305455E-4
0.10339958220720291,0.0314238965511322,9.808745384216309,-27.410398483276367,33.808677673339844,-15.30367660522461,-3.3156355493701994E-4,-1.7310547264060006E-5,9.75782226305455E-4
0.10339958220720291,0.0314238965511322,9.808745384216309,-27.410398483276367,33.808677673339844,-15.30367660522461,-3.3156355493701994E-4,-1.7310547264060006E-5,-0.0011547466274350882
0.09980828315019608,0.026635494083166122,9.791985511779785,-27.410398483276367,33.808677673339844,-15.30367660522461,-3.3156355493701994E-4,-1.7310547264060006E-5,-0.0011547466274350882
0.09980828315019608,0.026635494083166122,9.791985511779785,-27.375457763671875,33.76753616333008,-15.230405807495117,-3.3156355493701994E-4,-1.7310547264060006E-5,-0.0011547466274350882
0.09980828315019608,0.026635494083166122,9.791985511779785,-27.375457763671875,33.76753616333008,-15.230405807495117,-3.3156355493701994E-4,-1.7310547264060006E-5,-0.0011547466274350882
0.10339958220720291,0.024241292849183083,9.814730644226074,-27.375457763671875,33.76753616333008,-15.230405807495117,-3.3156355493701994E-4,-1.7310547264060006E-5,-0.0011547466274350882
0.10339958220720291,0.024241292849183083,9.814730644226074,-27.375457763671875,33.76753616333008,-15.230405807495117,-3.3156355493701994E-4,-1.7310547264060006E-5,-0.0011547466274350882
0.10699088871479034,0.01346738450229168,9.817124366760254,-27.375457763671875,33.76753616333008,-15.230405807495117,-3.3156355493701994E-4,-1.7310547264060006E-5,-0.0011547466274350882
0.10699088871479034,0.01346738450229168,9.817124366760254,-27.364925384521484,33.75276184082031,-15.21131706237793,-3.3156355493701994E-4,-1.7310547264060006E-5,-0.0011547466274350882
0.10699088871479034,0.01346738450229168,9.817124366760254,-27.364925384521484,33.75276184082031,-15.21131706237793,-3.3582461765035987E-4,-1.5180017726379447E-5,-0.0011536814272403717
0.11058218777179718,0.01825578883290291,9.803956985473633,-27.364925384521484,33.75276184082031,-15.21131706237793,-3.3582461765035987E-4,-1.5180017726379447E-5,-0.0011536814272403717
0.11058218777179718,0.01825578883290291,9.803956985473633,-27.359886169433594,33.737003326416016,-15.254877090454102,-3.3582461765035987E-4,-1.5180017726379447E-5,-0.0011536814272403717
0.11058218777179718,0.01825578883290291,9.803956985473633,-27.359886169433594,33.737003326416016,-15.254877090454102,-3.3582461765035987E-4,-1.5180017726379447E-5,-8.841694943839684E-5
0.10339958220720291,0.01825578883290291,9.800365447998047,-27.359886169433594,33.737003326416016,-15.254877090454102,-3.3582461765035987E-4,-1.5180017726379447E-5,-8.841694943839684E-5
0.10339958220720291,0.01825578883290291,9.800365447998047,-27.366716384887695,33.732154846191406,-15.327982902526855,-3.3582461765035987E-4,-1.5180017726379447E-5,-8.841694943839684E-5
0.10339958220720291,0.01825578883290291,9.800365447998047,-27.366716384887695,33.732154846191406,-15.327982902526855,-3.3582461765035987E-4,-1.5180017726379447E-5,9.768474847078323E-4
0.10459668934345245,0.01825578883290291,9.795577049255371,-27.366716384887695,33.732154846191406,-15.327982902526855,-3.3582461765035987E-4,-1.5180017726379447E-5,9.768474847078323E-4
0.10459668934345245,0.01825578883290291,9.795577049255371,-27.419103622436523,33.7252197265625,-15.417221069335938,-3.3582461765035987E-4,-1.5180017726379447E-5,9.768474847078323E-4
0.10459668934345245,0.01825578883290291,9.795577049255371,-27.419103622436523,33.7252197265625,-15.417221069335938,-3.3582461765035987E-4,-1.5180017726379447E-5,0.0020421119406819344
0.11297639459371567,0.020649990066885948,9.803956985473633,-27.419103622436523,33.7252197265625,-15.417221069335938,-3.3582461765035987E-4,-1.5180017726379447E-5,0.0020421119406819344
0.11297639459371567,0.020649990066885948,9.803956985473633,-27.499372482299805,33.71866226196289,-15.5129976272583,-3.3582461765035987E-4,-1.5180017726379447E-5,0.0020421119406819344
0.11297639459371567,0.020649990066885948,9.803956985473633,-27.499372482299805,33.71866226196289,-15.5129976272583,-3.3582461765035987E-4,-1.5180017726379447E-5,9.768474847078323E-4
0.10100538283586502,0.027832595631480217,9.817124366760254,-27.499372482299805,33.71866226196289,-15.5129976272583,-3.3582461765035987E-4,-1.5180017726379447E-5,9.768474847078323E-4
0.10100538283586502,0.027832595631480217,9.817124366760254,-27.6018123626709,33.73833465576172,-15.576437950134277,-3.3582461765035987E-4,-1.5180017726379447E-5,9.768474847078323E-4
0.10100538283586502,0.027832595631480217,9.817124366760254,-27.6018123626709,33.73833465576172,-15.576437950134277,-3.3582461765035987E-4,-1.5180017726379447E-5,0.0020421119406819344
0.1057937890291214,0.024241292849183083,9.806350708007813,-27.6018123626709,33.73833465576172,-15.576437950134277,-3.3582461765035987E-4,-1.5180017726379447E-5,0.0020421119406819344
0.1057937890291214,0.024241292849183083,9.806350708007813,-27.711055755615234,33.78312301635742,-15.611876487731934,-3.3582461765035987E-4,-1.5180017726379447E-5,0.0020421119406819344
0.1057937890291214,0.024241292849183083,9.806350708007813,-27.711055755615234,33.78312301635742,-15.611876487731934,-3.3582461765035987E-4,-1.5180017726379447E-5,9.768474847078323E-4
0.10938508808612823,0.029029695317149162,9.808745384216309,-27.711055755615234,33.78312301635742,-15.611876487731934,-3.3582461765035987E-4,-1.5180017726379447E-5,9.768474847078323E-4
0.10938508808612823,0.029029695317149162,9.808745384216309,-27.777179718017578,33.85579299926758,-15.6516695022583,-3.3582461765035987E-4,-1.5180017726379447E-5,9.768474847078323E-4
0.10938508808612823,0.029029695317149162,9.808745384216309,-27.777179718017578,33.85579299926758,-15.6516695022583,-3.3582461765035987E-4,0.001050084363669157,-8.841694943839684E-5
0.10220248252153397,0.024241292849183083,9.799168586730957,-27.777179718017578,33.85579299926758,-15.6516695022583,-3.3582461765035987E-4,0.001050084363669157,-8.841694943839684E-5
0.10220248252153397,0.024241292849183083,9.799168586730957,-27.777179718017578,33.85579299926758,-15.6516695022583,-3.4221619716845453E-4,-1.2250540748937055E-5,0.005239236634224653
0.10220248252153397,0.01107318326830864,9.808745384216309,-27.777179718017578,33.85579299926758,-15.6516695022583,-3.4221619716845453E-4,-1.2250540748937055E-5,0.005239236634224653
0.10220248252153397,0.01107318326830864,9.808745384216309,-27.776630401611328,33.96037673950195,-15.660920143127441,-3.4221619716845453E-4,-1.2250540748937055E-5,0.005239236634224653
0.10220248252153397,0.01107318326830864,9.808745384216309,-27.776630401611328,33.96037673950195,-15.660920143127441,-3.4221619716845453E-4,-0.0010775149567052722,0.002043443499132991
0.10339958220720291,0.020649990066885948,9.808745384216309,-27.776630401611328,33.96037673950195,-15.660920143127441,-3.4221619716845453E-4,-0.0010775149567052722,0.002043443499132991
0.10339958220720291,0.020649990066885948,9.808745384216309,-27.711355209350586,34.067752838134766,-15.604267120361328,-3.4221619716845453E-4,-0.0010775149567052722,0.002043443499132991
0.10339958220720291,0.020649990066885948,9.808745384216309,-27.711355209350586,34.067752838134766,-15.604267120361328,-3.4221619716845453E-4,-1.2250540748937055E-5,-0.0032828785479068756
0.10339958220720291,0.030226796865463257,9.808745384216309,-27.711355209350586,34.067752838134766,-15.604267120361328,-3.4221619716845453E-4,-1.2250540748937055E-5,-0.0032828785479068756
0.10339958220720291,0.030226796865463257,9.808745384216309,-27.61159324645996,34.122215270996094,-15.494361877441406,-3.4221619716845453E-4,-1.2250540748937055E-5,-0.0032828785479068756
0.10339958220720291,0.030226796865463257,9.808745384216309,-27.61159324645996,34.122215270996094,-15.494361877441406,-3.4221619716845453E-4,-1.2250540748937055E-5,0.002043443499132991
0.10459668934345245,0.023044191300868988,9.812335968017578,-27.61159324645996,34.122215270996094,-15.494361877441406,-3.4221619716845453E-4,-1.2250540748937055E-5,0.002043443499132991
0.10459668934345245,0.023044191300868988,9.812335968017578,-27.506860733032227,34.115882873535156,-15.364285469055176,-3.4221619716845453E-4,-1.2250540748937055E-5,0.002043443499132991
0.10459668934345245,0.023044191300868988,9.812335968017578,-27.506860733032227,34.115882873535156,-15.364285469055176,-3.4221619716845453E-4,-1.2250540748937055E-5,-8.708536915946752E-5
0.09861118346452713,0.0146644851192832,9.796773910522461,-27.506860733032227,34.115882873535156,-15.364285469055176,-3.4221619716845453E-4,-1.2250540748937055E-5,-8.708536915946752E-5
0.09861118346452713,0.0146644851192832,9.796773910522461,-27.436988830566406,34.09001159667969,-15.275070190429688,-3.4221619716845453E-4,-1.2250540748937055E-5,-8.708536915946752E-5
0.09861118346452713,0.0146644851192832,9.796773910522461,-27.436988830566406,34.09001159667969,-15.275070190429688,-3.4221619716845453E-4,-0.0010775149567052722,-0.0032828785479068756
0.10459668934345245,0.029029695317149162,9.805153846740723,-27.436988830566406,34.09001159667969,-15.275070190429688,-3.4221619716845453E-4,-0.0010775149567052722,-0.0032828785479068756
0.10459668934345245,0.029029695317149162,9.805153846740723,-27.438833236694336,34.101173400878906,-15.231277465820313,-3.4221619716845453E-4,-0.0010775149567052722,-0.0032828785479068756
0.10459668934345245,0.029029695317149162,9.805153846740723,-27.438833236694336,34.101173400878906,-15.231277465820313,-3.4221619716845453E-4,-1.2250540748937055E-5,-8.708536915946752E-5
0.1057937890291214,0.01586158573627472,9.79797077178955,-27.438833236694336,34.101173400878906,-15.231277465820313,-3.4221619716845453E-4,-1.2250540748937055E-5,-8.708536915946752E-5
0.1057937890291214,0.01586158573627472,9.79797077178955,-27.46631622314453,34.16080093383789,-15.193102836608887,-3.4221619716845453E-4,-1.2250540748937055E-5,-8.708536915946752E-5
0.1057937890291214,0.01586158573627472,9.79797077178955,-27.46631622314453,34.16080093383789,-15.193102836608887,-3.4221619716845453E-4,-1.2250540748937055E-5,0.002043443499132991
0.10699088871479034,0.017058687284588814,9.796773910522461,-27.46631622314453,34.16080093383789,-15.193102836608887,-3.4221619716845453E-4,-1.2250540748937055E-5,0.002043443499132991
0.10699088871479034,0.017058687284588814,9.796773910522461,-27.46631622314453,34.16080093383789,-15.193102836608887,-3.510046226438135E-4,-8.255799002654385E-6,-0.006476541515439749
0.10459668934345245,0.026635494083166122,9.808745384216309,-27.46631622314453,34.16080093383789,-15.193102836608887,-3.510046226438135E-4,-8.255799002654385E-6,-0.006476541515439749
0.10459668934345245,0.026635494083166122,9.808745384216309,-27.475854873657227,34.182289123535156,-15.181666374206543,-3.510046226438135E-4,-8.255799002654385E-6,-0.006476541515439749
0.10459668934345245,0.026635494083166122,9.808745384216309,-27.475854873657227,34.182289123535156,-15.181666374206543,-3.510046226438135E-4,-8.255799002654385E-6,0.0020455741323530674
0.10339958220720291,0.01107318326830864,9.794380187988281,-27.475854873657227,34.182289123535156,-15.181666374206543,-3.510046226438135E-4,-8.255799002654385E-6,0.0020455741323530674
0.10339958220720291,0.01107318326830864,9.794380187988281,-27.47493553161621,34.10707473754883,-15.234749794006348,-3.510046226438135E-4,-8.255799002654385E-6,0.0020455741323530674
0.10339958220720291,0.01107318326830864,9.794380187988281,-27.47493553161621,34.10707473754883,-15.234749794006348,-3.510046226438135E-4,-8.255799002654385E-6,-0.0011502192355692387
0.10459668934345245,0.020649990066885948,9.811139106750488,-27.47493553161621,34.10707473754883,-15.234749794006348,-3.510046226438135E-4,-8.255799002654385E-6,-0.0011502192355692387
0.10459668934345245,0.020649990066885948,9.811139106750488,-27.477455139160156,34.00056457519531,-15.324634552001953,-3.510046226438135E-4,-8.255799002654385E-6,-0.0011502192355692387
0.10459668934345245,0.020649990066885948,9.811139106750488,-27.477455139160156,34.00056457519531,-15.324634552001953,-3.510046226438135E-4,-8.255799002654385E-6,9.803095599636436E-4
0.10339958220720291,0.01825578883290291,9.814730644226074,-27.477455139160156,34.00056457519531,-15.324634552001953,-3.510046226438135E-4,-8.255799002654385E-6,9.803095599636436E-4
0.10339958220720291,0.01825578883290291,9.814730644226074,-27.481117248535156,33.95792770385742,-15.40605354309082,-3.510046226438135E-4,-8.255799002654385E-6,9.803095599636436E-4
0.10339958220720291,0.01825578883290291,9.814730644226074,-27.481117248535156,33.95792770385742,-15.40605354309082,-3.510046226438135E-4,-8.255799002654385E-6,-0.0011502192355692387
0.10818798840045929,0.024241292849183083,9.82071590423584,-27.481117248535156,33.95792770385742,-15.40605354309082,-3.510046226438135E-4,-8.255799002654385E-6,-0.0011502192355692387
0.10818798840045929,0.024241292849183083,9.82071590423584,-27.451608657836914,33.970733642578125,-15.459065437316895,-3.510046226438135E-4,-8.255799002654385E-6,-0.0011502192355692387
0.10818798840045929,0.024241292849183083,9.82071590423584,-27.451608657836914,33.970733642578125,-15.459065437316895,-3.510046226438135E-4,-8.255799002654385E-6,-0.0022154836915433407
0.10938508808612823,0.023044191300868988,9.801562309265137,-27.451608657836914,33.970733642578125,-15.459065437316895,-3.510046226438135E-4,-8.255799002654385E-6,-0.0022154836915433407
0.10938508808612823,0.023044191300868988,9.801562309265137,-27.37911033630371,33.990989685058594,-15.471519470214844,-3.510046226438135E-4,-8.255799002654385E-6,-0.0022154836915433407
0.10938508808612823,0.023044191300868988,9.801562309265137,-27.37911033630371,33.990989685058594,-15.471519470214844,-3.510046226438135E-4,-8.255799002654385E-6,-8.495483780279756E-5
0.09980828315019608,0.025438392534852028,9.805153846740723,-27.37911033630371,33.990989685058594,-15.471519470214844,-3.510046226438135E-4,-8.255799002654385E-6,-8.495483780279756E-5
0.09980828315019608,0.025438392534852028,9.805153846740723,-27.283933639526367,34.027286529541016,-15.470385551452637,-3.510046226438135E-4,-8.255799002654385E-6,-8.495483780279756E-5
0.09980828315019608,0.025438392534852028,9.805153846740723,-27.283933639526367,34.027286529541016,-15.470385551452637,-3.510046226438135E-4,0.0010570086305961013,-0.0011502192355692387
0.10459668934345245,0.01227028388530016,9.794380187988281,-27.283933639526367,34.027286529541016,-15.470385551452637,-3.510046226438135E-4,0.0010570086305961013,-0.0011502192355692387
0.10459668934345245,0.01227028388530016,9.794380187988281,-27.22975730895996,34.055809020996094,-15.495977401733398,-3.510046226438135E-4,0.0010570086305961013,-0.0011502192355692387
0.10459668934345245,0.01227028388530016,9.794380187988281,-27.22975730895996,34.055809020996094,-15.495977401733398,0.0017837852938100696,0.0031856733839958906,-0.002216548891738057
0.10699088871479034,0.025438392534852028,9.801562309265137,-27.22975730895996,34.055809020996094,-15.495977401733398,0.0017837852938100696,0.0031856733839958906,-0.002216548891738057
0.10699088871479034,0.025438392534852028,9.801562309265137,-27.22975730895996,34.055809020996094,-15.495977401733398,-3.4674355993047357E-4,-0.0010753844399005175,-0.001151284552179277
0.10220248252153397,0.029029695317149162,9.805153846740723,-27.22975730895996,34.055809020996094,-15.495977401733398,-3.4674355993047357E-4,-0.0010753844399005175,-0.001151284552179277
0.10220248252153397,0.029029695317149162,9.805153846740723,-27.25537872314453,34.05847930908203,-15.537517547607422,-3.4674355993047357E-4,-0.0010753844399005175,-0.001151284552179277
0.10220248252153397,0.029029695317149162,9.805153846740723,-27.25537872314453,34.05847930908203,-15.537517547607422,-3.4674355993047357E-4,-0.0021406488958746195,0.005240302067250013
0.10220248252153397,0.030226796865463257,9.790788650512695,-27.25537872314453,34.05847930908203,-15.537517547607422,-3.4674355993047357E-4,-0.0021406488958746195,0.005240302067250013
0.10220248252153397,0.030226796865463257,9.790788650512695,-27.281047821044922,34.08126449584961,-15.537209510803223,-3.4674355993047357E-4,-0.0021406488958746195,0.005240302067250013
0.10220248252153397,0.030226796865463257,9.790788650512695,-27.281047821044922,34.08126449584961,-15.537209510803223,-3.4674355993047357E-4,0.0031856733839958906,-0.001151284552179277
0.10459668934345245,0.023044191300868988,9.808745384216309,-27.281047821044922,34.08126449584961,-15.537209510803223,-3.4674355993047357E-4,0.0031856733839958906,-0.001151284552179277
