0.04593874514102936,-0.03561374917626381,9.791985511779785,-4.387911319732666,-70.36280822753906,79.19479370117188,-0.017306817695498466,-0.09756916761398315,-0.12120205909013748
0.04593874514102936,-0.03561374917626381,9.791985511779785,-4.203363418579102,-70.47681427001953,79.06498718261719,-0.017306817695498466,-0.09756916761398315,-0.12120205909013748
0.04593874514102936,-0.03561374917626381,9.791985511779785,-4.203363418579102,-70.47681427001953,79.06498718261719,-0.0023931164760142565,-0.018739599734544754,-0.014675615355372429
0.06509235501289368,-0.0487818606197834,9.794380187988281,-4.203363418579102,-70.47681427001953,79.06498718261719,-0.0023931164760142565,-0.018739599734544754,-0.014675615355372429
0.06509235501289368,-0.0487818606197834,9.794380187988281,-4.203363418579102,-70.47681427001953,79.06498718261719,8.026767172850668E-4,-0.010217484086751938,-0.005088235717266798
0.06628946214914322,-0.02843114547431469,9.803956985473633,-4.203363418579102,-70.47681427001953,79.06498718261719,8.026767172850668E-4,-0.010217484086751938,-0.005088235717266798
0.06628946214914322,-0.02843114547431469,9.803956985473633,-4.058094024658203,-70.60057830810547,78.9238510131836,8.026767172850668E-4,-0.010217484086751938,-0.005088235717266798
0.06628946214914322,-0.02843114547431469,9.803956985473633,-4.058094024658203,-70.60057830810547,78.9238510131836,-2.6258768048137426E-4,0.0057614827528595924,-0.005088235717266798
0.071077860891819,-0.05357026308774948,9.781211853027344,-4.058094024658203,-70.60057830810547,78.9238510131836,-2.6258768048137426E-4,0.0057614827528595924,-0.005088235717266798
0.071077860891819,-0.05357026308774948,9.781211853027344,-3.960341215133667,-70.75396728515625,78.83821105957031,-2.6258768048137426E-4,0.0057614827528595924,-0.005088235717266798
0.071077860891819,-0.05357026308774948,9.781211853027344,-3.960341215133667,-70.75396728515625,78.83821105957031,8.026767172850668E-4,0.013218333944678307,-0.0029577065724879503
0.05551555007696152,0.01346738450229168,9.926060676574707,-3.960341215133667,-70.75396728515625,78.83821105957031,8.026767172850668E-4,0.013218333944678307,-0.0029577065724879503
0.05551555007696152,0.01346738450229168,9.926060676574707,-3.9458718299865723,-70.90763854980469,78.8207778930664,8.026767172850668E-4,0.013218333944678307,-0.0029577065724879503
0.05551555007696152,0.01346738450229168,9.926060676574707,-3.9458718299865723,-70.90763854980469,78.8207778930664,0.08176277577877045,0.07500366866588593,-0.033850375562906265
0.20275895297527313,0.044592007994651794,8.798392295837402,-3.9458718299865723,-70.90763854980469,78.8207778930664,0.08176277577877045,0.07500366866588593,-0.033850375562906265
0.20275895297527313,0.044592007994651794,8.798392295837402,-3.9657950401306152,-70.95680236816406,78.88887023925781,0.08176277577877045,0.07500366866588593,-0.033850375562906265
0.20275895297527313,0.044592007994651794,8.798392295837402,-3.9657950401306152,-70.95680236816406,78.88887023925781,-0.23675128817558289,0.10696160048246384,-0.21068426966667175
-0.6926724910736084,-0.17208324372768402,10.170269966125488,-3.9657950401306152,-70.95680236816406,78.88887023925781,-0.23675128817558289,0.10696160048246384,-0.21068426966667175
-0.6926724910736084,-0.17208324372768402,10.170269966125488,-4.822981834411621,-71.62263488769531,78.59666442871094,-0.23675128817558289,0.10696160048246384,-0.21068426966667175
-0.6926724910736084,-0.17208324372768402,10.170269966125488,-4.822981834411621,-71.62263488769531,78.59666442871094,-0.014111025258898735,-0.13378815352916718,-0.2596864402294159
-1.0470143556594849,0.08529343456029892,10.392930030822754,-4.822981834411621,-71.62263488769531,78.59666442871094,-0.014111025258898735,-0.13378815352916718,-0.2596864402294159
-1.0470143556594849,0.08529343456029892,10.392930030822754,-7.576410293579102,-73.49864959716797,76.49943542480469,-0.014111025258898735,-0.13378815352916718,-0.2596864402294159
-1.0470143556594849,0.08529343456029892,10.392930030822754,-7.576410293579102,-73.49864959716797,76.49943542480469,0.22538837790489197,-0.24663907289505005,-0.25752633810043335
-0.24974516034126282,0.81672203540802,9.76445198059082,-7.576410293579102,-73.49864959716797,76.49943542480469,0.22538837790489197,-0.24663907289505005,-0.25752633810043335
-0.24974516034126282,0.81672203540802,9.76445198059082,-10.401728630065918,-73.54405975341797,71.27476501464844,0.22538837790489197,-0.24663907289505005,-0.25752633810043335
-0.24974516034126282,0.81672203540802,9.76445198059082,-10.401728630065918,-73.54405975341797,71.27476501464844,0.09542611986398697,-0.17100529372692108,-0.21491576731204987
-0.27727848291397095,1.1890203952789307,9.197026252746582,-10.401728630065918,-73.54405975341797,71.27476501464844,0.09542611986398697,-0.17100529372692108,-0.21491576731204987
-0.27727848291397095,1.1890203952789307,9.197026252746582,-10.401728630065918,-73.54405975341797,71.27476501464844,-0.1336057335138321,0.025003353133797646,0.11638147383928299
-0.3299509286880493,0.5892729163169861,10.904092788696289,-10.401728630065918,-73.54405975341797,71.27476501464844,-0.1336057335138321,0.025003353133797646,0.11638147383928299
-0.3299509286880493,0.5892729163169861,10.904092788696289,-9.939059257507324,-67.60902404785156,62.97616958618164,-0.1336057335138321,0.025003353133797646,0.11638147383928299
-0.3299509286880493,0.5892729163169861,10.904092788696289,-9.939059257507324,-67.60902404785156,62.97616958618164,0.19875676929950714,-0.12626419961452484,0.5563356876373291
-0.5442319512367249,0.6263830065727234,10.638336181640625,-9.939059257507324,-67.60902404785156,62.97616958618164,0.19875676929950714,-0.12626419961452484,0.5563356876373291
-0.5442319512367249,0.6263830065727234,10.638336181640625,-5.020200252532959,-55.95125961303711,52.41091537475586,0.19875676929950714,-0.12626419961452484,0.5563356876373291
-0.5442319512367249,0.6263830065727234,10.638336181640625,-5.020200252532959,-55.95125961303711,52.41091537475586,1.0104882717132568,-0.11987260729074478,1.2998902797698975
-1.8131588697433472,1.8079215288162231,10.064924240112305,-5.020200252532959,-55.95125961303711,52.41091537475586,1.0104882717132568,-0.11987260729074478,1.2998902797698975
-1.8131588697433472,1.8079215288162231,10.064924240112305,3.568751096725464,-42.42475891113281,40.37202835083008,1.0104882717132568,-0.11987260729074478,1.2998902797698975
-1.8131588697433472,1.8079215288162231,10.064924240112305,3.568751096725464,-42.42475891113281,40.37202835083008,1.5079667568206787,-0.22852957248687744,2.4620938301086426
0.09023147821426392,1.3542203903198242,7.892186641693115,3.568751096725464,-42.42475891113281,40.37202835083008,1.5079667568206787,-0.22852957248687744,2.4620938301086426
0.09023147821426392,1.3542203903198242,7.892186641693115,13.868056297302246,-31.219572067260742,27.818645477294922,1.5079667568206787,-0.22852957248687744,2.4620938301086426
0.09023147821426392,1.3542203903198242,7.892186641693115,13.868056297302246,-31.219572067260742,27.818645477294922,1.201170563697815,0.14431296288967133,2.7859342098236084
1.6704045534133911,0.9675567746162415,10.918457984924316,13.868056297302246,-31.219572067260742,27.818645477294922,1.201170563697815,0.14431296288967133,2.7859342098236084
1.6704045534133911,0.9675567746162415,10.918457984924316,22.88762855529785,-25.06500244140625,16.077730178833008,1.201170563697815,0.14431296288967133,2.7859342098236084
1.6704045534133911,0.9675567746162415,10.918457984924316,22.88762855529785,-25.06500244140625,16.077730178833008,1.6656259298324585,0.5310039520263672,2.131861686706543
1.584213376045227,2.905663013458252,8.234557151794434,22.88762855529785,-25.06500244140625,16.077730178833008,1.6656259298324585,0.5310039520263672,2.131861686706543
1.584213376045227,2.905663013458252,8.234557151794434,28.215587615966797,-24.314208984375,6.760399341583252,1.6656259298324585,0.5310039520263672,2.131861686706543
1.584213376045227,2.905663013458252,8.234557151794434,28.215587615966797,-24.314208984375,6.760399341583252,1.0018478631973267,1.0700706243515015,1.3169536590576172
1.9253870248794556,3.544914960861206,8.371026992797852,28.215587615966797,-24.314208984375,6.760399341583252,1.0018478631973267,1.0700706243515015,1.3169536590576172
1.9253870248794556,3.544914960861206,8.371026992797852,29.340106964111328,-27.43103790283203,1.0883431434631348,1.0018478631973267,1.0700706243515015,1.3169536590576172
1.9253870248794556,3.544914960861206,8.371026992797852,29.340106964111328,-27.43103790283203,1.0883431434631348,0.18905115127563477,1.299102544784546,0.6170749068260193
1.2981061935424805,3.5772366523742676,10.013449668884277,29.340106964111328,-27.43103790283203,1.0883431434631348,0.18905115127563477,1.299102544784546,0.6170749068260193
1.2981061935424805,3.5772366523742676,10.013449668884277,27.285987854003906,-32.30587387084961,-0.9776154160499573,0.18905115127563477,1.299102544784546,0.6170749068260193
1.2981061935424805,3.5772366523742676,10.013449668884277,27.285987854003906,-32.30587387084961,-0.9776154160499573,-0.44158539175987244,1.0413085222244263,0.02052684687077999
-0.4999392330646515,3.258807897567749,12.332233428955078,27.285987854003906,-32.30587387084961,-0.9776154160499573,-0.44158539175987244,1.0413085222244263,0.02052684687077999
-0.4999392330646515,3.258807897567749,12.332233428955078,27.285987854003906,-32.30587387084961,-0.9776154160499573,0.7387275695800781,0.5598089694976807,-0.1403280794620514
-0.5981014966964722,2.9415760040283203,8.817545890808105,27.285987854003906,-32.30587387084961,-0.9776154160499573,0.7387275695800781,0.5598089694976807,-0.1403280794620514
-0.5981014966964722,2.9415760040283203,8.817545890808105,23.666776657104492,-37.23674392700195,-0.5329527854919434,0.7387275695800781,0.5598089694976807,-0.1403280794620514
-0.5981014966964722,2.9415760040283203,8.817545890808105,23.666776657104492,-37.23674392700195,-0.5329527854919434,0.9730857610702515,0.8793882727622986,-0.4876042902469635
-1.494729995727539,3.1343092918395996,8.75888729095459,23.666776657104492,-37.23674392700195,-0.5329527854919434,0.9730857610702515,0.8793882727622986,-0.4876042902469635
-1.494729995727539,3.1343092918395996,8.75888729095459,19.92582130432129,-41.21826934814453,1.3773940801620483,0.9730857610702515,0.8793882727622986,-0.4876042902469635
-1.494729995727539,3.1343092918395996,8.75888729095459,19.92582130432129,-41.21826934814453,1.3773940801620483,0.48625990748405457,0.2647307217121124,-0.955255389213562
-1.7317559719085693,3.41682505607605,7.83113431930542,19.92582130432129,-41.21826934814453,1.3773940801620483,0.48625990748405457,0.2647307217121124,-0.955255389213562
-1.7317559719085693,3.41682505607605,7.83113431930542,16.974504470825195,-43.760257720947266,4.261146545410156,0.48625990748405457,0.2647307217121124,-0.955255389213562
-1.7317559719085693,3.41682505607605,7.83113431930542,16.974504470825195,-43.760257720947266,4.261146545410156,0.12300474941730499,0.19974960386753082,-1.1054576635360718
-2.1004631519317627,3.5161845684051514,7.968801021575928,16.974504470825195,-43.760257720947266,4.261146545410156,0.12300474941730499,0.19974960386753082,-1.1054576635360718
-2.1004631519317627,3.5161845684051514,7.968801021575928,15.314468383789063,-44.74037170410156,7.616270542144775,0.12300474941730499,0.19974960386753082,-1.1054576635360718
-2.1004631519317627,3.5161845684051514,7.968801021575928,15.314468383789063,-44.74037170410156,7.616270542144775,0.4606935679912567,0.6428995728492737,-0.6729602813720703
-3.08687424659729,4.696526050567627,8.673893928527832,15.314468383789063,-44.74037170410156,7.616270542144775,0.4606935679912567,0.6428995728492737,-0.6729602813720703
-3.08687424659729,4.696526050567627,8.673893928527832,15.102872848510742,-44.33513641357422,10.804515838623047,0.4606935679912567,0.6428995728492737,-0.6729602813720703
-3.08687424659729,4.696526050567627,8.673893928527832,15.102872848510742,-44.33513641357422,10.804515838623047,1.074211835861206,0.6120338439941406,-0.04763809219002724
-2.885761260986328,5.081992149353027,6.608894348144531,15.102872848510742,-44.33513641357422,10.804515838623047,1.074211835861206,0.6120338439941406,-0.04763809219002724
-2.885761260986328,5.081992149353027,6.608894348144531,15.921853065490723,-42.91960906982422,13.661316871643066,1.074211835861206,0.6120338439941406,-0.04763809219002724
-2.885761260986328,5.081992149353027,6.608894348144531,15.921853065490723,-42.91960906982422,13.661316871643066,0.6193439364433289,0.5427916646003723,-0.08066128939390182
-3.9164650440216064,6.404788970947266,6.851905822753906,15.921853065490723,-42.91960906982422,13.661316871643066,0.6193439364433289,0.5427916646003723,-0.08066128939390182
-3.9164650440216064,6.404788970947266,6.851905822753906,16.996341705322266,-40.95509719848633,16.403099060058594,0.6193439364433289,0.5427916646003723,-0.08066128939390182
-3.9164650440216064,6.404788970947266,6.851905822753906,16.996341705322266,-40.95509719848633,16.403099060058594,0.689651370048523,0.8293477892875671,0.12813054025173187
-3.2317233085632324,6.049249649047852,6.317998886108398,16.996341705322266,-40.95509719848633,16.403099060058594,0.689651370048523,0.8293477892875671,0.12813054025173187
-3.2317233085632324,6.049249649047852,6.317998886108398,17.715560913085938,-38.861026763916016,19.14621925354004,0.689651370048523,0.8293477892875671,0.12813054025173187
-3.2317233085632324,6.049249649047852,6.317998886108398,17.715560913085938,-38.861026763916016,19.14621925354004,0.7908515334129333,0.6173601746559143,0.03971359133720398
-4.485087871551514,7.492953300476074,5.900210857391357,17.715560913085938,-38.861026763916016,19.14621925354004,0.7908515334129333,0.6173601746559143,0.03971359133720398
-4.485087871551514,7.492953300476074,5.900210857391357,17.715560913085938,-38.861026763916016,19.14621925354004,0.9154874682426453,1.5803592205047607,-0.23299410939216614
-6.351368427276611,6.894402980804443,7.412148952484131,17.715560913085938,-38.861026763916016,19.14621925354004,0.9154874682426453,1.5803592205047607,-0.23299410939216614
-6.351368427276611,6.894402980804443,7.412148952484131,17.775989532470703,-36.88015365600586,21.922761917114258,0.9154874682426453,1.5803592205047607,-0.23299410939216614
-6.351368427276611,6.894402980804443,7.412148952484131,17.775989532470703,-36.88015365600586,21.922761917114258,2.340811252593994,2.6040782928466797,-0.25962570309638977
-4.0684967041015625,6.504148006439209,-0.32112228870391846,17.775989532470703,-36.88015365600586,21.922761917114258,2.340811252593994,2.6040782928466797,-0.25962570309638977
-4.0684967041015625,6.504148006439209,-0.32112228870391846,16.981964111328125,-34.90009689331055,24.8666934967041,2.340811252593994,2.6040782928466797,-0.25962570309638977
-4.0684967041015625,6.504148006439209,-0.32112228870391846,16.981964111328125,-34.90009689331055,24.8666934967041,1.6494545936584473,3.5883827209472656,-0.8114326596260071
-8.494178771972656,6.869264125823975,-1.5613187551498413,16.981964111328125,-34.90009689331055,24.8666934967041,1.6494545936584473,3.5883827209472656,-0.8114326596260071
-8.494178771972656,6.869264125823975,-1.5613187551498413,14.815340042114258,-32.314414978027344,28.28102684020996,1.6494545936584473,3.5883827209472656,-0.8114326596260071
-8.494178771972656,6.869264125823975,-1.5613187551498413,14.815340042114258,-32.314414978027344,28.28102684020996,0.5138827562332153,3.268803358078003,0.055692557245492935
-5.250035285949707,6.196493148803711,-1.4990695714950562,14.815340042114258,-32.314414978027344,28.28102684020996,0.5138827562332153,3.268803358078003,0.055692557245492935
-5.250035285949707,6.196493148803711,-1.4990695714950562,10.516827583312988,-28.755413055419922,32.11014175415039,0.5138827562332153,3.268803358078003,0.055692557245492935
-5.250035285949707,6.196493148803711,-1.4990695714950562,10.516827583312988,-28.755413055419922,32.11014175415039,0.555374801158905,2.46561336517334,0.08765900880098343
-5.804293155670166,6.241982936859131,0.05357026308774948,10.516827583312988,-28.755413055419922,32.11014175415039,0.555374801158905,2.46561336517334,0.08765900880098343
-5.804293155670166,6.241982936859131,0.05357026308774948,3.9148900508880615,-24.801025390625,35.58554458618164,0.555374801158905,2.46561336517334,0.08765900880098343
-5.804293155670166,6.241982936859131,0.05357026308774948,3.9148900508880615,-24.801025390625,35.58554458618164,1.304255723953247,1.863739013671875,-0.13285072147846222
-4.831049919128418,5.171774864196777,-4.22965669631958,3.9148900508880615,-24.801025390625,35.58554458618164,1.304255723953247,1.863739013671875,-0.13285072147846222
-4.831049919128418,5.171774864196777,-4.22965669631958,-4.245262145996094,-21.01997184753418,37.9235954284668,1.304255723953247,1.863739013671875,-0.13285072147846222
-4.831049919128418,5.171774864196777,-4.22965669631958,-4.245262145996094,-21.01997184753418,37.9235954284668,0.23899127542972565,-0.9197970032691956,-0.1424380987882614
-7.204901218414307,5.405209541320801,-5.680542945861816,-4.245262145996094,-21.01997184753418,37.9235954284668,0.23899127542972565,-0.9197970032691956,-0.1424380987882614
-7.204901218414307,5.405209541320801,-5.680542945861816,-12.391996383666992,-17.567079544067383,39.09890365600586,0.23899127542972565,-0.9197970032691956,-0.1424380987882614
-7.204901218414307,5.405209541320801,-5.680542945861816,-12.391996383666992,-17.567079544067383,39.09890365600586,-1.0190860033035278,-2.369621753692627,0.2144254744052887
-4.953154563903809,7.3564839363098145,-2.4136545658111572,-12.391996383666992,-17.567079544067383,39.09890365600586,-1.0190860033035278,-2.369621753692627,0.2144254744052887
-4.953154563903809,7.3564839363098145,-2.4136545658111572,-18.38348960876465,-14.987442970275879,39.7171745300293,-1.0190860033035278,-2.369621753692627,0.2144254744052887
-4.953154563903809,7.3564839363098145,-2.4136545658111572,-18.38348960876465,-14.987442970275879,39.7171745300293,-1.721095323562622,-3.358187198638916,-0.21913714706897736
-7.3174285888671875,6.961440563201904,-0.9938929677009583,-18.38348960876465,-14.987442970275879,39.7171745300293,-1.721095323562622,-3.358187198638916,-0.21913714706897736
-7.3174285888671875,6.961440563201904,-0.9938929677009583,-18.38348960876465,-14.987442970275879,39.7171745300293,-2.6020689010620117,-4.370188236236572,-0.26600876450538635
-5.378125190734863,5.867290496826172,6.080973148345947,-18.38348960876465,-14.987442970275879,39.7171745300293,-2.6020689010620117,-4.370188236236572,-0.26600876450538635
-5.378125190734863,5.867290496826172,6.080973148345947,-20.303817749023438,-14.160310745239258,40.13671875,-2.6020689010620117,-4.370188236236572,-0.26600876450538635
-5.378125190734863,5.867290496826172,6.080973148345947,-20.303817749023438,-14.160310745239258,40.13671875,-2.44227933883667,-3.6394171714782715,-0.7017019391059875
-6.381295680999756,5.260360240936279,5.763741493225098,-20.303817749023438,-14.160310745239258,40.13671875,-2.44227933883667,-3.6394171714782715,-0.7017019391059875
-6.381295680999756,5.260360240936279,5.763741493225098,-17.268587112426758,-15.653554916381836,39.875179290771484,-2.44227933883667,-3.6394171714782715,-0.7017019391059875
-6.381295680999756,5.260360240936279,5.763741493225098,-17.268587112426758,-15.653554916381836,39.875179290771484,-2.4944772720336914,-3.7129201889038086,-0.5845228433609009
-3.7177462577819824,3.4623148441314697,11.270404815673828,-17.268587112426758,-15.653554916381836,39.875179290771484,-2.4944772720336914,-3.7129201889038086,-0.5845228433609009
-3.7177462577819824,3.4623148441314697,11.270404815673828,-9.943641662597656,-19.270788192749023,37.85552215576172,-2.4944772720336914,-3.7129201889038086,-0.5845228433609009
-3.7177462577819824,3.4623148441314697,11.270404815673828,-9.943641662597656,-19.270788192749023,37.85552215576172,-2.316628932952881,-3.895062208175659,-0.7613487243652344
-1.8359037637710571,1.4416086673736572,11.677419662475586,-9.943641662597656,-19.270788192749023,37.85552215576172,-2.316628932952881,-3.895062208175659,-0.7613487243652344
-1.8359037637710571,1.4416086673736572,11.677419662475586,-0.1230069249868393,-23.986400604248047,33.08662796020508,-2.316628932952881,-3.895062208175659,-0.7613487243652344
-1.8359037637710571,1.4416086673736572,11.677419662475586,-0.1230069249868393,-23.986400604248047,33.08662796020508,-1.8596304655075073,-3.6543123722076416,-0.803959310054779
0.0818517729640007,0.9220669269561768,10.227730751037598,-0.1230069249868393,-23.986400604248047,33.08662796020508,-1.8596304655075073,-3.6543123722076416,-0.803959310054779
0.0818517729640007,0.9220669269561768,10.227730751037598,10.124897956848145,-28.40030860900879,25.210487365722656,-1.8596304655075073,-3.6543123722076416,-0.803959310054779
0.0818517729640007,0.9220669269561768,10.227730751037598,10.124897956848145,-28.40030860900879,25.210487365722656,-1.0606821775436401,-3.10676646232605,-0.8369825482368469
3.298461675643921,0.5342062711715698,11.521796226501465,10.124897956848145,-28.40030860900879,25.210487365722656,-1.0606821775436401,-3.10676646232605,-0.8369825482368469
3.298461675643921,0.5342062711715698,11.521796226501465,18.877803802490234,-31.3917236328125,14.84487247467041,-1.0606821775436401,-3.10676646232605,-0.8369825482368469
3.298461675643921,0.5342062711715698,11.521796226501465,18.877803802490234,-31.3917236328125,14.84487247467041,0.9228401780128479,-2.7839913368225098,-1.4345958232879639
2.4042274951934814,1.4080898761749268,10.499472618103027,18.877803802490234,-31.3917236328125,14.84487247467041,0.9228401780128479,-2.7839913368225098,-1.4345958232879639
2.4042274951934814,1.4080898761749268,10.499472618103027,24.886228561401367,-32.607086181640625,3.562100648880005,0.9228401780128479,-2.7839913368225098,-1.4345958232879639
2.4042274951934814,1.4080898761749268,10.499472618103027,24.886228561401367,-32.607086181640625,3.562100648880005,2.279987096786499,-2.042567253112793,-0.6974328756332397
5.212625980377197,1.6953940391540527,7.214627742767334,24.886228561401367,-32.607086181640625,3.562100648880005,2.279987096786499,-2.042567253112793,-0.6974328756332397
5.212625980377197,1.6953940391540527,7.214627742767334,27.94806671142578,-32.64103698730469,-6.640789985656738,2.279987096786499,-2.042567253112793,-0.6974328756332397
5.212625980377197,1.6953940391540527,7.214627742767334,27.94806671142578,-32.64103698730469,-6.640789985656738,1.7079401016235352,-1.7336406707763672,-0.5781232714653015
6.335506439208984,3.1594483852386475,5.216666221618652,27.94806671142578,-32.64103698730469,-6.640789985656738,1.7079401016235352,-1.7336406707763672,-0.5781232714653015
6.335506439208984,3.1594483852386475,5.216666221618652,27.94806671142578,-32.64103698730469,-6.640789985656738,0.5297576189041138,-1.6047435998916626,-0.613277018070221
7.776815891265869,2.63631534576416,5.758953094482422,27.94806671142578,-32.64103698730469,-6.640789985656738,0.5297576189041138,-1.6047435998916626,-0.613277018070221
7.776815891265869,2.63631534576416,5.758953094482422,28.583162307739258,-32.43195343017578,-14.347356796264648,0.5297576189041138,-1.6047435998916626,-0.613277018070221
7.776815891265869,2.63631534576416,5.758953094482422,28.583162307739258,-32.43195343017578,-14.347356796264648,0.8397495746612549,-1.2137916088104248,-1.1533660888671875
7.879766941070557,3.082834005355835,5.158008098602295,28.583162307739258,-32.43195343017578,-14.347356796264648,0.8397495746612549,-1.2137916088104248,-1.1533660888671875
7.879766941070557,3.082834005355835,5.158008098602295,27.58627700805664,-32.319427490234375,-19.40829086303711,0.8397495746612549,-1.2137916088104248,-1.1533660888671875
7.879766941070557,3.082834005355835,5.158008098602295,27.58627700805664,-32.319427490234375,-19.40829086303711,1.9220467805862427,-0.5479970574378967,-1.6582995653152466
6.480355739593506,5.797858715057373,2.702754497528076,27.58627700805664,-32.319427490234375,-19.40829086303711,1.9220467805862427,-0.5479970574378967,-1.6582995653152466
6.480355739593506,5.797858715057373,2.702754497528076,25.924135208129883,-32.12519073486328,-22.30101203918457,1.9220467805862427,-0.5479970574378967,-1.6582995653152466
6.480355739593506,5.797858715057373,2.702754497528076,25.924135208129883,-32.12519073486328,-22.30101203918457,2.554813861846924,-0.15811027586460114,-1.5965142250061035
5.387402534484863,8.077138900756836,-0.4504092037677765,25.924135208129883,-32.12519073486328,-22.30101203918457,2.554813861846924,-0.15811027586460114,-1.5965142250061035
5.387402534484863,8.077138900756836,-0.4504092037677765,24.610837936401367,-31.772382736206055,-23.21314239501953,2.554813861846924,-0.15811027586460114,-1.5965142250061035
5.387402534484863,8.077138900756836,-0.4504092037677765,24.610837936401367,-31.772382736206055,-23.21314239501953,2.0679879188537598,0.005940447095781565,-1.3248717784881592
5.310788154602051,8.050802230834961,-0.4671685993671417,24.610837936401367,-31.772382736206055,-23.21314239501953,2.0679879188537598,0.005940447095781565,-1.3248717784881592
5.310788154602051,8.050802230834961,-0.4671685993671417,24.27610206604004,-31.354904174804688,-22.18151092529297,2.0679879188537598,0.005940447095781565,-1.3248717784881592
5.310788154602051,8.050802230834961,-0.4671685993671417,24.27610206604004,-31.354904174804688,-22.18151092529297,1.957200527191162,0.13590270280838013,-1.6007752418518066
4.171148300170898,7.7287821769714355,-1.6750433444976807,24.27610206604004,-31.354904174804688,-22.18151092529297,1.957200527191162,0.13590270280838013,-1.6007752418518066
4.171148300170898,7.7287821769714355,-1.6750433444976807,24.985790252685547,-30.798725128173828,-19.559457778930664,1.957200527191162,0.13590270280838013,-1.6007752418518066
4.171148300170898,7.7287821769714355,-1.6750433444976807,24.985790252685547,-30.798725128173828,-19.559457778930664,2.0285732746124268,0.39476194977760315,-1.9895967245101929
2.635267972946167,6.421548366546631,-0.8969278335571289,24.985790252685547,-30.798725128173828,-19.559457778930664,2.0285732746124268,0.39476194977760315,-1.9895967245101929
2.635267972946167,6.421548366546631,-0.8969278335571289,26.655439376831055,-29.741609573364258,-15.863914489746094,2.0285732746124268,0.39476194977760315,-1.9895967245101929
2.635267972946167,6.421548366546631,-0.8969278335571289,26.655439376831055,-29.741609573364258,-15.863914489746094,2.4269821643829346,0.7004928588867188,-2.3528518676757813
1.0347440242767334,6.610690116882324,-3.987842321395874,26.655439376831055,-29.741609573364258,-15.863914489746094,2.4269821643829346,0.7004928588867188,-2.3528518676757813
1.0347440242767334,6.610690116882324,-3.987842321395874,29.186683654785156,-27.6810245513916,-11.463777542114258,2.4269821643829346,0.7004928588867188,-2.3528518676757813
1.0347440242767334,6.610690116882324,-3.987842321395874,29.186683654785156,-27.6810245513916,-11.463777542114258,2.469592571258545,0.9742658138275146,-2.3475255966186523
0.2685995101928711,7.132626056671143,-7.644985198974609,29.186683654785156,-27.6810245513916,-11.463777542114258,2.469592571258545,0.9742658138275146,-2.3475255966186523
0.2685995101928711,7.132626056671143,-7.644985198974609,29.186683654785156,-27.6810245513916,-11.463777542114258,1.805932879447937,1.1276638507843018,-2.0737526416778564
-1.8011878728866577,7.81257963180542,-7.194875240325928,29.186683654785156,-27.6810245513916,-11.463777542114258,1.805932879447937,1.1276638507843018,-2.0737526416778564
-1.8011878728866577,7.81257963180542,-7.194875240325928,32.22187042236328,-24.146900177001953,-6.584033012390137,1.805932879447937,1.1276638507843018,-2.0737526416778564
-1.8011878728866577,7.81257963180542,-7.194875240325928,32.22187042236328,-24.146900177001953,-6.584033012390137,1.0346583127975464,0.6930445432662964,-1.3280638456344604
-0.35748425126075745,6.371270179748535,-9.865607261657715,32.22187042236328,-24.146900177001953,-6.584033012390137,1.0346583127975464,0.6930445432662964,-1.3280638456344604
-0.35748425126075745,6.371270179748535,-9.865607261657715,35.168880462646484,-19.041593551635742,-1.468324065208435,1.0346583127975464,0.6930445432662964,-1.3280638456344604
-0.35748425126075745,6.371270179748535,-9.865607261657715,35.168880462646484,-19.041593551635742,-1.468324065208435,-0.5355414748191833,0.35642096400260925,-1.1618826389312744
-1.288828730583191,6.7351884841918945,-7.004536151885986,35.168880462646484,-19.041593551635742,-1.468324065208435,-0.5355414748191833,0.35642096400260925,-1.1618826389312744
-1.288828730583191,6.7351884841918945,-7.004536151885986,37.50667953491211,-12.94299030303955,3.447988510131836,-0.5355414748191833,0.35642096400260925,-1.1618826389312744
-1.288828730583191,6.7351884841918945,-7.004536151885986,37.50667953491211,-12.94299030303955,3.447988510131836,-0.3214232921600342,0.7697435617446899,-1.0755962133407593
-3.745279550552368,8.061576843261719,-6.493374347686768,37.50667953491211,-12.94299030303955,3.447988510131836,-0.3214232921600342,0.7697435617446899,-1.0755962133407593
-3.745279550552368,8.061576843261719,-6.493374347686768,38.966796875,-6.777401447296143,7.724160671234131,-0.3214232921600342,0.7697435617446899,-1.0755962133407593
-3.745279550552368,8.061576843261719,-6.493374347686768,38.966796875,-6.777401447296143,7.724160671234131,-1.7499428987503052,-0.6459928750991821,-0.5046144127845764
-2.141164541244507,8.117839813232422,-8.746317863464355,38.966796875,-6.777401447296143,7.724160671234131,-1.7499428987503052,-0.6459928750991821,-0.5046144127845764
-2.141164541244507,8.117839813232422,-8.746317863464355,39.586448669433594,-1.3139747381210327,11.152514457702637,-1.7499428987503052,-0.6459928750991821,-0.5046144127845764
-2.141164541244507,8.117839813232422,-8.746317863464355,39.586448669433594,-1.3139747381210327,11.152514457702637,-3.998716115951538,-0.8622415661811829,-0.11792343854904175
-3.0713119506835938,8.79539966583252,-2.2735939025878906,39.586448669433594,-1.3139747381210327,11.152514457702637,-3.998716115951538,-0.8622415661811829,-0.11792343854904175
-3.0713119506835938,8.79539966583252,-2.2735939025878906,39.74753189086914,2.641453504562378,13.603194236755371,-3.998716115951538,-0.8622415661811829,-0.11792343854904175
-3.0713119506835938,8.79539966583252,-2.2735939025878906,39.74753189086914,2.641453504562378,13.603194236755371,-3.1070897579193115,0.43525052070617676,-0.02737596444785595
-4.972308158874512,10.543166160583496,-1.5864578485488892,39.74753189086914,2.641453504562378,13.603194236755371,-3.1070897579193115,0.43525052070617676,-0.02737596444785595
-4.972308158874512,10.543166160583496,-1.5864578485488892,39.77265167236328,4.334476947784424,15.265369415283203,-3.1070897579193115,0.43525052070617676,-0.02737596444785595
-4.972308158874512,10.543166160583496,-1.5864578485488892,39.77265167236328,4.334476947784424,15.265369415283203,-3.337186813354492,1.2235462665557861,0.6895470023155212
-3.5118448734283447,7.835324287414551,-0.9304466247558594,39.77265167236328,4.334476947784424,15.265369415283203,-3.337186813354492,1.2235462665557861,0.6895470023155212
-3.5118448734283447,7.835324287414551,-0.9304466247558594,39.77265167236328,4.334476947784424,15.265369415283203,-4.644266128540039,1.7316772937774658,1.2349623441696167
-3.5178303718566895,1.5936405658721924,4.77733039855957,39.77265167236328,4.334476947784424,15.265369415283203,-4.644266128540039,1.7316772937774658,1.2349623441696167
-3.5178303718566895,1.5936405658721924,4.77733039855957,39.47197341918945,3.432262420654297,16.740985870361328,-4.644266128540039,1.7316772937774658,1.2349623441696167
-3.5178303718566895,1.5936405658721924,4.77733039855957,39.47197341918945,3.432262420654297,16.740985870361328,-5.75216007232666,1.046718955039978,0.5617184638977051
-3.7871782779693604,1.3326724767684937,10.24808120727539,39.47197341918945,3.432262420654297,16.740985870361328,-5.75216007232666,1.046718955039978,0.5617184638977051
-3.7871782779693604,1.3326724767684937,10.24808120727539,38.35765075683594,-0.3370879292488098,18.214792251586914,-5.75216007232666,1.046718955039978,0.5617184638977051
-3.7871782779693604,1.3326724767684937,10.24808120727539,38.35765075683594,-0.3370879292488098,18.214792251586914,-4.04347562789917,0.5982426404953003,0.649070143699646
-4.462343215942383,4.117129325866699,8.731354713439941,38.35765075683594,-0.3370879292488098,18.214792251586914,-4.04347562789917,0.5982426404953003,0.649070143699646
-4.462343215942383,4.117129325866699,8.731354713439941,36.32478332519531,-6.882262229919434,18.917604446411133,-4.04347562789917,0.5982426404953003,0.649070143699646
-4.462343215942383,4.117129325866699,8.731354713439941,36.32478332519531,-6.882262229919434,18.917604446411133,-1.7616794109344482,1.2725549936294556,1.5769155025482178
-6.273556709289551,4.294300079345703,5.9875993728637695,36.32478332519531,-6.882262229919434,18.917604446411133,-1.7616794109344482,1.2725549936294556,1.5769155025482178
-6.273556709289551,4.294300079345703,5.9875993728637695,33.69479751586914,-15.107030868530273,18.0903377532959,-1.7616794109344482,1.2725549936294556,1.5769155025482178
-6.273556709289551,4.294300079345703,5.9875993728637695,33.69479751586914,-15.107030868530273,18.0903377532959,-2.055692434310913,1.5974606275558472,3.1077003479003906
-6.061669826507568,1.7851766347885132,14.348151206970215,33.69479751586914,-15.107030868530273,18.0903377532959,-2.055692434310913,1.5974606275558472,3.1077003479003906
-6.061669826507568,1.7851766347885132,14.348151206970215,30.35176658630371,-23.709970474243164,15.978521347045898,-2.055692434310913,1.5974606275558472,3.1077003479003906
-6.061669826507568,1.7851766347885132,14.348151206970215,30.35176658630371,-23.709970474243164,15.978521347045898,-0.2703092396259308,0.6909206509590149,3.9577815532684326
-5.763591766357422,3.0732572078704834,11.273996353149414,30.35176658630371,-23.709970474243164,15.978521347045898,-0.2703092396259308,0.6909206509590149,3.9577815532684326
-5.763591766357422,3.0732572078704834,11.273996353149414,25.40816307067871,-31.910839080810547,13.33218765258789,-0.2703092396259308,0.6909206509590149,3.9577815532684326
-5.763591766357422,3.0732572078704834,11.273996353149414,25.40816307067871,-31.910839080810547,13.33218765258789,1.5449013710021973,0.1433747410774231,4.395605087280273
-4.572476387023926,4.112340927124023,10.251672744750977,25.40816307067871,-31.910839080810547,13.33218765258789,1.5449013710021973,0.1433747410774231,4.395605087280273
-4.572476387023926,4.112340927124023,10.251672744750977,17.866464614868164,-38.87781524658203,11.156963348388672,1.5449013710021973,0.1433747410774231,4.395605087280273
-4.572476387023926,4.112340927124023,10.251672744750977,17.866464614868164,-38.87781524658203,11.156963348388672,2.256497859954834,-0.363691121339798,4.634223937988281
0.3188777267932892,3.100790500640869,8.532635688781738,17.866464614868164,-38.87781524658203,11.156963348388672,2.256497859954834,-0.363691121339798,4.634223937988281
0.3188777267932892,3.100790500640869,8.532635688781738,7.5258049964904785,-43.23727798461914,10.671995162963867,2.256497859954834,-0.363691121339798,4.634223937988281
0.3188777267932892,3.100790500640869,8.532635688781738,7.5258049964904785,-43.23727798461914,10.671995162963867,2.371546506881714,-0.4830007553100586,3.5998525619506836
2.7334301471710205,3.966294288635254,7.043442249298096,7.5258049964904785,-43.23727798461914,10.671995162963867,2.371546506881714,-0.4830007553100586,3.5998525619506836
2.7334301471710205,3.966294288635254,7.043442249298096,7.5258049964904785,-43.23727798461914,10.671995162963867,2.222402572631836,-0.48832467198371887,2.433389186859131
4.787655353546143,4.732439041137695,3.5131916999816895,7.5258049964904785,-43.23727798461914,10.671995162963867,2.222402572631836,-0.48832467198371887,2.433389186859131
4.787655353546143,4.732439041137695,3.5131916999816895,-4.471367835998535,-43.63957977294922,12.449349403381348,2.222402572631836,-0.48832467198371887,2.433389186859131
4.787655353546143,4.732439041137695,3.5131916999816895,-4.471367835998535,-43.63957977294922,12.449349403381348,1.2764477729797363,-0.38286349177360535,1.2189877033233643
5.169530391693115,6.2527570724487305,2.069488048553467,-4.471367835998535,-43.63957977294922,12.449349403381348,1.2764477729797363,-0.38286349177360535,1.2189877033233643
5.169530391693115,6.2527570724487305,2.069488048553467,-16.055912017822266,-39.878421783447266,16.093523025512695,1.2764477729797363,-0.38286349177360535,1.2189877033233643
5.169530391693115,6.2527570724487305,2.069488048553467,-16.055912017822266,-39.878421783447266,16.093523025512695,0.2431412786245346,-0.22094330191612244,0.11643899232149124
4.119672775268555,6.504148006439209,1.5176246166229248,-16.055912017822266,-39.878421783447266,16.093523025512695,0.2431412786245346,-0.22094330191612244,0.11643899232149124
4.119672775268555,6.504148006439209,1.5176246166229248,-25.480024337768555,-33.281551361083984,20.59244728088379,0.2431412786245346,-0.22094330191612244,0.11643899232149124
4.119672775268555,6.504148006439209,1.5176246166229248,-25.480024337768555,-33.281551361083984,20.59244728088379,-0.21918348968029022,-0.12613476812839508,-0.8795832395553589
3.869478940963745,6.96622896194458,2.3412299156188965,-25.480024337768555,-33.281551361083984,20.59244728088379,-0.21918348968029022,-0.12613476812839508,-0.8795832395553589
3.869478940963745,6.96622896194458,2.3412299156188965,-31.998489379882813,-26.04244041442871,24.83167839050293,-0.21918348968029022,-0.12613476812839508,-0.8795832395553589
3.869478940963745,6.96622896194458,2.3412299156188965,-31.998489379882813,-26.04244041442871,24.83167839050293,-0.796556830406189,0.30423206090927124,-1.2779921293258667
2.67716646194458,8.41112995147705,3.683180093765259,-31.998489379882813,-26.04244041442871,24.83167839050293,-0.796556830406189,0.30423206090927124,-1.2779921293258667
2.67716646194458,8.41112995147705,3.683180093765259,-35.72337341308594,-20.26781463623047,28.140676498413086,-0.796556830406189,0.30423206090927124,-1.2779921293258667
2.67716646194458,8.41112995147705,3.683180093765259,-35.72337341308594,-20.26781463623047,28.140676498413086,-1.1747256517410278,0.8262116312980652,-1.3919754028320313
3.116502523422241,6.1414265632629395,4.141669750213623,-35.72337341308594,-20.26781463623047,28.140676498413086,-1.1747256517410278,0.8262116312980652,-1.3919754028320313
3.116502523422241,6.1414265632629395,4.141669750213623,-37.34370040893555,-17.243017196655273,30.185396194458008,-1.1747256517410278,0.8262116312980652,-1.3919754028320313
3.116502523422241,6.1414265632629395,4.141669750213623,-37.34370040893555,-17.243017196655273,30.185396194458008,-2.5403947830200195,0.3297984004020691,-3.0410046577453613
2.0953752994537354,3.413233757019043,7.276876926422119,-37.34370040893555,-17.243017196655273,30.185396194458008,-2.5403947830200195,0.3297984004020691,-3.0410046577453613
2.0953752994537354,3.413233757019043,7.276876926422119,-37.365970611572266,-17.6231632232666,30.6276912689209,-2.5403947830200195,0.3297984004020691,-3.0410046577453613
2.0953752994537354,3.413233757019043,7.276876926422119,-37.365970611572266,-17.6231632232666,30.6276912689209,-4.206468105316162,-0.7386618256568909,-4.274580955505371
-0.6112695932388306,1.357811689376831,13.07443618774414,-37.365970611572266,-17.6231632232666,30.6276912689209,-4.206468105316162,-0.7386618256568909,-4.274580955505371
-0.6112695932388306,1.357811689376831,13.07443618774414,-35.18549346923828,-21.84712791442871,28.905719757080078,-4.206468105316162,-0.7386618256568909,-4.274580955505371
-0.6112695932388306,1.357811689376831,13.07443618774414,-35.18549346923828,-21.84712791442871,28.905719757080078,-3.723919630050659,-1.3075071573257446,-3.833559036254883
-1.9723732471466064,0.049380410462617874,13.135488510131836,-35.18549346923828,-21.84712791442871,28.905719757080078,-3.723919630050659,-1.3075071573257446,-3.833559036254883
-1.9723732471466064,0.049380410462617874,13.135488510131836,-35.18549346923828,-21.84712791442871,28.905719757080078,-1.8852733373641968,-0.6481084823608398,-2.2505762577056885
-0.7716811299324036,2.4543559551239014,12.811074256896973,-35.18549346923828,-21.84712791442871,28.905719757080078,-1.8852733373641968,-0.6481084823608398,-2.2505762577056885
-0.7716811299324036,2.4543559551239014,12.811074256896973,-29.753582000732422,-29.15738868713379,24.354808807373047,-1.8852733373641968,-0.6481084823608398,-2.2505762577056885
-0.7716811299324036,2.4543559551239014,12.811074256896973,-29.753582000732422,-29.15738868713379,24.354808807373047,-0.6186738610267639,-0.5287988781929016,-0.7453575134277344
0.2422632873058319,0.7616553902626038,9.322722434997559,-29.753582000732422,-29.15738868713379,24.354808807373047,-0.6186738610267639,-0.5287988781929016,-0.7453575134277344
0.2422632873058319,0.7616553902626038,9.322722434997559,-21.40276527404785,-37.245059967041016,17.332996368408203,-0.6186738610267639,-0.5287988781929016,-0.7453575134277344
0.2422632873058319,0.7616553902626038,9.322722434997559,-21.40276527404785,-37.245059967041016,17.332996368408203,-1.0905860662460327,-0.5256030559539795,-0.6612016558647156
-0.10848726332187653,-2.0335750579833984,9.508273124694824,-21.40276527404785,-37.245059967041016,17.332996368408203,-1.0905860662460327,-0.5256030559539795,-0.6612016558647156
-0.10848726332187653,-2.0335750579833984,9.508273124694824,-12.04910659790039,-44.00400924682617,9.432424545288086,-1.0905860662460327,-0.5256030559539795,-0.6612016558647156
-0.10848726332187653,-2.0335750579833984,9.508273124694824,-12.04910659790039,-44.00400924682617,9.432424545288086,-0.9158826470375061,-0.5809968113899231,-0.8316439390182495
1.6392799615859985,-3.607762575149536,10.673051834106445,-12.04910659790039,-44.00400924682617,9.432424545288086,-0.9158826470375061,-0.5809968113899231,-0.8316439390182495
1.6392799615859985,-3.607762575149536,10.673051834106445,-3.5567829608917236,-48.559425354003906,1.9585992097854614,-0.9158826470375061,-0.5809968113899231,-0.8316439390182495
1.6392799615859985,-3.607762575149536,10.673051834106445,-3.5567829608917236,-48.559425354003906,1.9585992097854614,0.17068704962730408,-0.3754007816314697,-0.7496185898780823
0.8503904938697815,-2.0311808586120605,9.223362922668457,-3.5567829608917236,-48.559425354003906,1.9585992097854614,0.17068704962730408,-0.3754007816314697,-0.7496185898780823
0.8503904938697815,-2.0311808586120605,9.223362922668457,3.2884178161621094,-50.8802375793457,-4.483475685119629,0.17068704962730408,-0.3754007816314697,-0.7496185898780823
0.8503904938697815,-2.0311808586120605,9.223362922668457,3.2884178161621094,-50.8802375793457,-4.483475685119629,0.2718871831893921,-0.2571564316749573,-0.6441574096679688
2.0319290161132813,-2.2263083457946777,10.208577156066895,3.2884178161621094,-50.8802375793457,-4.483475685119629,0.2718871831893921,-0.2571564316749573,-0.6441574096679688
2.0319290161132813,-2.2263083457946777,10.208577156066895,8.420777320861816,-51.4187126159668,-9.388461112976074,0.2718871831893921,-0.2571564316749573,-0.6441574096679688
2.0319290161132813,-2.2263083457946777,10.208577156066895,8.420777320861816,-51.4187126159668,-9.388461112976074,0.2772134840488434,-0.5234725475311279,-1.1544190645217896
3.806032419204712,-6.1863179206848145,10.09365463256836,8.420777320861816,-51.4187126159668,-9.388461112976074,0.2772134840488434,-0.5234725475311279,-1.1544190645217896
3.806032419204712,-6.1863179206848145,10.09365463256836,12.13973617553711,-50.72718048095703,-12.547117233276367,0.2772134840488434,-0.5234725475311279,-1.1544190645217896
3.806032419204712,-6.1863179206848145,10.09365463256836,12.13973617553711,-50.72718048095703,-12.547117233276367,0.8226219415664673,-0.32320016622543335,-2.03645658493042
2.437746286392212,-4.090194225311279,7.519888401031494,12.13973617553711,-50.72718048095703,-12.547117233276367,0.8226219415664673,-0.32320016622543335,-2.03645658493042
2.437746286392212,-4.090194225311279,7.519888401031494,15.173267364501953,-49.09848403930664,-14.155725479125977,0.8226219415664673,-0.32320016622543335,-2.03645658493042
2.437746286392212,-4.090194225311279,7.519888401031494,15.173267364501953,-49.09848403930664,-14.155725479125977,0.7054428458213806,0.054968710988759995,-2.468954086303711
1.585410475730896,-0.4150947332382202,8.126818656921387,15.173267364501953,-49.09848403930664,-14.155725479125977,0.7054428458213806,0.054968710988759995,-2.468954086303711
1.585410475730896,-0.4150947332382202,8.126818656921387,15.173267364501953,-49.09848403930664,-14.155725479125977,-0.027459055185317993,0.007031810469925404,-2.692659616470337
-0.8602666258811951,1.8546085357666016,9.594464302062988,15.173267364501953,-49.09848403930664,-14.155725479125977,-0.027459055185317993,0.007031810469925404,-2.692659616470337
-0.8602666258811951,1.8546085357666016,9.594464302062988,18.400211334228516,-46.428524017333984,-14.499231338500977,-0.027459055185317993,0.007031810469925404,-2.692659616470337
-0.8602666258811951,1.8546085357666016,9.594464302062988,18.400211334228516,-46.428524017333984,-14.499231338500977,-0.34916892647743225,-0.07286302000284195,-2.4007771015167236
-0.4017769694328308,1.1351509094238281,12.419622421264648,18.400211334228516,-46.428524017333984,-14.499231338500977,-0.34916892647743225,-0.07286302000284195,-2.4007771015167236
-0.4017769694328308,1.1351509094238281,12.419622421264648,22.283737182617188,-42.37797546386719,-14.029870986938477,-0.34916892647743225,-0.07286302000284195,-2.4007771015167236
-0.4017769694328308,1.1351509094238281,12.419622421264648,22.283737182617188,-42.37797546386719,-14.029870986938477,1.4713679552078247,0.3511122167110443,-1.9533660411834717
-0.28565818071365356,2.904465913772583,11.575665473937988,22.283737182617188,-42.37797546386719,-14.029870986938477,1.4713679552078247,0.3511122167110443,-1.9533660411834717
-0.28565818071365356,2.904465913772583,11.575665473937988,26.659276962280273,-36.8768424987793,-13.297806739807129,1.4713679552078247,0.3511122167110443,-1.9533660411834717
-0.28565818071365356,2.904465913772583,11.575665473937988,26.659276962280273,-36.8768424987793,-13.297806739807129,2.794426441192627,0.29784899950027466,-1.2790536880493164
-0.9021651148796082,4.642656326293945,3.805284261703491,26.659276962280273,-36.8768424987793,-13.297806739807129,2.794426441192627,0.29784899950027466,-1.2790536880493164
-0.9021651148796082,4.642656326293945,3.805284261703491,31.02116584777832,-30.575407028198242,-12.296518325805664,2.794426441192627,0.29784899950027466,-1.2790536880493164
-0.9021651148796082,4.642656326293945,3.805284261703491,31.02116584777832,-30.575407028198242,-12.296518325805664,-0.5931144952774048,-0.2603495717048645,-0.7496172785758972
-0.5466261506080627,3.034950017929077,6.623259544372559,31.02116584777832,-30.575407028198242,-12.296518325805664,-0.5931144952774048,-0.2603495717048645,-0.7496172785758972
-0.5466261506080627,3.034950017929077,6.623259544372559,34.907962799072266,-24.4295597076416,-10.804374694824219,-0.5931144952774048,-0.2603495717048645,-0.7496172785758972
-0.5466261506080627,3.034950017929077,6.623259544372559,34.907962799072266,-24.4295597076416,-10.804374694824219,-2.195272207260132,-0.06434090435504913,-0.48436641693115234
-1.6874632835388184,4.755183696746826,11.588833808898926,34.907962799072266,-24.4295597076416,-10.804374694824219,-2.195272207260132,-0.06434090435504913,-0.48436641693115234
-1.6874632835388184,4.755183696746826,11.588833808898926,37.904945373535156,-18.89816665649414,-9.200321197509766,-2.195272207260132,-0.06434090435504913,-0.48436641693115234
-1.6874632835388184,4.755183696746826,11.588833808898926,37.904945373535156,-18.89816665649414,-9.200321197509766,-1.4059133529663086,-0.07818854600191116,0.4903508126735687
-1.9568109512329102,2.21852707862854,11.920431137084961,37.904945373535156,-18.89816665649414,-9.200321197509766,-1.4059133529663086,-0.07818854600191116,0.4903508126735687
-1.9568109512329102,2.21852707862854,11.920431137084961,39.68571472167969,-14.227341651916504,-7.934584140777588,-1.4059133529663086,-0.07818854600191116,0.4903508126735687
-1.9568109512329102,2.21852707862854,11.920431137084961,39.68571472167969,-14.227341651916504,-7.934584140777588,-0.7347967624664307,-0.11973385512828827,1.3020823001861572
-0.884208619594574,-1.3177087306976318,10.18343734741211,39.68571472167969,-14.227341651916504,-7.934584140777588,-0.7347967624664307,-0.11973385512828827,1.3020823001861572
-0.884208619594574,-1.3177087306976318,10.18343734741211,40.30248260498047,-11.065374374389648,-7.080818176269531,-0.7347967624664307,-0.11973385512828827,1.3020823001861572
-0.884208619594574,-1.3177087306976318,10.18343734741211,40.30248260498047,-11.065374374389648,-7.080818176269531,-0.38325950503349304,-0.0014895059866830707,0.8898249864578247
2.9728503227233887,-1.5188217163085938,8.624812126159668,40.30248260498047,-11.065374374389648,-7.080818176269531,-0.38325950503349304,-0.0014895059866830707,0.8898249864578247
2.9728503227233887,-1.5188217163085938,8.624812126159668,40.30248260498047,-11.065374374389648,-7.080818176269531,-0.6389229893684387,-0.09629803895950317,-0.6612000465393066
1.4034510850906372,1.3637971878051758,9.147945404052734,40.30248260498047,-11.065374374389648,-7.080818176269531,-0.6389229893684387,-0.09629803895950317,-0.6612000465393066
1.4034510850906372,1.3637971878051758,9.147945404052734,40.17538833618164,-9.761343002319336,-6.6009931564331055,-0.6389229893684387,-0.09629803895950317,-0.6612000465393066
1.4034510850906372,1.3637971878051758,9.147945404052734,40.17538833618164,-9.761343002319336,-6.6009931564331055,-0.8296052813529968,0.01555472519248724,-0.5727831125259399
0.03396773710846901,0.6575076580047607,9.255684852600098,40.17538833618164,-9.761343002319336,-6.6009931564331055,-0.8296052813529968,0.01555472519248724,-0.5727831125259399
0.03396773710846901,0.6575076580047607,9.255684852600098,39.759429931640625,-9.594544410705566,-6.386496067047119,-0.8296052813529968,0.01555472519248724,-0.5727831125259399
0.03396773710846901,0.6575076580047607,9.255684852600098,39.759429931640625,-9.594544410705566,-6.386496067047119,-0.5739418268203735,0.19984547793865204,-0.09767515957355499
-0.08933365345001221,-0.1182137057185173,10.324695587158203,39.759429931640625,-9.594544410705566,-6.386496067047119,-0.5739418268203735,0.19984547793865204,-0.09767515957355499
-0.08933365345001221,-0.1182137057185173,10.324695587158203,39.25486373901367,-9.591509819030762,-6.250454425811768,-0.5739418268203735,0.19984547793865204,-0.09767515957355499
-0.08933365345001221,-0.1182137057185173,10.324695587158203,39.25486373901367,-9.591509819030762,-6.250454425811768,0.25270336866378784,0.32448139786720276,0.19207675755023956
-0.18869301676750183,0.5210381746292114,9.85543155670166,39.25486373901367,-9.591509819030762,-6.250454425811768,0.25270336866378784,0.32448139786720276,0.19207675755023956
-0.18869301676750183,0.5210381746292114,9.85543155670166,38.68415069580078,-9.452841758728027,-5.980865001678467,0.25270336866378784,0.32448139786720276,0.19207675755023956
-0.18869301676750183,0.5210381746292114,9.85543155670166,38.68415069580078,-9.452841758728027,-5.980865001678467,0.23565912246704102,0.12953801453113556,0.30925583839416504
-0.4197334945201874,0.04818331077694893,10.874164581298828,38.68415069580078,-9.452841758728027,-5.980865001678467,0.23565912246704102,0.12953801453113556,0.30925583839416504
-0.4197334945201874,0.04818331077694893,10.874164581298828,38.112342834472656,-9.392316818237305,-5.3709492683410645,0.23565912246704102,0.12953801453113556,0.30925583839416504
-0.4197334945201874,0.04818331077694893,10.874164581298828,38.112342834472656,-9.392316818237305,-5.3709492683410645,0.3773323595523834,-0.07818614691495895,0.37104225158691406
-0.41853639483451843,0.16190789639949799,9.128791809082031,38.112342834472656,-9.392316818237305,-5.3709492683410645,0.3773323595523834,-0.07818614691495895,0.37104225158691406
-0.41853639483451843,0.16190789639949799,9.128791809082031,37.6944465637207,-9.661521911621094,-4.339836120605469,0.3773323595523834,-0.07818614691495895,0.37104225158691406
-0.41853639483451843,0.16190789639949799,9.128791809082031,37.6944465637207,-9.661521911621094,-4.339836120605469,0.25589221715927124,-0.052619799971580505,0.346541166305542
0.07227496057748795,0.046986207365989685,9.584887504577637,37.6944465637207,-9.661521911621094,-4.339836120605469,0.25589221715927124,-0.052619799971580505,0.346541166305542
0.07227496057748795,0.046986207365989685,9.584887504577637,37.54825210571289,-10.406062126159668,-2.924032688140869,0.25589221715927124,-0.052619799971580505,0.346541166305542
0.07227496057748795,0.046986207365989685,9.584887504577637,37.54825210571289,-10.406062126159668,-2.924032688140869,0.19943320751190186,-0.030249249190092087,0.2890169024467468
-0.11088146269321442,0.049380410462617874,9.019855499267578,37.54825210571289,-10.406062126159668,-2.924032688140869,0.19943320751190186,-0.030249249190092087,0.2890169024467468
-0.11088146269321442,0.049380410462617874,9.019855499267578,37.54825210571289,-10.406062126159668,-2.924032688140869,-0.05090392753481865,0.054971907287836075,0.24107998609542847
0.1405097097158432,-0.13617022335529327,10.357017517089844,37.54825210571289,-10.406062126159668,-2.924032688140869,-0.05090392753481865,0.054971907287836075,0.24107998609542847
0.1405097097158432,-0.13617022335529327,10.357017517089844,37.58550262451172,-11.65911865234375,-1.2171292304992676,-0.05090392753481865,0.054971907287836075,0.24107998609542847
0.1405097097158432,-0.13617022335529327,10.357017517089844,37.58550262451172,-11.65911865234375,-1.2171292304992676,0.13019102811813354,0.07627719640731812,0.34014958143234253
0.38471829891204834,-0.11462240666151047,10.254066467285156,37.58550262451172,-11.65911865234375,-1.2171292304992676,0.13019102811813354,0.07627719640731812,0.34014958143234253
0.38471829891204834,-0.11462240666151047,10.254066467285156,37.521541595458984,-13.36885929107666,0.5465855598449707,0.13019102811813354,0.07627719640731812,0.34014958143234253
0.38471829891204834,-0.11462240666151047,10.254066467285156,37.521541595458984,-13.36885929107666,0.5465855598449707,0.1557573676109314,-0.030249249190092087,0.16438095271587372
0.06988076120615005,0.0793079286813736,9.706991195678711,37.521541595458984,-13.36885929107666,0.5465855598449707,0.1557573676109314,-0.030249249190092087,0.16438095271587372
0.06988076120615005,0.0793079286813736,9.706991195678711,37.14972686767578,-15.453121185302734,2.1614925861358643,0.1557573676109314,-0.030249249190092087,0.16438095271587372
0.06988076120615005,0.0793079286813736,9.706991195678711,37.14972686767578,-15.453121185302734,2.1614925861358643,-0.3076326549053192,-0.159146249294281,-0.0944783017039299
0.19078794121742249,0.2744353711605072,10.170269966125488,37.14972686767578,-15.453121185302734,2.1614925861358643,-0.3076326549053192,-0.159146249294281,-0.0944783017039299
0.19078794121742249,0.2744353711605072,10.170269966125488,36.64674758911133,-17.641809463500977,3.591839551925659,-0.3076326549053192,-0.159146249294281,-0.0944783017039299
0.19078794121742249,0.2744353711605072,10.170269966125488,36.64674758911133,-17.641809463500977,3.591839551925659,-0.25436943769454956,-0.1868431270122528,0.042940810322761536
0.5092167854309082,0.1331774741411209,9.559747695922852,36.64674758911133,-17.641809463500977,3.591839551925659,-0.25436943769454956,-0.1868431270122528,0.042940810322761536
0.5092167854309082,0.1331774741411209,9.559747695922852,36.452877044677734,-19.51308250427246,4.807599067687988,-0.25436943769454956,-0.1868431270122528,0.042940810322761536
0.5092167854309082,0.1331774741411209,9.559747695922852,36.452877044677734,-19.51308250427246,4.807599067687988,-0.09138637036085129,-0.03237871080636978,0.1931433528661728
0.025588029995560646,0.01586158573627472,9.021052360534668,36.452877044677734,-19.51308250427246,4.807599067687988,-0.09138637036085129,-0.03237871080636978,0.1931433528661728
0.025588029995560646,0.01586158573627472,9.021052360534668,36.82441711425781,-20.87057113647461,5.795671463012695,-0.09138637036085129,-0.03237871080636978,0.1931433528661728
0.025588029995560646,0.01586158573627472,9.021052360534668,36.82441711425781,-20.87057113647461,5.795671463012695,0.011944277212023735,0.16895626485347748,0.24108025431632996
0.413448691368103,-0.1553238332271576,10.199000358581543,36.82441711425781,-20.87057113647461,5.795671463012695,0.011944277212023735,0.16895626485347748,0.24108025431632996
0.413448691368103,-0.1553238332271576,10.199000358581543,37.52440643310547,-21.9366397857666,6.677350997924805,0.011944277212023735,0.16895626485347748,0.24108025431632996
0.413448691368103,-0.1553238332271576,10.199000358581543,37.52440643310547,-21.9366397857666,6.677350997924805,0.17066867649555206,0.06669087707996368,0.11431378871202469
0.32606035470962524,-0.14694413542747498,9.863811492919922,37.52440643310547,-21.9366397857666,6.677350997924805,0.17066867649555206,0.06669087707996368,0.11431378871202469
0.32606035470962524,-0.14694413542747498,9.863811492919922,38.102474212646484,-23.015398025512695,7.638850688934326,0.17066867649555206,0.06669087707996368,0.11431378871202469
0.32606035470962524,-0.14694413542747498,9.863811492919922,38.102474212646484,-23.015398025512695,7.638850688934326,0.1131443977355957,-0.016399746760725975,-0.025235848501324654
0.3356371521949768,-0.06793547421693802,10.021828651428223,38.102474212646484,-23.015398025512695,7.638850688934326,0.1131443977355957,-0.016399746760725975,-0.025235848501324654
0.3356371521949768,-0.06793547421693802,10.021828651428223,38.102474212646484,-23.015398025512695,7.638850688934326,0.022596921771764755,-0.06220611557364464,-0.0486716665327549
0.5594950318336487,-0.057161565870046616,9.27723217010498,38.102474212646484,-23.015398025512695,7.638850688934326,0.022596921771764755,-0.06220611557364464,-0.0486716665327549
0.5594950318336487,-0.057161565870046616,9.27723217010498,38.48314666748047,-24.18358612060547,8.778046607971191,0.022596921771764755,-0.06220611557364464,-0.0486716665327549
0.5594950318336487,-0.057161565870046616,9.27723217010498,38.48314666748047,-24.18358612060547,8.778046607971191,-0.22774021327495575,0.029406623914837837,-0.13921913504600525
0.24346038699150085,-0.18884265422821045,10.483909606933594,38.48314666748047,-24.18358612060547,8.778046607971191,-0.22774021327495575,0.029406623914837837,-0.13921913504600525
0.24346038699150085,-0.18884265422821045,10.483909606933594,38.90037155151367,-25.3941707611084,10.098258972167969,-0.22774021327495575,0.029406623914837837,-0.13921913504600525
0.24346038699150085,-0.18884265422821045,10.483909606933594,38.90037155151367,-25.3941707611084,10.098258972167969,-0.002969424705952406,0.029406623914837837,0.0024610271211713552
0.15607202053070068,-0.052373163402080536,10.280403137207031,38.90037155151367,-25.3941707611084,10.098258972167969,-0.002969424705952406,0.029406623914837837,0.0024610271211713552
0.15607202053070068,-0.052373163402080536,10.280403137207031,39.50814437866211,-26.641040802001953,11.556990623474121,-0.002969424705952406,0.029406623914837837,0.0024610271211713552
0.15607202053070068,-0.052373163402080536,10.280403137207031,39.50814437866211,-26.641040802001953,11.556990623474121,0.16108129918575287,-0.019595539197325706,0.09300850331783295
0.09980828315019608,-0.059555768966674805,9.06414794921875,39.50814437866211,-26.641040802001953,11.556990623474121,0.16108129918575287,-0.019595539197325706,0.09300850331783295
0.09980828315019608,-0.059555768966674805,9.06414794921875,40.367034912109375,-27.955331802368164,13.147765159606934,0.16108129918575287,-0.019595539197325706,0.09300850331783295
0.09980828315019608,-0.059555768966674805,9.06414794921875,40.367034912109375,-27.955331802368164,13.147765159606934,-0.04345879331231117,0.02834455668926239,0.030159499496221542
0.5331587791442871,-0.18884265422821045,9.721356391906738,40.367034912109375,-27.955331802368164,13.147765159606934,-0.04345879331231117,0.02834455668926239,0.030159499496221542
0.5331587791442871,-0.18884265422821045,9.721356391906738,41.48100280761719,-29.23134422302246,14.849596977233887,-0.04345879331231117,0.02834455668926239,0.030159499496221542
0.5331587791442871,-0.18884265422821045,9.721356391906738,41.48100280761719,-29.23134422302246,14.849596977233887,-0.10204833745956421,0.04325825721025467,-0.07956273853778839
-0.07496844232082367,0.1116296574473381,10.161890029907227,41.48100280761719,-29.23134422302246,14.849596977233887,-0.10204833745956421,0.04325825721025467,-0.07956273853778839
-0.07496844232082367,0.1116296574473381,10.161890029907227,42.79319381713867,-30.351945877075195,16.457273483276367,-0.10204833745956421,0.04325825721025467,-0.07956273853778839
-0.07496844232082367,0.1116296574473381,10.161890029907227,42.79319381713867,-30.351945877075195,16.457273483276367,0.0460234172642231,0.01769191212952137,0.0035278894938528538
0.24824878573417664,-0.14335282146930695,9.686640739440918,42.79319381713867,-30.351945877075195,16.457273483276367,0.0460234172642231,0.01769191212952137,0.0035278894938528538
0.24824878573417664,-0.14335282146930695,9.686640739440918,44.25370407104492,-31.30020523071289,17.82544708251953,0.0460234172642231,0.01769191212952137,0.0035278894938528538
0.24824878573417664,-0.14335282146930695,9.686640739440918,44.25370407104492,-31.30020523071289,17.82544708251953,0.033240243792533875,-0.02598392963409424,-0.025234250351786613
0.15966331958770752,-0.10624270141124725,9.601646423339844,44.25370407104492,-31.30020523071289,17.82544708251953,0.033240243792533875,-0.02598392963409424,-0.025234250351786613
0.15966331958770752,-0.10624270141124725,9.601646423339844,45.81760025024414,-32.0444221496582,18.98984146118164,0.033240243792533875,-0.02598392963409424,-0.025234250351786613
0.15966331958770752,-0.10624270141124725,9.601646423339844,45.81760025024414,-32.0444221496582,18.98984146118164,-0.02961035631597042,0.0208877045661211,0.01098474022001028
0.28535890579223633,-0.10145429521799088,9.833884239196777,45.81760025024414,-32.0444221496582,18.98984146118164,-0.02961035631597042,0.0208877045661211,0.01098474022001028
0.28535890579223633,-0.10145429521799088,9.833884239196777,45.81760025024414,-32.0444221496582,18.98984146118164,0.07052449882030487,0.041127730160951614,0.032290030270814896
0.361973375082016,-0.15173253417015076,9.681852340698242,45.81760025024414,-32.0444221496582,18.98984146118164,0.07052449882030487,0.041127730160951614,0.032290030270814896
0.361973375082016,-0.15173253417015076,9.681852340698242,47.39345932006836,-32.585105895996094,19.958377838134766,0.07052449882030487,0.041127730160951614,0.032290030270814896
0.361973375082016,-0.15173253417015076,9.681852340698242,47.39345932006836,-32.585105895996094,19.958377838134766,-0.011500861495733261,-0.03131025284528732,0.0035278894938528538
0.12614449858665466,-0.03561374917626381,9.780014991760254,47.39345932006836,-32.585105895996094,19.958377838134766,-0.011500861495733261,-0.03131025284528732,0.0035278894938528538
0.12614449858665466,-0.03561374917626381,9.780014991760254,48.98474884033203,-32.89680480957031,20.70762062072754,-0.011500861495733261,-0.03131025284528732,0.0035278894938528538
0.12614449858665466,-0.03561374917626381,9.780014991760254,48.98474884033203,-32.89680480957031,20.70762062072754,-0.007239803206175566,-0.04409342631697655,0.01631106249988079
0.3057096302509308,-0.07990647852420807,9.702202796936035,48.98474884033203,-32.89680480957031,20.70762062072754,-0.007239803206175566,-0.04409342631697655,0.01631106249988079
0.3057096302509308,-0.07990647852420807,9.702202796936035,50.61479568481445,-32.971458435058594,21.245052337646484,-0.007239803206175566,-0.04409342631697655,0.01631106249988079
0.3057096302509308,-0.07990647852420807,9.702202796936035,50.61479568481445,-32.971458435058594,21.245052337646484,-0.06796200573444366,-0.019591543823480606,-0.011385546065866947
0.270993709564209,-0.08708908408880234,9.995492935180664,50.61479568481445,-32.971458435058594,21.245052337646484,-0.06796200573444366,-0.019591543823480606,-0.011385546065866947
0.270993709564209,-0.08708908408880234,9.995492935180664,52.064388275146484,-32.95935821533203,21.5914306640625,-0.06796200573444366,-0.019591543823480606,-0.011385546065866947
0.270993709564209,-0.08708908408880234,9.995492935180664,52.064388275146484,-32.95935821533203,21.5914306640625,-0.039199866354465485,-0.022787338122725487,-0.006059224251657724
0.3272574543952942,-0.13018471002578735,9.76325511932373,52.064388275146484,-32.95935821533203,21.5914306640625,-0.039199866354465485,-0.022787338122725487,-0.006059224251657724
0.3272574543952942,-0.13018471002578735,9.76325511932373,53.116085052490234,-32.99895095825195,21.769746780395508,-0.039199866354465485,-0.022787338122725487,-0.006059224251657724
0.3272574543952942,-0.13018471002578735,9.76325511932373,53.116085052490234,-32.99895095825195,21.769746780395508,-0.06370095163583755,-0.005743106827139854,-0.013516074977815151
0.2733879089355469,-0.15652093291282654,10.040982246398926,53.116085052490234,-32.99895095825195,21.769746780395508,-0.06370095163583755,-0.005743106827139854,-0.013516074977815151
0.2733879089355469,-0.15652093291282654,10.040982246398926,53.71182632446289,-33.12961959838867,21.80775260925293,-0.06370095163583755,-0.005743106827139854,-0.013516074977815151
0.2733879089355469,-0.15652093291282654,10.040982246398926,53.71182632446289,-33.12961959838867,21.80775260925293,-0.02322090044617653,-0.005743106827139854,-0.01564660482108593
0.2901473045349121,-0.19243396818637848,9.866206169128418,53.71182632446289,-33.12961959838867,21.80775260925293,-0.02322090044617653,-0.005743106827139854,-0.01564660482108593
0.2901473045349121,-0.19243396818637848,9.866206169128418,53.89764404296875,-33.35215377807617,21.73823356628418,-0.02322090044617653,-0.005743106827139854,-0.01564660482108593
0.2901473045349121,-0.19243396818637848,9.866206169128418,53.89764404296875,-33.35215377807617,21.73823356628418,0.005541239399462938,0.07095593214035034,-0.0028634308837354183
0.27817630767822266,-0.21637597680091858,9.796773910522461,53.89764404296875,-33.35215377807617,21.73823356628418,0.005541239399462938,0.07095593214035034,-0.0028634308837354183
0.27817630767822266,-0.21637597680091858,9.796773910522461,53.8426513671875,-33.615745544433594,21.622875213623047,0.005541239399462938,0.07095593214035034,-0.0028634308837354183
0.27817630767822266,-0.21637597680091858,9.796773910522461,53.8426513671875,-33.615745544433594,21.622875213623047,0.01512861903756857,0.09332648664712906,0.003528155852109194
0.22191256284713745,-0.1553238332271576,9.7512845993042,53.8426513671875,-33.615745544433594,21.622875213623047,0.01512861903756857,0.09332648664712906,0.003528155852109194
0.22191256284713745,-0.1553238332271576,9.7512845993042,53.8426513671875,-33.615745544433594,21.622875213623047,0.004475974943488836,0.029410619288682938,0.0024628913961350918
0.209941565990448,-0.19243396818637848,9.830292701721191,53.8426513671875,-33.615745544433594,21.622875213623047,0.004475974943488836,0.029410619288682938,0.0024628913961350918
0.209941565990448,-0.19243396818637848,9.830292701721191,53.70828628540039,-33.85501480102539,21.55794906616211,0.004475974943488836,0.029410619288682938,0.0024628913961350918
0.209941565990448,-0.19243396818637848,9.830292701721191,53.70828628540039,-33.85501480102539,21.55794906616211,0.0012801815755665302,0.021953769028186798,0.0024628913961350918
0.1776198446750641,-0.15771803259849548,9.81951904296875,53.70828628540039,-33.85501480102539,21.55794906616211,0.0012801815755665302,0.021953769028186798,0.0024628913961350918
0.1776198446750641,-0.15771803259849548,9.81951904296875,53.54611587524414,-34.01055908203125,21.60419273376465,0.0012801815755665302,0.021953769028186798,0.0024628913961350918
0.1776198446750641,-0.15771803259849548,9.81951904296875,53.54611587524414,-34.01055908203125,21.60419273376465,0.004466653801500797,0.05498042702674866,-0.002861832967028022
0.1429039090871811,-0.17806875705718994,9.781211853027344,53.54611587524414,-34.01055908203125,21.60419273376465,0.004466653801500797,0.05498042702674866,-0.002861832967028022
0.1429039090871811,-0.17806875705718994,9.781211853027344,53.36153030395508,-34.06232833862305,21.727365493774414,0.004466653801500797,0.05498042702674866,-0.002861832967028022
0.1429039090871811,-0.17806875705718994,9.781211853027344,53.36153030395508,-34.06232833862305,21.727365493774414,0.03748985007405281,0.048588842153549194,0.007790811359882355
0.13213001191616058,-0.14095862209796906,9.734524726867676,53.36153030395508,-34.06232833862305,21.727365493774414,0.03748985007405281,0.048588842153549194,0.007790811359882355
0.13213001191616058,-0.14095862209796906,9.734524726867676,53.17803192138672,-34.021305084228516,21.879390716552734,0.03748985007405281,0.048588842153549194,0.007790811359882355
0.13213001191616058,-0.14095862209796906,9.734524726867676,53.17803192138672,-34.021305084228516,21.879390716552734,0.015119298361241817,0.016630908474326134,0.0024644893128424883
0.10100538283586502,-0.13856442272663116,9.794380187988281,53.17803192138672,-34.021305084228516,21.879390716552734,0.015119298361241817,0.016630908474326134,0.0024644893128424883
0.10100538283586502,-0.13856442272663116,9.794380187988281,53.0313835144043,-33.88634490966797,22.056339263916016,0.015119298361241817,0.016630908474326134,0.0024644893128424883
0.10100538283586502,-0.13856442272663116,9.794380187988281,53.0313835144043,-33.88634490966797,22.056339263916016,0.0023361248895525932,0.0049129994586110115,-7.313040550798178E-4
0.09142857789993286,-0.14694413542747498,9.796773910522461,53.0313835144043,-33.88634490966797,22.056339263916016,0.0023361248895525932,0.0049129994586110115,-7.313040550798178E-4
0.09142857789993286,-0.14694413542747498,9.796773910522461,52.95610046386719,-33.708492279052734,22.234907150268555,0.0023361248895525932,0.0049129994586110115,-7.313040550798178E-4
0.09142857789993286,-0.14694413542747498,9.796773910522461,52.95610046386719,-33.708492279052734,22.234907150268555,0.0012708604335784912,-0.012131230905652046,0.004595017991960049
0.10938508808612823,-0.13736732304096222,9.811139106750488,52.95610046386719,-33.708492279052734,22.234907150268555,0.0012708604335784912,-0.012131230905652046,0.004595017991960049
0.10938508808612823,-0.13736732304096222,9.811139106750488,52.95455551147461,-33.55361557006836,22.370651245117188,0.0012708604335784912,-0.012131230905652046,0.004595017991960049
0.10938508808612823,-0.13736732304096222,9.811139106750488,52.95455551147461,-33.55361557006836,22.370651245117188,2.055960358120501E-4,-0.007870174013078213,0.0013992248568683863
0.10459668934345245,-0.14814123511314392,9.826701164245605,52.95455551147461,-33.55361557006836,22.370651245117188,2.055960358120501E-4,-0.007870174013078213,0.0013992248568683863
0.10459668934345245,-0.14814123511314392,9.826701164245605,52.99677276611328,-33.42387390136719,22.459074020385742,2.055960358120501E-4,-0.007870174013078213,0.0013992248568683863
0.10459668934345245,-0.14814123511314392,9.826701164245605,52.99677276611328,-33.42387390136719,22.459074020385742,-8.596684201620519E-4,0.018761437386274338,-0.00392709719017148
0.10699088871479034,-0.14574703574180603,9.836277961730957,52.99677276611328,-33.42387390136719,22.459074020385742,-8.596684201620519E-4,0.018761437386274338,-0.00392709719017148
0.10699088871479034,-0.14574703574180603,9.836277961730957,52.99677276611328,-33.42387390136719,22.459074020385742,-0.001924932817928493,0.02834881655871868,-0.00392709719017148
0.10220248252153397,-0.16490064561367035,9.795577049255371,52.99677276611328,-33.42387390136719,22.459074020385742,-0.001924932817928493,0.02834881655871868,-0.00392709719017148
0.10220248252153397,-0.16490064561367035,9.795577049255371,53.04328918457031,-33.33182144165039,22.52388572692871,-0.001924932817928493,0.02834881655871868,-0.00392709719017148
0.10220248252153397,-0.16490064561367035,9.795577049255371,53.04328918457031,-33.33182144165039,22.52388572692871,0.0012684636749327183,-0.015326225198805332,0.0024647556710988283
0.08544307202100754,-0.1445499211549759,9.844657897949219,53.04328918457031,-33.33182144165039,22.52388572692871,0.0012684636749327183,-0.015326225198805332,0.0024647556710988283
0.08544307202100754,-0.1445499211549759,9.844657897949219,53.06615447998047,-33.32547378540039,22.564590454101563,0.0012684636749327183,-0.015326225198805332,0.0024647556710988283
0.08544307202100754,-0.1445499211549759,9.844657897949219,53.06615447998047,-33.32547378540039,22.564590454101563,-0.008318915963172913,0.01450117863714695,3.3422670094296336E-4
0.07466916739940643,-0.142155721783638,9.781211853027344,53.06615447998047,-33.32547378540039,22.564590454101563,-0.008318915963172913,0.01450117863714695,3.3422670094296336E-4
0.07466916739940643,-0.142155721783638,9.781211853027344,53.05670166015625,-33.394309997558594,22.577476501464844,-0.008318915963172913,0.01450117863714695,3.3422670094296336E-4
0.07466916739940643,-0.142155721783638,9.781211853027344,53.05670166015625,-33.394309997558594,22.577476501464844,-8.620652370154858E-4,0.015566443093121052,-0.00392683083191514
0.07227496057748795,-0.1613093465566635,9.831489562988281,53.05670166015625,-33.394309997558594,22.577476501464844,-8.620652370154858E-4,0.015566443093121052,-0.00392683083191514
0.07227496057748795,-0.1613093465566635,9.831489562988281,53.041934967041016,-33.45243453979492,22.566280364990234,-8.620652370154858E-4,0.015566443093121052,-0.00392683083191514
0.07227496057748795,-0.1613093465566635,9.831489562988281,53.041934967041016,-33.45243453979492,22.566280364990234,0.0023337281309068203,0.03474120423197746,-0.007122624199837446
0.06150105595588684,-0.15891513228416443,9.799168586730957,53.041934967041016,-33.45243453979492,22.566280364990234,0.0023337281309068203,0.03474120423197746,-0.007122624199837446
0.06150105595588684,-0.15891513228416443,9.799168586730957,53.035797119140625,-33.45269775390625,22.554044723510742,0.0023337281309068203,0.03474120423197746,-0.007122624199837446
0.06150105595588684,-0.15891513228416443,9.799168586730957,53.035797119140625,-33.45269775390625,22.554044723510742,2.031991898547858E-4,0.0027832696214318275,-7.310376968234777E-4
0.05431845039129257,-0.13856442272663116,9.793182373046875,53.035797119140625,-33.45269775390625,22.554044723510742,2.031991898547858E-4,0.0027832696214318275,-7.310376968234777E-4
0.05431845039129257,-0.13856442272663116,9.793182373046875,53.01850891113281,-33.43352127075195,22.576723098754883,2.031991898547858E-4,0.0027832696214318275,-7.310376968234777E-4
0.05431845039129257,-0.13856442272663116,9.793182373046875,53.01850891113281,-33.43352127075195,22.576723098754883,2.031991898547858E-4,-0.0014777880860492587,0.0024647556710988283
0.07706336677074432,-0.18285715579986572,9.830292701721191,53.01850891113281,-33.43352127075195,22.576723098754883,2.031991898547858E-4,-0.0014777880860492587,0.0024647556710988283
0.07706336677074432,-0.18285715579986572,9.830292701721191,52.99930953979492,-33.40885925292969,22.611589431762695,2.031991898547858E-4,-0.0014777880860492587,0.0024647556710988283
0.07706336677074432,-0.18285715579986572,9.830292701721191,52.99930953979492,-33.40885925292969,22.611589431762695,-0.026428410783410072,0.004913798533380032,-0.007122624199837446
0.037559039890766144,-0.14814123511314392,9.862614631652832,52.99930953979492,-33.40885925292969,22.611589431762695,-0.026428410783410072,0.004913798533380032,-0.007122624199837446
0.037559039890766144,-0.14814123511314392,9.862614631652832,52.99930953979492,-33.40885925292969,22.611589431762695,-0.03175473213195801,-0.003608316881582141,-0.012448946014046669
0.057909753173589706,-0.2139817774295807,9.817124366760254,52.99930953979492,-33.40885925292969,22.611589431762695,-0.03175473213195801,-0.003608316881582141,-0.012448946014046669
0.057909753173589706,-0.2139817774295807,9.817124366760254,52.95825958251953,-33.39470291137695,22.63712501525879,-0.03175473213195801,-0.003608316881582141,-0.012448946014046669
0.057909753173589706,-0.2139817774295807,9.817124366760254,52.95825958251953,-33.39470291137695,22.63712501525879,0.0012684636749327183,-4.1252365917898715E-4,3.3422670094296336E-4
0.03875613957643509,-0.17806875705718994,9.842264175415039,52.95825958251953,-33.39470291137695,22.63712501525879,0.0012684636749327183,-4.1252365917898715E-4,3.3422670094296336E-4
0.03875613957643509,-0.17806875705718994,9.842264175415039,52.86540985107422,-33.470848083496094,22.661399841308594,0.0012684636749327183,-4.1252365917898715E-4,3.3422670094296336E-4
0.03875613957643509,-0.17806875705718994,9.842264175415039,52.86540985107422,-33.470848083496094,22.661399841308594,0.020443223416805267,0.005979062989354134,0.0013994910987094045
0.0471358448266983,-0.19123685359954834,9.805153846740723,52.86540985107422,-33.470848083496094,22.661399841308594,0.020443223416805267,0.005979062989354134,0.0013994910987094045
0.0471358448266983,-0.19123685359954834,9.805153846740723,52.774452209472656,-33.599788665771484,22.705007553100586,0.020443223416805267,0.005979062989354134,0.0013994910987094045
0.0471358448266983,-0.19123685359954834,9.805153846740723,52.774452209472656,-33.599788665771484,22.705007553100586,-8.620652370154858E-4,0.0017180051654577255,0.0013994910987094045
0.06150105595588684,-0.17567454278469086,9.813533782958984,52.774452209472656,-33.599788665771484,22.705007553100586,-8.620652370154858E-4,0.0017180051654577255,0.0013994910987094045
0.06150105595588684,-0.17567454278469086,9.813533782958984,52.72714614868164,-33.645938873291016,22.806949615478516,-8.620652370154858E-4,0.0017180051654577255,0.0013994910987094045
0.06150105595588684,-0.17567454278469086,9.813533782958984,52.72714614868164,-33.645938873291016,22.806949615478516,-0.021102089434862137,-4.1252365917898715E-4,-0.004992095287889242
0.027982233092188835,-0.19602526724338531,9.897330284118652,52.72714614868164,-33.645938873291016,22.806949615478516,-0.021102089434862137,-4.1252365917898715E-4,-0.004992095287889242
0.027982233092188835,-0.19602526724338531,9.897330284118652,52.71004867553711,-33.60218048095703,22.949565887451172,-0.021102089434862137,-4.1252365917898715E-4,-0.004992095287889242
0.027982233092188835,-0.19602526724338531,9.897330284118652,52.71004867553711,-33.60218048095703,22.949565887451172,-0.013645238243043423,0.0027832696214318275,-0.004992095287889242
0.05072714760899544,-0.1984194666147232,9.812335968017578,52.71004867553711,-33.60218048095703,22.949565887451172,-0.013645238243043423,0.0027832696214318275,-0.004992095287889242
0.05072714760899544,-0.1984194666147232,9.812335968017578,52.7025146484375,-33.59012222290039,23.07512664794922,-0.013645238243043423,0.0027832696214318275,-0.004992095287889242
0.05072714760899544,-0.1984194666147232,9.812335968017578,52.7025146484375,-33.59012222290039,23.07512664794922,-8.620652370154858E-4,0.0038485340774059296,-7.310376968234777E-4
0.06509235501289368,-0.21637597680091858,9.813533782958984,52.7025146484375,-33.59012222290039,23.07512664794922,-8.620652370154858E-4,0.0038485340774059296,-7.310376968234777E-4
0.06509235501289368,-0.21637597680091858,9.813533782958984,52.684547424316406,-33.678070068359375,23.134693145751953,-8.620652370154858E-4,0.0038485340774059296,-7.310376968234777E-4
0.06509235501289368,-0.21637597680091858,9.813533782958984,52.684547424316406,-33.678070068359375,23.134693145751953,0.0012684636749327183,0.008109591901302338,-0.002861566608771682
0.0471358448266983,-0.19123685359954834,9.802759170532227,52.684547424316406,-33.678070068359375,23.134693145751953,0.0012684636749327183,0.008109591901302338,-0.002861566608771682
0.0471358448266983,-0.19123685359954834,9.802759170532227,52.673397064208984,-33.821109771728516,23.117961883544922,0.0012684636749327183,0.008109591901302338,-0.002861566608771682
0.0471358448266983,-0.19123685359954834,9.802759170532227,52.673397064208984,-33.821109771728516,23.117961883544922,0.0012684636749327183,-4.1252365917898715E-4,-0.006057359743863344
0.05431845039129257,-0.22116437554359436,9.807547569274902,52.673397064208984,-33.821109771728516,23.117961883544922,0.0012684636749327183,-4.1252365917898715E-4,-0.006057359743863344
0.05431845039129257,-0.22116437554359436,9.807547569274902,52.673397064208984,-33.821109771728516,23.117961883544922,0.0012684636749327183,0.007044327445328236,-0.004992095287889242
0.04474164545536041,-0.19363106787204742,9.78480339050293,52.673397064208984,-33.821109771728516,23.117961883544922,0.0012684636749327183,0.007044327445328236,-0.004992095287889242
0.04474164545536041,-0.19363106787204742,9.78480339050293,52.70895004272461,-33.97039794921875,23.092844009399414,0.0012684636749327183,0.007044327445328236,-0.004992095287889242
0.04474164545536041,-0.19363106787204742,9.78480339050293,52.70895004272461,-33.97039794921875,23.092844009399414,2.031991898547858E-4,0.0038485340774059296,-0.00392683083191514
0.04953004792332649,-0.203207865357399,9.813533782958984,52.70895004272461,-33.97039794921875,23.092844009399414,2.031991898547858E-4,0.0038485340774059296,-0.00392683083191514
0.04953004792332649,-0.203207865357399,9.813533782958984,52.78451156616211,-34.084869384765625,23.11818504333496,2.031991898547858E-4,0.0038485340774059296,-0.00392683083191514
0.04953004792332649,-0.203207865357399,9.813533782958984,52.78451156616211,-34.084869384765625,23.11818504333496,0.0012684636749327183,-0.004673581570386887,-7.310376968234777E-4
0.05312135070562363,-0.19602526724338531,9.826701164245605,52.78451156616211,-34.084869384765625,23.11818504333496,0.0012684636749327183,-0.004673581570386887,-7.310376968234777E-4
0.05312135070562363,-0.19602526724338531,9.826701164245605,52.8394889831543,-34.13530731201172,23.16260528564453,0.0012684636749327183,-0.004673581570386887,-7.310376968234777E-4
0.05312135070562363,-0.19602526724338531,9.826701164245605,52.8394889831543,-34.13530731201172,23.16260528564453,2.031991898547858E-4,0.011305385269224644,-0.0017963021527975798
0.03875613957643509,-0.1984194666147232,9.808745384216309,52.8394889831543,-34.13530731201172,23.16260528564453,2.031991898547858E-4,0.011305385269224644,-0.0017963021527975798
0.03875613957643509,-0.1984194666147232,9.808745384216309,52.849002838134766,-34.13692855834961,23.174352645874023,2.031991898547858E-4,0.011305385269224644,-0.0017963021527975798
0.03875613957643509,-0.1984194666147232,9.808745384216309,52.849002838134766,-34.13692855834961,23.174352645874023,2.031991898547858E-4,0.011305385269224644,-0.0017963021527975798
0.06389525532722473,-0.18285715579986572,9.806350708007813,52.849002838134766,-34.13692855834961,23.174352645874023,2.031991898547858E-4,0.011305385269224644,-0.0017963021527975798
0.06389525532722473,-0.18285715579986572,9.806350708007813,52.8101806640625,-34.07367706298828,23.1434268951416,2.031991898547858E-4,0.011305385269224644,-0.0017963021527975798
0.06389525532722473,-0.18285715579986572,9.806350708007813,52.8101806640625,-34.07367706298828,23.1434268951416,0.03003060258924961,-0.018522018566727638,3.3422670094296336E-4
0.04593874514102936,-0.18285715579986572,9.748889923095703,52.8101806640625,-34.07367706298828,23.1434268951416,0.03003060258924961,-0.018522018566727638,3.3422670094296336E-4
0.04593874514102936,-0.18285715579986572,9.748889923095703,52.6982307434082,-33.95072555541992,23.08999252319336,0.03003060258924961,-0.018522018566727638,3.3422670094296336E-4
0.04593874514102936,-0.18285715579986572,9.748889923095703,52.6982307434082,-33.95072555541992,23.08999252319336,0.01618216559290886,-0.0014777880860492587,0.0024647556710988283
0.10699088871479034,-0.2091933786869049,9.620800018310547,52.6982307434082,-33.95072555541992,23.08999252319336,0.01618216559290886,-0.0014777880860492587,0.0024647556710988283
