-0.6269815564155579,-0.09202712774276733,9.792284965515137,-26.020952224731445,15.181161880493164,-18.4235897064209,-0.015516375191509724,0.003947070799767971,-0.12336987257003784,63325.184
-0.6269815564155579,-0.09202712774276733,9.792284965515137,-26.020952224731445,15.181161880493164,-18.4235897064209,-0.009124788455665112,0.003947070799767971,-0.022169750183820724,63325.215
-0.6066308617591858,-0.13991115987300873,9.798270225524902,-26.020952224731445,15.181161880493164,-18.4235897064209,-0.009124788455665112,0.003947070799767971,-0.022169750183820724,63325.22
-0.6066308617591858,-0.13991115987300873,9.798270225524902,-25.783409118652344,15.039108276367188,-18.470922470092773,-0.009124788455665112,0.003947070799767971,-0.022169750183820724,63325.22
-0.6066308617591858,-0.13991115987300873,9.798270225524902,-25.783409118652344,15.039108276367188,-18.470922470092773,-0.006994260009378195,0.003947070799767971,-0.008321313187479973,63325.28
-0.6102221608161926,-0.10878653824329376,9.786299705505371,-25.783409118652344,15.039108276367188,-18.470922470092773,-0.006994260009378195,0.003947070799767971,-0.008321313187479973,63325.3
-0.6102221608161926,-0.10878653824329376,9.786299705505371,-25.631221771240234,14.940049171447754,-18.47391128540039,-0.006994260009378195,0.003947070799767971,-0.008321313187479973,63325.305
-0.6102221608161926,-0.10878653824329376,9.786299705505371,-25.631221771240234,14.940049171447754,-18.47391128540039,-0.005928995553404093,0.003947070799767971,-0.004060255363583565,63325.355
-0.6209960579872131,-0.10758943855762482,9.793481826782227,-25.631221771240234,14.940049171447754,-18.47391128540039,-0.005928995553404093,0.003947070799767971,-0.004060255363583565,63325.36
-0.6209960579872131,-0.10758943855762482,9.793481826782227,-25.55816650390625,14.905877113342285,-18.39739418029785,-0.005928995553404093,0.003947070799767971,-0.004060255363583565,63325.37
-0.6209960579872131,-0.10758943855762482,9.793481826782227,-25.55816650390625,14.905877113342285,-18.39739418029785,-0.004863731097429991,0.003947070799767971,-0.007256048731505871,63325.43
-0.6209960579872131,-0.1123778447508812,9.805453300476074,-25.55816650390625,14.905877113342285,-18.39739418029785,-0.004863731097429991,0.003947070799767971,-0.007256048731505871,63325.434
-0.6209960579872131,-0.1123778447508812,9.805453300476074,-25.537372589111328,14.93420124053955,-18.298053741455078,-0.004863731097429991,0.003947070799767971,-0.007256048731505871,63325.45
-0.6209960579872131,-0.1123778447508812,9.805453300476074,-25.537372589111328,14.93420124053955,-18.298053741455078,-0.0037984666414558887,0.003947070799767971,-0.011517106555402279,63325.496
-0.6126163601875305,-0.11956045031547546,9.783905029296875,-25.537372589111328,14.93420124053955,-18.298053741455078,-0.0037984666414558887,0.003947070799767971,-0.011517106555402279,63325.504
-0.6126163601875305,-0.11956045031547546,9.783905029296875,-25.570398330688477,14.995016098022461,-18.24871826171875,-0.0037984666414558887,0.003947070799767971,-0.011517106555402279,63325.53
-0.6126163601875305,-0.11956045031547546,9.783905029296875,-25.570398330688477,14.995016098022461,-18.24871826171875,-0.0027332021854817867,0.003947070799767971,-0.010451842099428177,63325.566
-0.6221931576728821,-0.09561842679977417,9.806650161743164,-25.570398330688477,14.995016098022461,-18.24871826171875,-0.0027332021854817867,0.003947070799767971,-0.010451842099428177,63325.574
-0.6221931576728821,-0.09561842679977417,9.806650161743164,-25.655576705932617,15.051060676574707,-18.257774353027344,-0.0027332021854817867,0.003947070799767971,-0.010451842099428177,63325.613
-0.6221931576728821,-0.09561842679977417,9.806650161743164,-25.655576705932617,15.051060676574707,-18.257774353027344,-0.004863731097429991,0.005012335255742073,-0.008321313187479973,63325.64
-0.6186018586158752,-0.11357494443655014,9.793481826782227,-25.655576705932617,15.051060676574707,-18.257774353027344,-0.004863731097429991,0.005012335255742073,-0.008321313187479973,63325.65
-0.6186018586158752,-0.11357494443655014,9.793481826782227,-25.72406005859375,15.093732833862305,-18.276426315307617,-0.004863731097429991,0.005012335255742073,-0.008321313187479973,63325.695
-0.6186018586158752,-0.11357494443655014,9.793481826782227,-25.72406005859375,15.093732833862305,-18.276426315307617,-0.003978762775659561,0.005103149451315403,-0.004053863696753979,63325.727
-0.62458735704422,-0.11596914380788803,9.805453300476074,-25.72406005859375,15.093732833862305,-18.276426315307617,-0.003978762775659561,0.005103149451315403,-0.004053863696753979,63325.73
-0.62458735704422,-0.11596914380788803,9.805453300476074,-25.746267318725586,15.105074882507324,-18.279476165771484,-0.003978762775659561,0.005103149451315403,-0.004053863696753979,63325.773
-0.62458735704422,-0.11596914380788803,9.805453300476074,-25.746267318725586,15.105074882507324,-18.279476165771484,-0.003978762775659561,0.005103149451315403,-0.012575979344546795,63325.78
-0.6174047589302063,-0.11477204412221909,9.792284965515137,-25.746267318725586,15.105074882507324,-18.279476165771484,-0.003978762775659561,0.005103149451315403,-0.012575979344546795,63325.785
-0.6174047589302063,-0.11477204412221909,9.792284965515137,-25.746267318725586,15.105074882507324,-18.279476165771484,-0.003978762775659561,0.005103149451315403,-0.005119128152728081,63325.85
-0.62458735704422,-0.11118074506521225,9.800664901733398,-25.746267318725586,15.105074882507324,-18.279476165771484,-0.003978762775659561,0.005103149451315403,-0.005119128152728081,63325.86
-0.62458735704422,-0.11118074506521225,9.800664901733398,-25.741985321044922,15.066218376159668,-18.29096794128418,-0.003978762775659561,0.005103149451315403,-0.005119128152728081,63325.863
-0.62458735704422,-0.11118074506521225,9.800664901733398,-25.741985321044922,15.066218376159668,-18.29096794128418,-0.006109291687607765,0.005103149451315403,-0.006184392608702183,63325.926
-0.62458735704422,-0.11357494443655014,9.805453300476074,-25.741985321044922,15.066218376159668,-18.29096794128418,-0.006109291687607765,0.005103149451315403,-0.006184392608702183,63325.93
-0.62458735704422,-0.11357494443655014,9.805453300476074,-25.701148986816406,14.986334800720215,-18.337202072143555,-0.006109291687607765,0.005103149451315403,-0.006184392608702183,63325.934
-0.62458735704422,-0.11357494443655014,9.805453300476074,-25.701148986816406,14.986334800720215,-18.337202072143555,-0.005044027231633663,0.006168413441628218,-0.004053863696753979,63325.996
-0.6102221608161926,-0.11477204412221909,9.805453300476074,-25.701148986816406,14.986334800720215,-18.337202072143555,-0.005044027231633663,0.006168413441628218,-0.004053863696753979,63326.0
-0.6102221608161926,-0.11477204412221909,9.805453300476074,-25.659189224243164,14.910920143127441,-18.399126052856445,-0.005044027231633663,0.006168413441628218,-0.004053863696753979,63326.02
-0.6102221608161926,-0.11477204412221909,9.805453300476074,-25.659189224243164,14.910920143127441,-18.399126052856445,-0.003978762775659561,0.005103149451315403,-0.005119128152728081,63326.063
-0.6066308617591858,-0.1123778447508812,9.78869342803955,-25.659189224243164,14.910920143127441,-18.399126052856445,-0.003978762775659561,0.005103149451315403,-0.005119128152728081,63326.066
-0.6066308617591858,-0.1123778447508812,9.78869342803955,-25.641494750976563,14.877310752868652,-18.423297882080078,-0.003978762775659561,0.005103149451315403,-0.005119128152728081,63326.094
-0.6066308617591858,-0.1123778447508812,9.78869342803955,-25.641494750976563,14.877310752868652,-18.423297882080078,-0.003978762775659561,0.005103149451315403,-0.004053863696753979,63326.133
-0.6186018586158752,-0.11118074506521225,9.798270225524902,-25.641494750976563,14.877310752868652,-18.423297882080078,-0.003978762775659561,0.005103149451315403,-0.004053863696753979,63326.145
-0.6186018586158752,-0.11118074506521225,9.798270225524902,-25.622392654418945,14.862071990966797,-18.3999080657959,-0.003978762775659561,0.005103149451315403,-0.004053863696753979,63326.17
-0.6186018586158752,-0.11118074506521225,9.798270225524902,-25.622392654418945,14.862071990966797,-18.3999080657959,-0.0018482337472960353,0.004037884995341301,-0.006184392608702183,63326.207
-0.6114192605018616,-0.09681553393602371,9.806650161743164,-25.622392654418945,14.862071990966797,-18.3999080657959,-0.0018482337472960353,0.004037884995341301,-0.006184392608702183,63326.21
-0.6114192605018616,-0.09681553393602371,9.806650161743164,-25.59815788269043,14.842129707336426,-18.366682052612305,-0.0018482337472960353,0.004037884995341301,-0.006184392608702183,63326.25
-0.6114192605018616,-0.09681553393602371,9.806650161743164,-25.59815788269043,14.842129707336426,-18.366682052612305,-8.916263468563557E-4,0.004092479590326548,-0.010441722348332405,63326.277
-0.6114192605018616,-0.11357494443655014,9.783905029296875,-25.59815788269043,14.842129707336426,-18.366682052612305,-8.916263468563557E-4,0.004092479590326548,-0.010441722348332405,63326.28
-0.6114192605018616,-0.11357494443655014,9.783905029296875,-25.559768676757813,14.832137107849121,-18.35183334350586,-8.916263468563557E-4,0.004092479590326548,-0.010441722348332405,63326.336
-0.6114192605018616,-0.11357494443655014,9.783905029296875,-25.559768676757813,14.832137107849121,-18.35183334350586,-0.0030221552588045597,0.006223008502274752,-0.005115399602800608,63326.363
-0.6150105595588684,-0.12195464968681335,9.803058624267578,-25.559768676757813,14.832137107849121,-18.35183334350586,-0.0030221552588045597,0.006223008502274752,-0.005115399602800608,63326.37
-0.6150105595588684,-0.12195464968681335,9.803058624267578,-25.5222225189209,14.837121963500977,-18.356945037841797,-0.0030221552588045597,0.006223008502274752,-0.005115399602800608,63326.414
-0.6150105595588684,-0.12195464968681335,9.803058624267578,-25.5222225189209,14.837121963500977,-18.356945037841797,-0.004087419714778662,0.00515774404630065,-0.008311193436384201,63326.426
-0.6174047589302063,-0.08963292837142944,9.80904483795166,-25.5222225189209,14.837121963500977,-18.356945037841797,-0.004087419714778662,0.00515774404630065,-0.008311193436384201,63326.434
-0.6174047589302063,-0.08963292837142944,9.80904483795166,-25.5222225189209,14.837121963500977,-18.356945037841797,-0.0030221552588045597,0.006223008502274752,-0.007245928514748812,63326.496
-0.6209960579872131,-0.10878653824329376,9.81143856048584,-25.5222225189209,14.837121963500977,-18.356945037841797,-0.0030221552588045597,0.006223008502274752,-0.007245928514748812,63326.504
-0.6209960579872131,-0.10878653824329376,9.81143856048584,-25.484262466430664,14.823528289794922,-18.37057876586914,-0.0030221552588045597,0.006223008502274752,-0.007245928514748812,63326.508
-0.6209960579872131,-0.10878653824329376,9.81143856048584,-25.484262466430664,14.823528289794922,-18.37057876586914,1.7363809456583112E-4,0.006223008502274752,-0.0029848709236830473,63326.563
-0.6209960579872131,-0.12913724780082703,9.801861763000488,-25.484262466430664,14.823528289794922,-18.37057876586914,1.7363809456583112E-4,0.006223008502274752,-0.0029848709236830473,63326.582
-0.6209960579872131,-0.12913724780082703,9.801861763000488,-25.41238021850586,14.7625150680542,-18.402080535888672,1.7363809456583112E-4,0.006223008502274752,-0.0029848709236830473,63326.59
-0.6209960579872131,-0.12913724780082703,9.801861763000488,-25.41238021850586,14.7625150680542,-18.402080535888672,-0.0019568908028304577,0.006223008502274752,-0.00618066405877471,63326.633
-0.6162076592445374,-0.11477204412221909,9.807847023010254,-25.41238021850586,14.7625150680542,-18.402080535888672,-0.0019568908028304577,0.006223008502274752,-0.00618066405877471,63326.633
-0.6162076592445374,-0.11477204412221909,9.807847023010254,-25.330276489257813,14.690932273864746,-18.452373504638672,-0.0019568908028304577,0.006223008502274752,-0.00618066405877471,63326.664
-0.6162076592445374,-0.11477204412221909,9.807847023010254,-25.330276489257813,14.690932273864746,-18.452373504638672,-0.0019568908028304577,0.00515774404630065,-0.012572250328958035,63326.703
-0.6150105595588684,-0.10878653824329376,9.791088104248047,-25.330276489257813,14.690932273864746,-18.452373504638672,-0.0019568908028304577,0.00515774404630065,-0.012572250328958035,63326.74
-0.6150105595588684,-0.10878653824329376,9.791088104248047,-25.292539596557617,14.702702522277832,-18.493440628051758,-0.0019568908028304577,0.00515774404630065,-0.012572250328958035,63326.74
-0.6150105595588684,-0.10878653824329376,9.791088104248047,-25.292539596557617,14.702702522277832,-18.493440628051758,0.0012389025650918484,0.016875652596354485,-0.007245928514748812,63326.773
-0.6317699551582336,-0.0992097333073616,9.804255485534668,-25.292539596557617,14.702702522277832,-18.493440628051758,0.0012389025650918484,0.016875652596354485,-0.007245928514748812,63326.777
-0.6317699551582336,-0.0992097333073616,9.804255485534668,-25.341196060180664,14.834428787231445,-18.51371955871582,0.0012389025650918484,0.016875652596354485,-0.007245928514748812,63326.813
-0.6317699551582336,-0.0992097333073616,9.804255485534668,-25.341196060180664,14.834428787231445,-18.51371955871582,0.0054216631688177586,0.03609009459614754,-0.0029819414485245943,63326.844
-0.6497265100479126,-0.09322422742843628,9.829395294189453,-25.341196060180664,14.834428787231445,-18.51371955871582,0.0054216631688177586,0.03609009459614754,-0.0029819414485245943,63326.848
-0.6497265100479126,-0.09322422742843628,9.829395294189453,-25.44622230529785,14.98912239074707,-18.52005386352539,0.0054216631688177586,0.03609009459614754,-0.0029819414485245943,63326.895
-0.6497265100479126,-0.09322422742843628,9.829395294189453,-25.44622230529785,14.98912239074707,-18.52005386352539,0.007552192080765963,0.03928588703274727,-8.514125947840512E-4,63326.92
-0.6688801050186157,-0.08245032280683517,9.793481826782227,-25.44622230529785,14.98912239074707,-18.52005386352539,0.007552192080765963,0.03928588703274727,-8.514125947840512E-4,63326.926
-0.6688801050186157,-0.08245032280683517,9.793481826782227,-25.516141891479492,15.082921981811523,-18.5267276763916,0.007552192080765963,0.03928588703274727,-8.514125947840512E-4,63326.973
-0.6688801050186157,-0.08245032280683517,9.793481826782227,-25.516141891479492,15.082921981811523,-18.5267276763916,0.0011606055777519941,0.02437218464910984,-0.006177734583616257,63326.984
-0.685639500617981,-0.08364742249250412,9.81143856048584,-25.516141891479492,15.082921981811523,-18.5267276763916,0.0011606055777519941,0.02437218464910984,-0.006177734583616257,63326.99
-0.685639500617981,-0.08364742249250412,9.81143856048584,-25.505964279174805,15.11257553100586,-18.548734664916992,0.0011606055777519941,0.02437218464910984,-0.006177734583616257,63327.055
-0.685639500617981,-0.08364742249250412,9.81143856048584,-25.505964279174805,15.11257553100586,-18.548734664916992,-0.004165716469287872,0.005197425372898579,-0.006177734583616257,63327.063
-0.685639500617981,-0.08245032280683517,9.804255485534668,-25.505964279174805,15.11257553100586,-18.548734664916992,-0.004165716469287872,0.005197425372898579,-0.006177734583616257,63327.066
-0.685639500617981,-0.08245032280683517,9.804255485534668,-25.505964279174805,15.11257553100586,-18.548734664916992,-0.006296245381236076,-1.2889699428342283E-4,-0.005112470127642155,63327.13
-0.6748656034469604,-0.09202712774276733,9.787496566772461,-25.505964279174805,15.11257553100586,-18.548734664916992,-0.006296245381236076,-1.2889699428342283E-4,-0.005112470127642155,63327.133
-0.6748656034469604,-0.09202712774276733,9.787496566772461,-25.459548950195313,15.080978393554688,-18.573713302612305,-0.006296245381236076,-1.2889699428342283E-4,-0.005112470127642155,63327.133
-0.6748656034469604,-0.09202712774276733,9.787496566772461,-25.459548950195313,15.080978393554688,-18.573713302612305,-0.004165716469287872,0.004132160916924477,-0.006177734583616257,63327.2
-0.6784569025039673,-0.0776619166135788,9.797073364257813,-25.459548950195313,15.080978393554688,-18.573713302612305,-0.004165716469287872,0.004132160916924477,-0.006177734583616257,63327.203
-0.6784569025039673,-0.0776619166135788,9.797073364257813,-25.4215145111084,15.001640319824219,-18.603408813476563,-0.004165716469287872,0.004132160916924477,-0.006177734583616257,63327.227
-0.6784569025039673,-0.0776619166135788,9.797073364257813,-25.4215145111084,15.001640319824219,-18.603408813476563,-9.69923275988549E-4,0.01158901210874319,-0.00830826349556446,63327.27
-0.6784569025039673,-0.08604162186384201,9.78989028930664,-25.4215145111084,15.001640319824219,-18.603408813476563,-9.69923275988549E-4,0.01158901210874319,-0.00830826349556446,63327.273
-0.6784569025039673,-0.08604162186384201,9.78989028930664,-25.395004272460938,14.915207862854004,-18.654224395751953,-9.69923275988549E-4,0.01158901210874319,-0.00830826349556446,63327.293
-0.6784569025039673,-0.08604162186384201,9.78989028930664,-25.395004272460938,14.915207862854004,-18.654224395751953,0.002225870033726096,0.02437218464910984,-8.514125947840512E-4,63327.344
-0.6892307996749878,-0.07167641073465347,9.706093788146973,-25.395004272460938,14.915207862854004,-18.654224395751953,0.002225870033726096,0.02437218464910984,-8.514125947840512E-4,63327.344
-0.6892307996749878,-0.07167641073465347,9.706093788146973,-25.379249572753906,14.867239952087402,-18.696819305419922,0.002225870033726096,0.02437218464910984,-8.514125947840512E-4,63327.375
-0.6892307996749878,-0.07167641073465347,9.706093788146973,-25.379249572753906,14.867239952087402,-18.696819305419922,0.006447513122111559,0.05741509050130844,0.0012804478174075484,63327.414
-0.745494544506073,-0.08723872154951096,9.90122127532959,-25.379249572753906,14.867239952087402,-18.696819305419922,0.006447513122111559,0.05741509050130844,0.0012804478174075484,63327.414
-0.745494544506073,-0.08723872154951096,9.90122127532959,-25.355257034301758,14.855388641357422,-18.710561752319336,0.006447513122111559,0.05741509050130844,0.0012804478174075484,63327.453
-0.745494544506073,-0.08723872154951096,9.90122127532959,-25.355257034301758,14.855388641357422,-18.710561752319336,-0.009531453251838684,0.0638066753745079,0.009802563115954399,63327.48
-0.8280945420265198,-0.03935468941926956,9.803058624267578,-25.355257034301758,14.855388641357422,-18.710561752319336,-0.009531453251838684,0.0638066753745079,0.009802563115954399,63327.484
-0.8280945420265198,-0.03935468941926956,9.803058624267578,-25.315584182739258,14.854883193969727,-18.699554443359375,-0.009531453251838684,0.0638066753745079,0.009802563115954399,63327.53
-0.8280945420265198,-0.03935468941926956,9.803058624267578,-25.315584182739258,14.854883193969727,-18.699554443359375,-0.006335660349577665,0.0499582402408123,0.033238381147384644,63327.566
-0.8484452366828918,-0.03456628695130348,9.832986831665039,-25.315584182739258,14.854883193969727,-18.699554443359375,-0.006335660349577665,0.0499582402408123,0.033238381147384644,63327.566
-0.8484452366828918,-0.03456628695130348,9.832986831665039,-25.28451919555664,14.876392364501953,-18.670656204223633,-0.006335660349577665,0.0499582402408123,0.033238381147384644,63327.613
-0.8484452366828918,-0.03456628695130348,9.832986831665039,-25.28451919555664,14.876392364501953,-18.670656204223633,0.0213612150400877,0.12239622324705124,0.10141530632972717,63327.625
-0.905906081199646,-0.07646481692790985,9.890447616577148,-25.28451919555664,14.876392364501953,-18.670656204223633,0.0213612150400877,0.12239622324705124,0.10141530632972717,63327.63
-0.905906081199646,-0.07646481692790985,9.890447616577148,-25.238977432250977,14.912403106689453,-18.67192840576172,0.0213612150400877,0.12239622324705124,0.10141530632972717,63327.695
-0.905906081199646,-0.07646481692790985,9.890447616577148,-25.238977432250977,14.912403106689453,-18.67192840576172,0.046927560120821,0.24383635818958282,0.1695922315120697,63327.703
-0.8041524887084961,-0.06928221136331558,10.141838073730469,-25.238977432250977,14.912403106689453,-18.67192840576172,0.046927560120821,0.24383635818958282,0.1695922315120697,63327.703
-0.8041524887084961,-0.06928221136331558,10.141838073730469,-25.238977432250977,14.912403106689453,-18.67192840576172,0.15238873660564423,0.6987043023109436,0.06945737451314926,63327.766
-1.0423755645751953,0.2108393907546997,10.834959983825684,-25.238977432250977,14.912403106689453,-18.67192840576172,0.15238873660564423,0.6987043023109436,0.06945737451314926,63327.773
-1.0423755645751953,0.2108393907546997,10.834959983825684,-25.071815490722656,14.948212623596191,-18.769838333129883,0.15238873660564423,0.6987043023109436,0.06945737451314926,63327.777
-1.0423755645751953,0.2108393907546997,10.834959983825684,-25.071815490722656,14.948212623596191,-18.769838333129883,0.4964691400527954,1.1663553714752197,-0.3811494708061218,63327.836
-1.9318214654922485,0.4454711675643921,10.101137161254883,-25.071815490722656,14.948212623596191,-18.769838333129883,0.4964691400527954,1.1663553714752197,-0.3811494708061218,63327.848
-1.9318214654922485,0.4454711675643921,10.101137161254883,-24.68171501159668,14.968587875366211,-19.075965881347656,0.4964691400527954,1.1663553714752197,-0.3811494708061218,63327.855
-1.9318214654922485,0.4454711675643921,10.101137161254883,-24.68171501159668,14.968587875366211,-19.075965881347656,0.6690419912338257,1.2952523231506348,-0.6261603236198425,63327.91
-3.743035078048706,1.4797662496566772,10.110713958740234,-24.68171501159668,14.968587875366211,-19.075965881347656,0.6690419912338257,1.2952523231506348,-0.6261603236198425,63327.918
-3.743035078048706,1.4797662496566772,10.110713958740234,-23.981937408447266,14.862092971801758,-19.775596618652344,0.6690419912338257,1.2952523231506348,-0.6261603236198425,63327.934
-3.743035078048706,1.4797662496566772,10.110713958740234,-23.981937408447266,14.862092971801758,-19.775596618652344,1.0109434127807617,0.9021942615509033,-0.07967805117368698,63327.98
-4.8395795822143555,1.9562124013900757,10.04846477508545,-23.981937408447266,14.862092971801758,-19.775596618652344,1.0109434127807617,0.9021942615509033,-0.07967805117368698,63327.98
-4.8395795822143555,1.9562124013900757,10.04846477508545,-22.860397338867188,14.493391990661621,-20.978288650512695,1.0109434127807617,0.9021942615509033,-0.07967805117368698,63328.01
-4.8395795822143555,1.9562124013900757,10.04846477508545,-22.860397338867188,14.493391990661621,-20.978288650512695,1.3656764030456543,0.14479127526283264,0.8481672406196594,63328.05
-4.041113376617432,0.932691216468811,7.420828342437744,-22.860397338867188,14.493391990661621,-20.978288650512695,1.3656764030456543,0.14479127526283264,0.8481672406196594,63328.05
-4.041113376617432,0.932691216468811,7.420828342437744,-21.38829803466797,13.841513633728027,-22.612043380737305,1.3656764030456543,0.14479127526283264,0.8481672406196594,63328.094
-4.041113376617432,0.932691216468811,7.420828342437744,-21.38829803466797,13.841513633728027,-22.612043380737305,0.6636672019958496,0.4164336919784546,0.7789250612258911,63328.12
-4.9724578857421875,1.8556559085845947,6.999448776245117,-21.38829803466797,13.841513633728027,-22.612043380737305,0.6636672019958496,0.4164336919784546,0.7789250612258911,63328.125
-4.9724578857421875,1.8556559085845947,6.999448776245117,-19.83399200439453,13.043225288391113,-24.45816421508789,0.6636672019958496,0.4164336919784546,0.7789250612258911,63328.17
-4.9724578857421875,1.8556559085845947,6.999448776245117,-19.83399200439453,13.043225288391113,-24.45816421508789,-0.2780265510082245,0.12561652064323425,0.9142136573791504,63328.195
-4.719869613647461,2.184858798980713,7.0353617668151855,-19.83399200439453,13.043225288391113,-24.45816421508789,-0.2780265510082245,0.12561652064323425,0.9142136573791504,63328.195
-4.719869613647461,2.184858798980713,7.0353617668151855,-18.35016632080078,12.415520668029785,-26.172218322753906,-0.2780265510082245,0.12561652064323425,0.9142136573791504,63328.254
-4.719869613647461,2.184858798980713,7.0353617668151855,-18.35016632080078,12.415520668029785,-26.172218322753906,-0.5187762975692749,-0.4506915509700775,1.3147530555725098,63328.28
-2.1628620624542236,2.9833250045776367,9.155426979064941,-18.35016632080078,12.415520668029785,-26.172218322753906,-0.5187762975692749,-0.4506915509700775,1.3147530555725098,63328.285
-2.1628620624542236,2.9833250045776367,9.155426979064941,-18.35016632080078,12.415520668029785,-26.172218322753906,-0.27056971192359924,-0.43577784299850464,1.0558937788009644,63328.336
-0.8951321840286255,3.6333506107330322,10.358513832092285,-18.35016632080078,12.415520668029785,-26.172218322753906,-0.27056971192359924,-0.43577784299850464,1.0558937788009644,63328.34
-0.8951321840286255,3.6333506107330322,10.358513832092285,-16.97930145263672,12.315210342407227,-27.384910583496094,-0.27056971192359924,-0.43577784299850464,1.0558937788009644,63328.344
-0.8951321840286255,3.6333506107330322,10.358513832092285,-16.97930145263672,12.315210342407227,-27.384910583496094,-0.0021230720449239016,-0.5572179555892944,0.458280473947525,63328.406
-1.1321581602096558,3.665672540664673,10.797849655151367,-16.97930145263672,12.315210342407227,-27.384910583496094,-0.0021230720449239016,-0.5572179555892944,0.458280473947525,63328.418
-1.1321581602096558,3.665672540664673,10.797849655151367,-15.793543815612793,12.866035461425781,-27.944889068603516,-0.0021230720449239016,-0.5572179555892944,0.458280473947525,63328.42
-1.1321581602096558,3.665672540664673,10.797849655151367,-15.793543815612793,12.866035461425781,-27.944889068603516,0.40161213278770447,-0.47625789046287537,-0.12761494517326355,63328.48
-1.4098855257034302,3.4489972591400146,9.785101890563965,-15.793543815612793,12.866035461425781,-27.944889068603516,0.40161213278770447,-0.47625789046287537,-0.12761494517326355,63328.49
-1.4098855257034302,3.4489972591400146,9.785101890563965,-14.91443157196045,13.874481201171875,-27.999799728393555,0.40161213278770447,-0.47625789046287537,-0.12761494517326355,63328.5
-1.4098855257034302,3.4489972591400146,9.785101890563965,-14.91443157196045,13.874481201171875,-27.999799728393555,0.5624300837516785,-0.48156556487083435,-0.3396012485027313,63328.55
-1.3548189401626587,3.834463596343994,8.932766914367676,-14.91443157196045,13.874481201171875,-27.999799728393555,0.5624300837516785,-0.48156556487083435,-0.3396012485027313,63328.563
-1.3548189401626587,3.834463596343994,8.932766914367676,-14.520752906799316,14.901848793029785,-27.835620880126953,0.5624300837516785,-0.48156556487083435,-0.3396012485027313,63328.57
-1.3548189401626587,3.834463596343994,8.932766914367676,-14.520752906799316,14.901848793029785,-27.835620880126953,0.5879964232444763,-0.37930017709732056,-0.42695292830467224,63328.617
-1.3236942291259766,4.696376323699951,9.080010414123535,-14.520752906799316,14.901848793029785,-27.835620880126953,0.5879964232444763,-0.37930017709732056,-0.42695292830467224,63328.625
-1.3236942291259766,4.696376323699951,9.080010414123535,-14.742016792297363,15.479195594787598,-27.68178367614746,0.5879964232444763,-0.37930017709732056,-0.42695292830467224,63328.652
-1.3236942291259766,4.696376323699951,9.080010414123535,-14.742016792297363,15.479195594787598,-27.68178367614746,0.4644257426261902,-0.39421388506889343,-0.3459928333759308,63328.69
-1.876754879951477,5.011213779449463,8.734047889709473,-14.742016792297363,15.479195594787598,-27.68178367614746,0.4644257426261902,-0.39421388506889343,-0.3459928333759308,63328.703
-1.876754879951477,5.011213779449463,8.734047889709473,-15.543086051940918,15.438647270202637,-27.6375675201416,0.4644257426261902,-0.39421388506889343,-0.3459928333759308,63328.734
-1.876754879951477,5.011213779449463,8.734047889709473,-15.543086051940918,15.438647270202637,-27.6375675201416,0.43779411911964417,-0.3121885359287262,-0.19152948260307312,63328.76
-2.5411458015441895,4.6640543937683105,7.524975776672363,-15.543086051940918,15.438647270202637,-27.6375675201416,0.43779411911964417,-0.3121885359287262,-0.19152948260307312,63328.766
-2.5411458015441895,4.6640543937683105,7.524975776672363,-16.73465919494629,14.913078308105469,-27.72869300842285,0.43779411911964417,-0.3121885359287262,-0.19152948260307312,63328.816
-2.5411458015441895,4.6640543937683105,7.524975776672363,-16.73465919494629,14.913078308105469,-27.72869300842285,0.1949138343334198,-0.15133360028266907,0.024719195440411568,63328.84
-3.2067339420318604,4.770596504211426,7.50582218170166,-16.73465919494629,14.913078308105469,-27.72869300842285,0.1949138343334198,-0.15133360028266907,0.024719195440411568,63328.844
-3.2067339420318604,4.770596504211426,7.50582218170166,-18.041812896728516,14.144440650939941,-27.915903091430664,0.1949138343334198,-0.15133360028266907,0.024719195440411568,63328.895
-3.2067339420318604,4.770596504211426,7.50582218170166,-18.041812896728516,14.144440650939941,-27.915903091430664,-0.07672859728336334,-0.3686475455760956,0.8343201875686646,63328.902
-3.5084033012390137,5.17282247543335,7.416039943695068,-18.041812896728516,14.144440650939941,-27.915903091430664,-0.07672859728336334,-0.3686475455760956,0.8343201875686646,63328.906
-3.5084033012390137,5.17282247543335,7.416039943695068,-18.041812896728516,14.144440650939941,-27.915903091430664,-0.4623543322086334,-1.12391996383667,2.424759864807129,63328.977
-1.4745290279388428,3.3436522483825684,6.312312602996826,-18.041812896728516,14.144440650939941,-27.915903091430664,-0.4623543322086334,-1.12391996383667,2.424759864807129,63328.99
-1.4745290279388428,3.3436522483825684,6.312312602996826,-19.178386688232422,13.50259780883789,-28.078950881958008,-0.4623543322086334,-1.12391996383667,2.424759864807129,63329.016
-1.4745290279388428,3.3436522483825684,6.312312602996826,-19.178386688232422,13.50259780883789,-28.078950881958008,-1.2240183353424072,-1.7055543661117554,3.637030839920044,63329.047
2.856581926345825,1.174505591392517,6.980295181274414,-19.178386688232422,13.50259780883789,-28.078950881958008,-1.2240183353424072,-1.7055543661117554,3.637030839920044,63329.047
2.856581926345825,1.174505591392517,6.980295181274414,-19.909528732299805,13.609224319458008,-27.991987228393555,-1.2240183353424072,-1.7055543661117554,3.637030839920044,63329.055
2.856581926345825,1.174505591392517,6.980295181274414,-19.909528732299805,13.609224319458008,-27.991987228393555,-1.4594602584838867,-1.297548770904541,3.185359477996826,63329.113
4.989815711975098,-0.4834791123867035,6.803123950958252,-19.909528732299805,13.609224319458008,-27.991987228393555,-1.4594602584838867,-1.297548770904541,3.185359477996826,63329.117
4.989815711975098,-0.4834791123867035,6.803123950958252,-19.939395904541016,15.140921592712402,-27.241979598999023,-1.4594602584838867,-1.297548770904541,3.185359477996826,63329.145
4.989815711975098,-0.4834791123867035,6.803123950958252,-19.939395904541016,15.140921592712402,-27.241979598999023,-1.3241716623306274,-0.3803561329841614,2.128617286682129,63329.184
5.633855819702148,-1.0760440826416016,8.159439086914063,-19.939395904541016,15.140921592712402,-27.241979598999023,-1.3241716623306274,-0.3803561329841614,2.128617286682129,63329.19
5.633855819702148,-1.0760440826416016,8.159439086914063,-18.894372940063477,18.196449279785156,-25.507246017456055,-1.3241716623306274,-0.3803561329841614,2.128617286682129,63329.22
5.633855819702148,-1.0760440826416016,8.159439086914063,-18.894372940063477,18.196449279785156,-25.507246017456055,-1.0141797065734863,0.437766969203949,1.1698791980743408,63329.254
5.419574737548828,-1.806275486946106,8.110358238220215,-18.894372940063477,18.196449279785156,-25.507246017456055,-1.0141797065734863,0.437766969203949,1.1698791980743408,63329.258
5.419574737548828,-1.806275486946106,8.110358238220215,-16.64385223388672,22.141925811767578,-22.91156768798828,-1.0141797065734863,0.437766969203949,1.1698791980743408,63329.293
5.419574737548828,-1.806275486946106,8.110358238220215,-16.64385223388672,22.141925811767578,-22.91156768798828,-0.8437373638153076,1.1142098903656006,0.38797515630722046,63329.33
5.135861873626709,-2.3306057453155518,10.194510459899902,-16.64385223388672,22.141925811767578,-22.91156768798828,-0.8437373638153076,1.1142098903656006,0.38797515630722046,63329.332
5.135861873626709,-2.3306057453155518,10.194510459899902,-13.537299156188965,26.127283096313477,-19.832950592041016,-0.8437373638153076,1.1142098903656006,0.38797515630722046,63329.37
5.135861873626709,-2.3306057453155518,10.194510459899902,-13.537299156188965,26.127283096313477,-19.832950592041016,-0.13427124917507172,1.9110276699066162,-0.5057817101478577,63329.4
2.484283447265625,-2.61551570892334,8.643068313598633,-13.537299156188965,26.127283096313477,-19.832950592041016,-0.13427124917507172,1.9110276699066162,-0.5057817101478577,63329.4
2.484283447265625,-2.61551570892334,8.643068313598633,-10.257482528686523,29.466463088989258,-16.695995330810547,-0.13427124917507172,1.9110276699066162,-0.5057817101478577,63329.453
2.484283447265625,-2.61551570892334,8.643068313598633,-10.257482528686523,29.466463088989258,-16.695995330810547,-0.2876693308353424,2.6652348041534424,-0.9084516167640686,63329.48
-0.38157588243484497,-2.0037972927093506,10.11430549621582,-10.257482528686523,29.466463088989258,-16.695995330810547,-0.2876693308353424,2.6652348041534424,-0.9084516167640686,63329.484
-0.38157588243484497,-2.0037972927093506,10.11430549621582,-7.445214748382568,31.827762603759766,-13.904732704162598,-0.2876693308353424,2.6652348041534424,-0.9084516167640686,63329.53
-0.38157588243484497,-2.0037972927093506,10.11430549621582,-7.445214748382568,31.827762603759766,-13.904732704162598,-0.5241580605506897,2.617297887802124,-0.30231618881225586,63329.54
-2.0275895595550537,-2.1103391647338867,10.190919876098633,-7.445214748382568,31.827762603759766,-13.904732704162598,-0.5241580605506897,2.617297887802124,-0.30231618881225586,63329.54
-2.0275895595550537,-2.1103391647338867,10.190919876098633,-7.445214748382568,31.827762603759766,-13.904732704162598,-0.41443580389022827,2.623689651489258,0.050286341458559036,63329.613
-2.000056266784668,-1.7655740976333618,11.095928192138672,-7.445214748382568,31.827762603759766,-13.904732704162598,-0.41443580389022827,2.623689651489258,0.050286341458559036,63329.62
-2.000056266784668,-1.7655740976333618,11.095928192138672,-5.338730335235596,33.22159957885742,-11.600192070007324,-0.41443580389022827,2.623689651489258,0.050286341458559036,63329.625
-2.000056266784668,-1.7655740976333618,11.095928192138672,-5.338730335235596,33.22159957885742,-11.600192070007324,0.3642631769180298,2.3232898712158203,-0.1808757781982422,63329.684
-4.579808712005615,-2.0325276851654053,9.149441719055176,-5.338730335235596,33.22159957885742,-11.600192070007324,0.3642631769180298,2.3232898712158203,-0.1808757781982422,63329.684
-4.579808712005615,-2.0325276851654053,9.149441719055176,-3.7801265716552734,33.8032341003418,-9.70388412475586,0.3642631769180298,2.3232898712158203,-0.1808757781982422,63329.7
-4.579808712005615,-2.0325276851654053,9.149441719055176,-3.7801265716552734,33.8032341003418,-9.70388412475586,0.7371057271957397,3.1478044986724854,-0.5228256583213806,63329.75
-6.1863179206848145,-1.4040496349334717,8.224082946777344,-3.7801265716552734,33.8032341003418,-9.70388412475586,0.7371057271957397,3.1478044986724854,-0.5228256583213806,63329.754
-6.1863179206848145,-1.4040496349334717,8.224082946777344,-2.602027177810669,33.85708236694336,-8.262470245361328,0.7371057271957397,3.1478044986724854,-0.5228256583213806,63329.78
-6.1863179206848145,-1.4040496349334717,8.224082946777344,-2.602027177810669,33.85708236694336,-8.262470245361328,0.946962833404541,3.2958762645721436,-0.4162992238998413,63329.824
-7.454047679901123,-0.988655686378479,7.7655930519104,-2.602027177810669,33.85708236694336,-8.262470245361328,0.946962833404541,3.2958762645721436,-0.4162992238998413,63329.832
-7.454047679901123,-0.988655686378479,7.7655930519104,-1.731648325920105,33.67294692993164,-7.488607406616211,0.946962833404541,3.2958762645721436,-0.4162992238998413,63329.85
-7.454047679901123,-0.988655686378479,7.7655930519104,-1.731648325920105,33.67294692993164,-7.488607406616211,1.4295276403427124,2.344594955444336,0.33151641488075256,63329.89
-7.645583629608154,-1.4064438343048096,6.59004020690918,-1.731648325920105,33.67294692993164,-7.488607406616211,1.4295276403427124,2.344594955444336,0.33151641488075256,63329.9
-7.645583629608154,-1.4064438343048096,6.59004020690918,-0.9248519539833069,33.329124450683594,-7.541412830352783,1.4295276403427124,2.344594955444336,0.33151641488075256,63329.934
-7.645583629608154,-1.4064438343048096,6.59004020690918,-0.9248519539833069,33.329124450683594,-7.541412830352783,1.7384543418884277,1.6244763135910034,0.4689355194568634,63329.965
-7.9520416259765625,-0.26081836223602295,5.409698963165283,-0.9248519539833069,33.329124450683594,-7.541412830352783,1.7384543418884277,1.6244763135910034,0.4689355194568634,63329.97
-7.9520416259765625,-0.26081836223602295,5.409698963165283,0.22797317802906036,32.76265335083008,-8.481691360473633,1.7384543418884277,1.6244763135910034,0.4689355194568634,63330.016
-7.9520416259765625,-0.26081836223602295,5.409698963165283,0.22797317802906036,32.76265335083008,-8.481691360473633,1.9589639902114868,1.1110188961029053,0.27292686700820923,63330.047
-8.52066421508789,-0.3877110481262207,3.622427225112915,0.22797317802906036,32.76265335083008,-8.481691360473633,1.9589639902114868,1.1110188961029053,0.27292686700820923,63330.047
-8.52066421508789,-0.3877110481262207,3.622427225112915,1.903441309928894,31.822587966918945,-10.3277587890625,1.9589639902114868,1.1110188961029053,0.27292686700820923,63330.094
-8.52066421508789,-0.3877110481262207,3.622427225112915,1.903441309928894,31.822587966918945,-10.3277587890625,1.9483113288879395,0.9150102138519287,0.05241713672876358,63330.105
-8.897751808166504,0.38561612367630005,3.556586742401123,1.903441309928894,31.822587966918945,-10.3277587890625,1.9483113288879395,0.9150102138519287,0.05241713672876358,63330.11
-8.897751808166504,0.38561612367630005,3.556586742401123,3.933978796005249,30.32933807373047,-12.925542831420898,1.9483113288879395,0.9150102138519287,0.05241713672876358,63330.17
-8.897751808166504,0.38561612367630005,3.556586742401123,3.933978796005249,30.32933807373047,-12.925542831420898,1.9728124141693115,0.7509595155715942,-0.01575978845357895,63330.184
-8.985139846801758,0.9853636622428894,3.0657753944396973,3.933978796005249,30.32933807373047,-12.925542831420898,1.9728124141693115,0.7509595155715942,-0.01575978845357895,63330.184
-8.985139846801758,0.9853636622428894,3.0657753944396973,3.933978796005249,30.32933807373047,-12.925542831420898,2.2518885135650635,0.31314724683761597,-0.06156535819172859,63330.25
-9.240121841430664,1.3744213581085205,1.9249382019042969,3.933978796005249,30.32933807373047,-12.925542831420898,2.2518885135650635,0.31314724683761597,-0.06156535819172859,63330.258
-9.240121841430664,1.3744213581085205,1.9249382019042969,6.037299633026123,28.191179275512695,-15.953682899475098,2.2518885135650635,0.31314724683761597,-0.06156535819172859,63330.26
-9.240121841430664,1.3744213581085205,1.9249382019042969,6.037299633026123,28.191179275512695,-15.953682899475098,2.3626761436462402,-0.007497331127524376,-0.04345586523413658,63330.32
-8.096890449523926,1.1409868001937866,2.3056161403656006,6.037299633026123,28.191179275512695,-15.953682899475098,2.3626761436462402,-0.007497331127524376,-0.04345586523413658,63330.33
-8.096890449523926,1.1409868001937866,2.3056161403656006,7.9569549560546875,25.32700538635254,-19.115768432617188,2.3626761436462402,-0.007497331127524376,-0.04345586523413658,63330.332
-8.096890449523926,1.1409868001937866,2.3056161403656006,7.9569549560546875,25.32700538635254,-19.115768432617188,2.7184743881225586,-0.8490562438964844,-0.7177682518959045,63330.395
-8.90254020690918,0.49455228447914124,1.9117701053619385,7.9569549560546875,25.32700538635254,-19.115768432617188,2.7184743881225586,-0.8490562438964844,-0.7177682518959045,63330.4
-8.90254020690918,0.49455228447914124,1.9117701053619385,9.450119972229004,21.610868453979492,-22.202476501464844,2.7184743881225586,-0.8490562438964844,-0.7177682518959045,63330.418
-8.90254020690918,0.49455228447914124,1.9117701053619385,9.450119972229004,21.610868453979492,-22.202476501464844,2.5490972995758057,-0.9300163388252258,-1.5209776163101196,63330.465
-8.980351448059082,-1.5572785139083862,3.0813376903533936,9.450119972229004,21.610868453979492,-22.202476501464844,2.5490972995758057,-0.9300163388252258,-1.5209776163101196,63330.47
-8.980351448059082,-1.5572785139083862,3.0813376903533936,10.22131633758545,16.986309051513672,-25.038040161132813,2.5490972995758057,-0.9300163388252258,-1.5209776163101196,63330.492
-8.980351448059082,-1.5572785139083862,3.0813376903533936,10.22131633758545,16.986309051513672,-25.038040161132813,2.3221960067749023,-0.9864753484725952,-2.5819809436798096,63330.535
-10.889727592468262,-1.3106757402420044,3.307589530944824,10.22131633758545,16.986309051513672,-25.038040161132813,2.3221960067749023,-0.9864753484725952,-2.5819809436798096,63330.535
-10.889727592468262,-1.3106757402420044,3.307589530944824,10.156880378723145,11.614449501037598,-27.4315185546875,2.3221960067749023,-0.9864753484725952,-2.5819809436798096,63330.57
-10.889727592468262,-1.3106757402420044,3.307589530944824,10.156880378723145,11.614449501037598,-27.4315185546875,1.971724033355713,-0.6104369759559631,-2.1654624938964844,63330.6
-10.846631050109863,-2.3605332374572754,1.6962919235229492,10.156880378723145,11.614449501037598,-27.4315185546875,1.971724033355713,-0.6104369759559631,-2.1654624938964844,63330.605
-10.846631050109863,-2.3605332374572754,1.6962919235229492,9.590758323669434,5.926061153411865,-29.248340606689453,1.971724033355713,-0.6104369759559631,-2.1654624938964844,63330.652
-10.846631050109863,-2.3605332374572754,1.6962919235229492,9.590758323669434,5.926061153411865,-29.248340606689453,1.0129860639572144,-0.24824708700180054,-1.6093945503234863,63330.68
-8.912117004394531,-3.939509153366089,1.6400281190872192,9.590758323669434,5.926061153411865,-29.248340606689453,1.0129860639572144,-0.24824708700180054,-1.6093945503234863,63330.684
-8.912117004394531,-3.939509153366089,1.6400281190872192,9.078932762145996,0.6013457179069519,-30.507450103759766,1.0129860639572144,-0.24824708700180054,-1.6093945503234863,63330.734
-8.912117004394531,-3.939509153366089,1.6400281190872192,9.078932762145996,0.6013457179069519,-30.507450103759766,-0.287701815366745,-0.32175034284591675,-1.8022074699401855,63330.742
-10.416872024536133,-2.45749831199646,5.092466831207275,9.078932762145996,0.6013457179069519,-30.507450103759766,-0.287701815366745,-0.32175034284591675,-1.8022074699401855,63330.75
-10.416872024536133,-2.45749831199646,5.092466831207275,8.933935165405273,-3.4634716510772705,-31.41068458557129,-0.287701815366745,-0.32175034284591675,-1.8022074699401855,63330.816
-10.416872024536133,-2.45749831199646,5.092466831207275,8.933935165405273,-3.4634716510772705,-31.41068458557129,-0.4837126135826111,-1.2985965013504028,-0.4269510507583618,63330.824
-10.631153106689453,-3.585167407989502,2.382230758666992,8.933935165405273,-3.4634716510772705,-31.41068458557129,-0.4837126135826111,-1.2985965013504028,-0.4269510507583618,63330.832
-10.631153106689453,-3.585167407989502,2.382230758666992,8.933935165405273,-3.4634716510772705,-31.41068458557129,-1.5415202379226685,-2.3457515239715576,1.4393922090530396,63330.89
-8.245331764221191,-3.012953281402588,6.795941352844238,8.933935165405273,-3.4634716510772705,-31.41068458557129,-1.5415202379226685,-2.3457515239715576,1.4393922090530396,63330.902
-8.245331764221191,-3.012953281402588,6.795941352844238,8.80327033996582,-5.635557174682617,-32.32078552246094,-1.5415202379226685,-2.3457515239715576,1.4393922090530396,63330.902
-8.245331764221191,-3.012953281402588,6.795941352844238,8.80327033996582,-5.635557174682617,-32.32078552246094,-1.0056921243667603,-2.920994281768799,1.7376662492752075,63330.957
-7.560589790344238,-2.9758431911468506,5.673060894012451,8.80327033996582,-5.635557174682617,-32.32078552246094,-1.0056921243667603,-2.920994281768799,1.7376662492752075,63330.965
-7.560589790344238,-2.9758431911468506,5.673060894012451,7.6001081466674805,-5.896356582641602,-33.49113845825195,-1.0056921243667603,-2.920994281768799,1.7376662492752075,63330.977
-7.560589790344238,-2.9758431911468506,5.673060894012451,7.6001081466674805,-5.896356582641602,-33.49113845825195,-0.9694731831550598,-2.472517967224121,0.8971726298332214,63331.027
-6.727407455444336,-2.498199939727783,7.704541206359863,7.6001081466674805,-5.896356582641602,-33.49113845825195,-0.9694731831550598,-2.472517967224121,0.8971726298332214,63331.027
-6.727407455444336,-2.498199939727783,7.704541206359863,4.26714563369751,-4.475151538848877,-34.70256042480469,-0.9694731831550598,-2.472517967224121,0.8971726298332214,63331.063
-6.727407455444336,-2.498199939727783,7.704541206359863,4.26714563369751,-4.475151538848877,-34.70256042480469,-0.2546807527542114,-2.05493426322937,0.45082682371139526,63331.1
-5.286098003387451,-2.307860851287842,8.163030624389648,4.26714563369751,-4.475151538848877,-34.70256042480469,-0.2546807527542114,-2.05493426322937,0.45082682371139526,63331.11
-5.286098003387451,-2.307860851287842,8.163030624389648,-1.3037023544311523,-1.8474065065383911,-35.3638801574707,-0.2546807527542114,-2.05493426322937,0.45082682371139526,63331.133
-5.286098003387451,-2.307860851287842,8.163030624389648,-1.3037023544311523,-1.8474065065383911,-35.3638801574707,0.6742298007011414,-1.3529249429702759,0.1472264677286148,63331.17
-5.529109477996826,-1.9894319772720337,9.113529205322266,-1.3037023544311523,-1.8474065065383911,-35.3638801574707,0.6742298007011414,-1.3529249429702759,0.1472264677286148,63331.18
-5.529109477996826,-1.9894319772720337,9.113529205322266,-8.226177215576172,1.075571894645691,-35.03770446777344,0.6742298007011414,-1.3529249429702759,0.1472264677286148,63331.215
-5.529109477996826,-1.9894319772720337,9.113529205322266,-8.226177215576172,1.075571894645691,-35.03770446777344,1.6127277612686157,-0.6679599285125732,0.2175339162349701,63331.242
-5.839158535003662,-1.3202526569366455,9.050082206726074,-8.226177215576172,1.075571894645691,-35.03770446777344,1.6127277612686157,-0.6679599285125732,0.2175339162349701,63331.246
-5.839158535003662,-1.3202526569366455,9.050082206726074,-15.215598106384277,3.231006383895874,-33.83435821533203,1.6127277612686157,-0.6679599285125732,0.2175339162349701,63331.293
-5.839158535003662,-1.3202526569366455,9.050082206726074,-15.215598106384277,3.231006383895874,-33.83435821533203,1.630837321281433,-1.7268327474594116,1.8569759130477905,63331.324
-5.7900776863098145,-1.1167454719543457,8.53293514251709,-15.215598106384277,3.231006383895874,-33.83435821533203,1.630837321281433,-1.7268327474594116,1.8569759130477905,63331.332
-5.7900776863098145,-1.1167454719543457,8.53293514251709,-21.405973434448242,4.139547824859619,-32.037906646728516,1.630837321281433,-1.7268327474594116,1.8569759130477905,63331.375
-5.7900776863098145,-1.1167454719543457,8.53293514251709,-21.405973434448242,4.139547824859619,-32.037906646728516,1.0641096830368042,-3.3620102405548096,3.8820438385009766,63331.387
-2.2562358379364014,-0.2799719572067261,8.246828079223633,-21.405973434448242,4.139547824859619,-32.037906646728516,1.0641096830368042,-3.3620102405548096,3.8820438385009766,63331.39
-2.2562358379364014,-0.2799719572067261,8.246828079223633,-26.67385482788086,4.652128219604492,-29.431299209594727,1.0641096830368042,-3.3620102405548096,3.8820438385009766,63331.457
-2.2562358379364014,-0.2799719572067261,8.246828079223633,-26.67385482788086,4.652128219604492,-29.431299209594727,0.7679661512374878,-2.78889799118042,3.1960134506225586,63331.46
0.795174241065979,-0.6019920706748962,4.522646903991699,-26.67385482788086,4.652128219604492,-29.431299209594727,0.7679661512374878,-2.78889799118042,3.1960134506225586,63331.465
0.795174241065979,-0.6019920706748962,4.522646903991699,-26.67385482788086,4.652128219604492,-29.431299209594727,-0.4325868487358093,-0.5784742832183838,1.1624237298965454,63331.527
0.553359866142273,0.5831377506256104,8.328230857849121,-26.67385482788086,4.652128219604492,-29.431299209594727,-0.4325868487358093,-0.5784742832183838,1.1624237298965454,63331.53
0.553359866142273,0.5831377506256104,8.328230857849121,-30.969694137573242,6.037073612213135,-25.790828704833984,-0.4325868487358093,-0.5784742832183838,1.1624237298965454,63331.535
0.553359866142273,0.5831377506256104,8.328230857849121,-30.969694137573242,6.037073612213135,-25.790828704833984,-1.1441835165023804,-0.801114559173584,1.5906599760055542,63331.594
2.438793659210205,-1.9499276876449585,5.679046630859375,-30.969694137573242,6.037073612213135,-25.790828704833984,-1.1441835165023804,-0.801114559173584,1.5906599760055542,63331.605
2.438793659210205,-1.9499276876449585,5.679046630859375,-33.950897216796875,8.611964225769043,-21.552480697631836,-1.1441835165023804,-0.801114559173584,1.5906599760055542,63331.62
2.438793659210205,-1.9499276876449585,5.679046630859375,-33.950897216796875,8.611964225769043,-21.552480697631836,-2.6302273273468018,-0.4112277626991272,1.6023778915405273,63331.668
3.4395699501037598,-3.317016839981079,9.525331497192383,-33.950897216796875,8.611964225769043,-21.552480697631836,-2.6302273273468018,-0.4112277626991272,1.6023778915405273,63331.668
3.4395699501037598,-3.317016839981079,9.525331497192383,-35.351165771484375,12.160945892333984,-17.150049209594727,-2.6302273273468018,-0.4112277626991272,1.6023778915405273,63331.695
3.4395699501037598,-3.317016839981079,9.525331497192383,-35.351165771484375,12.160945892333984,-17.150049209594727,-2.7047958374023438,0.22686563432216644,1.2252743244171143,63331.74
2.3897125720977783,-5.073163986206055,9.59715747833252,-35.351165771484375,12.160945892333984,-17.150049209594727,-2.7047958374023438,0.22686563432216644,1.2252743244171143,63331.742
2.3897125720977783,-5.073163986206055,9.59715747833252,-35.17484664916992,16.330364227294922,-12.584010124206543,-2.7047958374023438,0.22686563432216644,1.2252743244171143,63331.773
2.3897125720977783,-5.073163986206055,9.59715747833252,-35.17484664916992,16.330364227294922,-12.584010124206543,-1.5319397449493408,0.4793333113193512,1.4266092777252197,63331.81
1.7923592329025269,-6.521655559539795,8.826224327087402,-35.17484664916992,16.330364227294922,-12.584010124206543,-1.5319397449493408,0.4793333113193512,1.4266092777252197,63331.813
1.7923592329025269,-6.521655559539795,8.826224327087402,-33.69486618041992,20.51507568359375,-7.9859538078308105,-1.5319397449493408,0.4793333113193512,1.4266092777252197,63331.85
1.7923592329025269,-6.521655559539795,8.826224327087402,-33.69486618041992,20.51507568359375,-7.9859538078308105,-1.1047687530517578,1.2420626878738403,1.3115607500076294,63331.88
0.8095394372940063,-5.80219841003418,9.220070838928223,-33.69486618041992,20.51507568359375,-7.9859538078308105,-1.1047687530517578,1.2420626878738403,1.3115607500076294,63331.88
0.8095394372940063,-5.80219841003418,9.220070838928223,-31.32439422607422,24.299327850341797,-3.8786914348602295,-1.1047687530517578,1.2420626878738403,1.3115607500076294,63331.93
0.8095394372940063,-5.80219841003418,9.220070838928223,-31.32439422607422,24.299327850341797,-3.8786914348602295,-0.7681544423103333,1.6734992265701294,1.1688156127929688,63331.957
-0.6820482015609741,-7.083096027374268,7.328651428222656,-31.32439422607422,24.299327850341797,-3.8786914348602295,-0.7681544423103333,1.6734992265701294,1.1688156127929688,63331.96
-0.6820482015609741,-7.083096027374268,7.328651428222656,-28.420543670654297,27.55558204650879,-0.7941591143608093,-0.7681544423103333,1.6734992265701294,1.1688156127929688,63332.016
-0.6820482015609741,-7.083096027374268,7.328651428222656,-28.420543670654297,27.55558204650879,-0.7941591143608093,-0.3718760907649994,2.5608644485473633,1.3349968194961548,63332.023
-3.835211753845215,-7.013664245605469,8.984241485595703,-28.420543670654297,27.55558204650879,-0.7941591143608093,-0.3718760907649994,2.5608644485473633,1.3349968194961548,63332.023
-3.835211753845215,-7.013664245605469,8.984241485595703,-28.420543670654297,27.55558204650879,-0.7941591143608093,0.45583435893058777,3.048755645751953,1.9954607486724854,63332.094
-4.458901405334473,-5.481375217437744,9.564835548400879,-28.420543670654297,27.55558204650879,-0.7941591143608093,0.45583435893058777,3.048755645751953,1.9954607486724854,63332.1
-4.458901405334473,-5.481375217437744,9.564835548400879,-25.127483367919922,30.19548797607422,0.9768689274787903,0.45583435893058777,3.048755645751953,1.9954607486724854,63332.105
-4.458901405334473,-5.481375217437744,9.564835548400879,-25.127483367919922,30.19548797607422,0.9768689274787903,1.7171074151992798,2.5587339401245117,2.186143159866333,63332.164
-5.685929775238037,-4.8098015785217285,9.840168952941895,-25.127483367919922,30.19548797607422,0.9768689274787903,1.7171074151992798,2.5587339401245117,2.186143159866333,63332.17
-5.685929775238037,-4.8098015785217285,9.840168952941895,-21.252962112426758,32.224632263183594,1.2668678760528564,1.7171074151992798,2.5587339401245117,2.186143159866333,63332.176
-5.685929775238037,-4.8098015785217285,9.840168952941895,-21.252962112426758,32.224632263183594,1.2668678760528564,2.641757011413574,2.135823965072632,1.9070438146591187,63332.24
-7.079355239868164,-2.8238112926483154,7.893682956695557,-21.252962112426758,32.224632263183594,1.2668678760528564,2.641757011413574,2.135823965072632,1.9070438146591187,63332.242
-7.079355239868164,-2.8238112926483154,7.893682956695557,-16.531591415405273,33.56039047241211,-0.007908144034445286,2.641757011413574,2.135823965072632,1.9070438146591187,63332.258
-7.079355239868164,-2.8238112926483154,7.893682956695557,-16.531591415405273,33.56039047241211,-0.007908144034445286,2.9773151874542236,1.4945348501205444,1.6215529441833496,63332.31
-8.211812973022461,-1.0808324813842773,6.011840343475342,-16.531591415405273,33.56039047241211,-0.007908144034445286,2.9773151874542236,1.4945348501205444,1.6215529441833496,63332.313
-8.211812973022461,-1.0808324813842773,6.011840343475342,-11.103240966796875,33.871681213378906,-2.767392873764038,2.9773151874542236,1.4945348501205444,1.6215529441833496,63332.332
-8.211812973022461,-1.0808324813842773,6.011840343475342,-11.103240966796875,33.871681213378906,-2.767392873764038,2.603407382965088,0.590125322341919,1.451110601425171,63332.375
-7.367856502532959,1.3109750747680664,4.811148166656494,-11.103240966796875,33.871681213378906,-2.767392873764038,2.603407382965088,0.590125322341919,1.451110601425171,63332.38
-7.367856502532959,1.3109750747680664,4.811148166656494,-5.43859338760376,32.898014068603516,-6.770161151885986,2.603407382965088,0.590125322341919,1.451110601425171,63332.414
-7.367856502532959,1.3109750747680664,4.811148166656494,-5.43859338760376,32.898014068603516,-6.770161151885986,2.166649103164673,-0.23438933491706848,0.9557626843452454,63332.445
-7.318775177001953,1.4761749505996704,2.999934673309326,-5.43859338760376,32.898014068603516,-6.770161151885986,2.166649103164673,-0.23438933491706848,0.9557626843452454,63332.445
-7.318775177001953,1.4761749505996704,2.999934673309326,-0.056656867265701294,30.60439682006836,-11.613550186157227,2.166649103164673,-0.23438933491706848,0.9557626843452454,63332.492
-7.318775177001953,1.4761749505996704,2.999934673309326,-0.056656867265701294,30.60439682006836,-11.613550186157227,1.6723639965057373,-0.26634594798088074,0.3368443250656128,63332.527
-9.010278701782227,3.551947832107544,3.2609026432037354,-0.056656867265701294,30.60439682006836,-11.613550186157227,1.6723639965057373,-0.26634594798088074,0.3368443250656128,63332.527
-9.010278701782227,3.551947832107544,3.2609026432037354,4.471261024475098,27.227161407470703,-16.72439956665039,1.6723639965057373,-0.26634594798088074,0.3368443250656128,63332.574
-9.010278701782227,3.551947832107544,3.2609026432037354,4.471261024475098,27.227161407470703,-16.72439956665039,1.0491842031478882,-0.511356770992279,0.49982979893684387,63332.59
-8.515875816345215,5.199158668518066,4.722562789916992,4.471261024475098,27.227161407470703,-16.72439956665039,1.0491842031478882,-0.511356770992279,0.49982979893684387,63332.594
-8.515875816345215,5.199158668518066,4.722562789916992,7.711455821990967,23.250408172607422,-21.4955997467041,1.0491842031478882,-0.511356770992279,0.49982979893684387,63332.652
-8.515875816345215,5.199158668518066,4.722562789916992,7.711455821990967,23.250408172607422,-21.4955997467041,1.1727548837661743,-0.9992478489875793,0.6830552816390991,63332.664
-8.167519569396973,5.905447959899902,6.154295444488525,7.711455821990967,23.250408172607422,-21.4955997467041,1.1727548837661743,-0.9992478489875793,0.6830552816390991,63332.664
-8.167519569396973,5.905447959899902,6.154295444488525,7.711455821990967,23.250408172607422,-21.4955997467041,1.9748990535736084,-1.2133660316467285,0.5999646782875061,63332.734
-6.4293293952941895,5.245845794677734,6.4164605140686035,7.711455821990967,23.250408172607422,-21.4955997467041,1.9748990535736084,-1.2133660316467285,0.5999646782875061,63332.742
-6.4293293952941895,5.245845794677734,6.4164605140686035,9.513764381408691,19.1147403717041,-25.564220428466797,1.9748990535736084,-1.2133660316467285,0.5999646782875061,63332.746
-6.4293293952941895,5.245845794677734,6.4164605140686035,9.513764381408691,19.1147403717041,-25.564220428466797,2.5746428966522217,-0.7606286406517029,0.11739986389875412,63332.805
-5.683535575866699,6.330419063568115,6.081272125244141,9.513764381408691,19.1147403717041,-25.564220428466797,2.5746428966522217,-0.7606286406517029,0.11739986389875412,63332.805
-5.683535575866699,6.330419063568115,6.081272125244141,9.876668930053711,14.822859764099121,-28.937257766723633,2.5746428966522217,-0.7606286406517029,0.11739986389875412,63332.82
-5.683535575866699,6.330419063568115,6.081272125244141,9.876668930053711,14.822859764099121,-28.937257766723633,2.9272453784942627,-0.8692855834960938,-0.45890820026397705,63332.875
-4.372710227966309,5.354781627655029,3.442862033843994,9.876668930053711,14.822859764099121,-28.937257766723633,2.9272453784942627,-0.8692855834960938,-0.45890820026397705,63332.883
-4.372710227966309,5.354781627655029,3.442862033843994,8.968918800354004,9.945100784301758,-31.68151092529297,2.9272453784942627,-0.8692855834960938,-0.45890820026397705,63332.89
-4.372710227966309,5.354781627655029,3.442862033843994,8.968918800354004,9.945100784301758,-31.68151092529297,2.781304121017456,-0.4634198546409607,-1.2727701663970947,63332.945
-7.21941614151001,6.193949222564697,2.255337953567505,8.968918800354004,9.945100784301758,-31.68151092529297,2.781304121017456,-0.4634198546409607,-1.2727701663970947,63332.95
-7.21941614151001,6.193949222564697,2.255337953567505,7.246373653411865,4.119760036468506,-33.59120559692383,2.781304121017456,-0.4634198546409607,-1.2727701663970947,63332.973
-7.21941614151001,6.193949222564697,2.255337953567505,7.246373653411865,4.119760036468506,-33.59120559692383,2.393548011779785,-0.3718070983886719,-0.9361466765403748,63333.01
-8.913313865661621,6.745812892913818,-0.24181437492370605,7.246373653411865,4.119760036468506,-33.59120559692383,2.393548011779785,-0.3718070983886719,-0.9361466765403748,63333.016
-8.913313865661621,6.745812892913818,-0.24181437492370605,5.360250473022461,-2.573014259338379,-34.322265625,2.393548011779785,-0.3718070983886719,-0.9361466765403748,63333.055
-8.913313865661621,6.745812892913818,-0.24181437492370605,5.360250473022461,-2.573014259338379,-34.322265625,1.3996472358703613,-0.3771288990974426,0.22179605066776276,63333.086
-7.161954879760742,5.921010494232178,-2.365471363067627,5.360250473022461,-2.573014259338379,-34.322265625,1.3996472358703613,-0.3771288990974426,0.22179605066776276,63333.09
-7.161954879760742,5.921010494232178,-2.365471363067627,3.7776882648468018,-9.552445411682129,-33.80386734008789,1.3996472358703613,-0.3771288990974426,0.22179605066776276,63333.133
-7.161954879760742,5.921010494232178,-2.365471363067627,3.7776882648468018,-9.552445411682129,-33.80386734008789,-0.18227046728134155,-0.4953732490539551,0.9227400422096252,63333.164
-7.500734806060791,5.759401798248291,-2.1595699787139893,3.7776882648468018,-9.552445411682129,-33.80386734008789,-0.18227046728134155,-0.4953732490539551,0.9227400422096252,63333.168
-7.500734806060791,5.759401798248291,-2.1595699787139893,2.4059784412384033,-15.874003410339355,-32.529502868652344,-0.18227046728134155,-0.4953732490539551,0.9227400422096252,63333.215
-7.500734806060791,5.759401798248291,-2.1595699787139893,2.4059784412384033,-15.874003410339355,-32.529502868652344,-1.4701751470565796,-0.6775334477424622,1.387195348739624,63333.242
-5.956474781036377,5.578639507293701,-0.5985504388809204,2.4059784412384033,-15.874003410339355,-32.529502868652344,-1.4701751470565796,-0.6775334477424622,1.387195348739624,63333.246
-5.956474781036377,5.578639507293701,-0.5985504388809204,0.7631080150604248,-20.48262596130371,-31.321523666381836,-1.4701751470565796,-0.6775334477424622,1.387195348739624,63333.293
-5.956474781036377,5.578639507293701,-0.5985504388809204,0.7631080150604248,-20.48262596130371,-31.321523666381836,-2.5705933570861816,-1.1845993995666504,1.5182228088378906,63333.3
-5.017947673797607,5.3080949783325195,0.4537012279033661,0.7631080150604248,-20.48262596130371,-31.321523666381836,-2.5705933570861816,-1.1845993995666504,1.5182228088378906,63333.31
-5.017947673797607,5.3080949783325195,0.4537012279033661,0.7631080150604248,-20.48262596130371,-31.321523666381836,-3.641184091567993,-1.6075093746185303,1.8186274766921997,63333.375
-4.185962200164795,5.224297523498535,5.157110691070557,0.7631080150604248,-20.48262596130371,-31.321523666381836,-3.641184091567993,-1.6075093746185303,1.8186274766921997,63333.383
-4.185962200164795,5.224297523498535,5.157110691070557,-1.574928641319275,-22.388383865356445,-30.823026657104492,-3.641184091567993,-1.6075093746185303,1.8186274766921997,63333.387
-4.185962200164795,5.224297523498535,5.157110691070557,-1.574928641319275,-22.388383865356445,-30.823026657104492,-3.2363836765289307,-1.621357798576355,1.8527158498764038,63333.44
-1.9916765689849854,3.9170637130737305,6.064512729644775,-1.574928641319275,-22.388383865356445,-30.823026657104492,-3.2363836765289307,-1.621357798576355,1.8527158498764038,63333.453
-1.9916765689849854,3.9170637130737305,6.064512729644775,-4.8379058837890625,-20.77875328063965,-31.117229461669922,-3.2363836765289307,-1.621357798576355,1.8527158498764038,63333.46
-1.9916765689849854,3.9170637130737305,6.064512729644775,-4.8379058837890625,-20.77875328063965,-31.117229461669922,-2.792168378829956,-1.04718017578125,1.206100344657898,63333.51
-1.1584943532943726,2.797774314880371,7.6075758934021,-4.8379058837890625,-20.77875328063965,-31.117229461669922,-2.792168378829956,-1.04718017578125,1.206100344657898,63333.51
-1.1584943532943726,2.797774314880371,7.6075758934021,-8.894675254821777,-15.540689468383789,-31.575075149536133,-2.792168378829956,-1.04718017578125,1.206100344657898,63333.535
-1.1584943532943726,2.797774314880371,7.6075758934021,-8.894675254821777,-15.540689468383789,-31.575075149536133,-2.2084033489227295,-0.6381186842918396,0.7395145297050476,63333.582
-0.4522048532962799,2.2195746898651123,8.371326446533203,-8.894675254821777,-15.540689468383789,-31.575075149536133,-2.2084033489227295,-0.6381186842918396,0.7395145297050476,63333.617
-0.4522048532962799,2.2195746898651123,8.371326446533203,-13.129568099975586,-7.651905059814453,-31.36885643005371,-2.2084033489227295,-0.6381186842918396,0.7395145297050476,63333.617
-0.4522048532962799,2.2195746898651123,8.371326446533203,-13.129568099975586,-7.651905059814453,-31.36885643005371,-1.9122577905654907,-0.2887130379676819,0.3485625088214874,63333.656
0.4025251567363739,1.564760446548462,9.101557731628418,-13.129568099975586,-7.651905059814453,-31.36885643005371,-1.9122577905654907,-0.2887130379676819,0.3485625088214874,63333.656
0.4025251567363739,1.564760446548462,9.101557731628418,-16.809139251708984,1.293821096420288,-30.111019134521484,-1.9122577905654907,-0.2887130379676819,0.3485625088214874,63333.69
0.4025251567363739,1.564760446548462,9.101557731628418,-16.809139251708984,1.293821096420288,-30.111019134521484,-1.319970726966858,-0.042636942118406296,-0.11482751369476318,63333.727
-0.6257844567298889,1.2283750772476196,9.228450775146484,-16.809139251708984,1.293821096420288,-30.111019134521484,-1.319970726966858,-0.042636942118406296,-0.11482751369476318,63333.73
-0.6257844567298889,1.2283750772476196,9.228450775146484,-19.544574737548828,9.814718246459961,-27.898868560791016,-1.319970726966858,-0.042636942118406296,-0.11482751369476318,63333.773
-0.6257844567298889,1.2283750772476196,9.228450775146484,-19.544574737548828,9.814718246459961,-27.898868560791016,-1.232619047164917,-0.03624535724520683,-0.004040015395730734,63333.793
-0.38995561003685,0.44427403807640076,9.850942611694336,-19.544574737548828,9.814718246459961,-27.898868560791016,-1.232619047164917,-0.03624535724520683,-0.004040015395730734,63333.797
-0.38995561003685,0.44427403807640076,9.850942611694336,-21.361818313598633,16.9407958984375,-25.091520309448242,-1.232619047164917,-0.03624535724520683,-0.004040015395730734,63333.85
-0.38995561003685,0.44427403807640076,9.850942611694336,-21.361818313598633,16.9407958984375,-25.091520309448242,-0.9268881678581238,0.10223902016878128,0.11846539378166199,63333.867
-0.12060791254043579,-0.054917000234127045,11.049241065979004,-21.361818313598633,16.9407958984375,-25.091520309448242,-0.9268881678581238,0.10223902016878128,0.11846539378166199,63333.867
-0.12060791254043579,-0.054917000234127045,11.049241065979004,-22.41379737854004,22.237476348876953,-22.09377098083496,-0.9268881678581238,0.10223902016878128,0.11846539378166199,63333.934
-0.12060791254043579,-0.054917000234127045,11.049241065979004,-22.41379737854004,22.237476348876953,-22.09377098083496,-0.2909253239631653,0.10756534337997437,0.1227264478802681,63333.938
0.1355716735124588,-0.9156324863433838,10.884040832519531,-22.41379737854004,22.237476348876953,-22.09377098083496,-0.2909253239631653,0.10756534337997437,0.1227264478802681,63333.94
0.1355716735124588,-0.9156324863433838,10.884040832519531,-22.41379737854004,22.237476348876953,-22.09377098083496,0.015870841220021248,-0.08311699330806732,-0.00723580876365304,63334.008
0.6706757545471191,-1.0353425741195679,10.63624095916748,-22.41379737854004,22.237476348876953,-22.09377098083496,0.015870841220021248,-0.08311699330806732,-0.00723580876365304,63334.016
0.6706757545471191,-1.0353425741195679,10.63624095916748,-22.84255027770996,25.67790412902832,-19.309844970703125,0.015870841220021248,-0.08311699330806732,-0.00723580876365304,63334.023
0.6706757545471191,-1.0353425741195679,10.63624095916748,-22.84255027770996,25.67790412902832,-19.309844970703125,0.42599764466285706,0.2449844479560852,-0.5547817349433899,63334.08
-0.29299044609069824,-0.26919806003570557,9.730035781860352,-22.84255027770996,25.67790412902832,-19.309844970703125,0.42599764466285706,0.2449844479560852,-0.5547817349433899,63334.086
-0.29299044609069824,-0.26919806003570557,9.730035781860352,-22.88053321838379,27.493000030517578,-17.11316680908203,0.42599764466285706,0.2449844479560852,-0.5547817349433899,63334.11
-0.29299044609069824,-0.26919806003570557,9.730035781860352,-22.88053321838379,27.493000030517578,-17.11316680908203,0.2885785400867462,0.30357399582862854,-0.6400029063224792,63334.15
-0.7478887438774109,0.03247135877609253,10.69489860534668,-22.88053321838379,27.493000030517578,-17.11316680908203,0.2885785400867462,0.30357399582862854,-0.6400029063224792,63334.156
-0.7478887438774109,0.03247135877609253,10.69489860534668,-22.831588745117188,27.916851043701172,-15.722530364990234,0.2885785400867462,0.30357399582862854,-0.6400029063224792,63334.17
-0.7478887438774109,0.03247135877609253,10.69489860534668,-22.831588745117188,27.916851043701172,-15.722530364990234,0.24489577114582062,0.17254993319511414,-0.4056444466114044,63334.223
-0.8951321840286255,-0.019003976136446,10.770316123962402,-22.831588745117188,27.916851043701172,-15.722530364990234,0.24489577114582062,0.17254993319511414,-0.4056444466114044,63334.23
-0.8951321840286255,-0.019003976136446,10.770316123962402,-22.924022674560547,27.163461685180664,-15.148855209350586,0.24489577114582062,0.17254993319511414,-0.4056444466114044,63334.254
-0.8951321840286255,-0.019003976136446,10.770316123962402,-22.924022674560547,27.163461685180664,-15.148855209350586,0.17245778441429138,0.06389296054840088,-0.24585478007793427,63334.293
-0.8233060836791992,-0.0884358286857605,10.540472984313965,-22.924022674560547,27.163461685180664,-15.148855209350586,0.17245778441429138,0.06389296054840088,-0.24585478007793427,63334.293
-0.8233060836791992,-0.0884358286857605,10.540472984313965,-23.214139938354492,25.601078033447266,-15.227377891540527,0.17245778441429138,0.06389296054840088,-0.24585478007793427,63334.336
-0.8233060836791992,-0.0884358286857605,10.540472984313965,-23.214139938354492,25.601078033447266,-15.227377891540527,0.1436956524848938,-0.14276833832263947,-0.12974095344543457,63334.363
-0.3348889648914337,0.44187983870506287,10.363302230834961,-23.214139938354492,25.601078033447266,-15.227377891540527,0.1436956524848938,-0.14276833832263947,-0.12974095344543457,63334.363
-0.3348889648914337,0.44187983870506287,10.363302230834961,-23.648460388183594,23.672935485839844,-15.692567825317383,0.1436956524848938,-0.14276833832263947,-0.12974095344543457,63334.414
-0.3348889648914337,0.44187983870506287,10.363302230834961,-23.648460388183594,23.672935485839844,-15.692567825317383,0.2044157236814499,-0.009610283188521862,-0.2735516428947449,63334.445
-0.7622539401054382,0.48736968636512756,10.223240852355957,-23.648460388183594,23.672935485839844,-15.692567825317383,0.2044157236814499,-0.009610283188521862,-0.2735516428947449,63334.445
-0.7622539401054382,0.48736968636512756,10.223240852355957,-24.16464614868164,21.720869064331055,-16.27507972717285,0.2044157236814499,-0.009610283188521862,-0.2735516428947449,63334.492
-0.7622539401054382,0.48736968636512756,10.223240852355957,-24.16464614868164,21.720869064331055,-16.27507972717285,0.14689144492149353,0.01489079836755991,-0.17874310910701752,63334.508
-0.6605004072189331,0.5161001086235046,10.202890396118164,-24.16464614868164,21.720869064331055,-16.27507972717285,0.14689144492149353,0.01489079836755991,-0.17874310910701752,63334.508
-0.6605004072189331,0.5161001086235046,10.202890396118164,-24.65898895263672,19.93760871887207,-16.806560516357422,0.14689144492149353,0.01489079836755991,-0.17874310910701752,63334.574
-0.6605004072189331,0.5161001086235046,10.202890396118164,-24.65898895263672,19.93760871887207,-16.806560516357422,0.04995238035917282,0.08519825339317322,-0.211766317486763,63334.582
-0.9813234210014343,0.3999813199043274,9.93474006652832,-24.65898895263672,19.93760871887207,-16.806560516357422,0.04995238035917282,0.08519825339317322,-0.211766317486763,63334.582
-0.9813234210014343,0.3999813199043274,9.93474006652832,-24.65898895263672,19.93760871887207,-16.806560516357422,-0.13327309489250183,-0.09376617521047592,0.02365712635219097,63334.65
0.023044191300868988,0.20126257836818695,10.1382474899292,-24.65898895263672,19.93760871887207,-16.806560516357422,-0.13327309489250183,-0.09376617521047592,0.02365712635219097,63334.652
0.023044191300868988,0.20126257836818695,10.1382474899292,-25.028539657592773,18.42302894592285,-17.21670150756836,-0.13327309489250183,-0.09376617521047592,0.02365712635219097,63334.656
0.023044191300868988,0.20126257836818695,10.1382474899292,-25.028539657592773,18.42302894592285,-17.21670150756836,-0.07255303114652634,-0.11933252215385437,-0.07647772878408432,63334.715
-0.3241150677204132,0.21443068981170654,9.75517463684082,-25.028539657592773,18.42302894592285,-17.21670150756836,-0.07255303114652634,-0.11933252215385437,-0.07647772878408432,63334.723
-0.3241150677204132,0.21443068981170654,9.75517463684082,-25.298330307006836,17.262359619140625,-17.44646453857422,-0.07255303114652634,-0.11933252215385437,-0.07647772878408432,63334.746
-0.3241150677204132,0.21443068981170654,9.75517463684082,-25.298330307006836,17.262359619140625,-17.44646453857422,0.011602859944105148,0.10756880044937134,-0.28953060507774353,63334.793
-0.8388684391975403,0.1330278366804123,9.86889934539795,-25.298330307006836,17.262359619140625,-17.44646453857422,0.011602859944105148,0.10756880044937134,-0.28953060507774353,63334.797
-0.8388684391975403,0.1330278366804123,9.86889934539795,-25.52480125427246,16.450998306274414,-17.470365524291992,0.011602859944105148,0.10756880044937134,-0.28953060507774353,63334.82
-0.8388684391975403,0.1330278366804123,9.86889934539795,-25.52480125427246,16.450998306274414,-17.470365524291992,-0.013963486067950726,0.24711844325065613,-0.29698747396469116,63334.86
-1.1788450479507446,0.05282207578420639,9.781511306762695,-25.52480125427246,16.450998306274414,-17.470365524291992,-0.013963486067950726,0.24711844325065613,-0.29698747396469116,63334.86
-1.1788450479507446,0.05282207578420639,9.781511306762695,-25.718740463256836,15.835115432739258,-17.374719619750977,-0.013963486067950726,0.24711844325065613,-0.29698747396469116,63334.89
-1.1788450479507446,0.05282207578420639,9.781511306762695,-25.718740463256836,15.835115432739258,-17.374719619750977,-0.12901204824447632,0.1693541407585144,-0.07647772878408432,63334.93
-0.9549872279167175,0.31618425250053406,9.850942611694336,-25.718740463256836,15.835115432739258,-17.374719619750977,-0.12901204824447632,0.1693541407585144,-0.07647772878408432,63334.93
-0.9549872279167175,0.31618425250053406,9.850942611694336,-25.883495330810547,15.310794830322266,-17.282154083251953,-0.12901204824447632,0.1693541407585144,-0.07647772878408432,63334.973
-0.9549872279167175,0.31618425250053406,9.850942611694336,-25.883495330810547,15.310794830322266,-17.282154083251953,-0.13114257156848907,-0.16194309294223785,0.23457948863506317,63335.0
-0.8855553269386292,0.3736450970172882,9.718064308166504,-25.883495330810547,15.310794830322266,-17.282154083251953,-0.13114257156848907,-0.16194309294223785,0.23457948863506317,63335.004
-0.8855553269386292,0.3736450970172882,9.718064308166504,-25.99344825744629,14.925749778747559,-17.217632293701172,-0.13114257156848907,-0.16194309294223785,0.23457948863506317,63335.05
-0.8855553269386292,0.3736450970172882,9.718064308166504,-25.99344825744629,14.925749778747559,-17.217632293701172,-0.11729413270950317,-0.17153047025203705,0.27719005942344666,63335.082
-0.23193828761577606,0.21802198886871338,9.921571731567383,-25.99344825744629,14.925749778747559,-17.217632293701172,-0.11729413270950317,-0.17153047025203705,0.27719005942344666,63335.086
-0.23193828761577606,0.21802198886871338,9.921571731567383,-26.030719757080078,14.741178512573242,-17.11329460144043,-0.11729413270950317,-0.17153047025203705,0.27719005942344666,63335.137
-0.23193828761577606,0.21802198886871338,9.921571731567383,-26.030719757080078,14.741178512573242,-17.11329460144043,-0.09385831654071808,0.005303418729454279,0.03750556334853172,63335.145
-0.6389525532722473,-0.007032967638224363,9.740809440612793,-26.030719757080078,14.741178512573242,-17.11329460144043,-0.09385831654071808,0.005303418729454279,0.03750556334853172,63335.145
-0.6389525532722473,-0.007032967638224363,9.740809440612793,-26.030719757080078,14.741178512573242,-17.11329460144043,-0.1620352417230606,0.026608707383275032,-0.012561864219605923,63335.215
-0.6784569025039673,-0.1446995586156845,9.780313491821289,-26.030719757080078,14.741178512573242,-17.11329460144043,-0.1620352417230606,0.026608707383275032,-0.012561864219605923,63335.22
-0.6784569025039673,-0.1446995586156845,9.780313491821289,-26.009403228759766,14.713635444641113,-16.936365127563477,-0.1620352417230606,0.026608707383275032,-0.012561864219605923,63335.223
-0.6784569025039673,-0.1446995586156845,9.780313491821289,-26.009403228759766,14.713635444641113,-16.936365127563477,-0.23021216690540314,-0.04795980080962181,-0.017888186499476433,63335.285
-0.6820482015609741,-0.2165256142616272,9.848548889160156,-26.009403228759766,14.713635444641113,-16.936365127563477,-0.23021216690540314,-0.04795980080962181,-0.017888186499476433,63335.29
-0.6820482015609741,-0.2165256142616272,9.848548889160156,-25.956077575683594,14.783034324645996,-16.718551635742188,-0.23021216690540314,-0.04795980080962181,-0.017888186499476433,63335.293
-0.6820482015609741,-0.2165256142616272,9.848548889160156,-25.956077575683594,14.783034324645996,-16.718551635742188,-0.206783264875412,-0.06713110208511353,-0.004039749037474394,63335.36
-0.5683236122131348,-0.38890814781188965,9.856928825378418,-25.956077575683594,14.783034324645996,-16.718551635742188,-0.206783264875412,-0.06713110208511353,-0.004039749037474394,63335.37
-0.5683236122131348,-0.38890814781188965,9.856928825378418,-25.889774322509766,14.934479713439941,-16.450098037719727,-0.206783264875412,-0.06713110208511353,-0.004039749037474394,63335.383
-0.5683236122131348,-0.38890814781188965,9.856928825378418,-25.889774322509766,14.934479713439941,-16.450098037719727,-0.2153053879737854,-0.03304263949394226,0.006612895056605339,63335.426
-0.5575497150421143,-0.6115688681602478,9.983820915222168,-25.889774322509766,14.934479713439941,-16.450098037719727,-0.2153053879737854,-0.03304263949394226,0.006612895056605339,63335.43
-0.5575497150421143,-0.6115688681602478,9.983820915222168,-25.8221492767334,15.086885452270508,-16.095136642456055,-0.2153053879737854,-0.03304263949394226,0.006612895056605339,63335.46
-0.5575497150421143,-0.6115688681602478,9.983820915222168,-25.8221492767334,15.086885452270508,-16.095136642456055,-0.16630321741104126,-0.10228482633829117,-0.01895345188677311,63335.496
-0.5192424654960632,-0.6546645164489746,9.989806175231934,-25.8221492767334,15.086885452270508,-16.095136642456055,-0.16630321741104126,-0.10228482633829117,-0.01895345188677311,63335.5
-0.5192424654960632,-0.6546645164489746,9.989806175231934,-25.783777236938477,15.184831619262695,-15.670149803161621,-0.16630321741104126,-0.10228482633829117,-0.01895345188677311,63335.535
-0.5192424654960632,-0.6546645164489746,9.989806175231934,-25.783777236938477,15.184831619262695,-15.670149803161621,-0.052319929003715515,-0.07991427183151245,-0.021083980798721313,63335.566
-0.4306570291519165,-0.6893804669380188,9.861717224121094,-25.783777236938477,15.184831619262695,-15.670149803161621,-0.052319929003715515,-0.07991427183151245,-0.021083980798721313,63335.57
-0.4306570291519165,-0.6893804669380188,9.861717224121094,-25.799962997436523,15.262125015258789,-15.196878433227539,-0.052319929003715515,-0.07991427183151245,-0.021083980798721313,63335.613
-0.4306570291519165,-0.6893804669380188,9.861717224121094,-25.799962997436523,15.262125015258789,-15.196878433227539,-0.003317766124382615,-0.023455258458852768,-0.014692393131554127,63335.64
-0.42347443103790283,-0.6714239120483398,9.797073364257813,-25.799962997436523,15.262125015258789,-15.196878433227539,-0.003317766124382615,-0.023455258458852768,-0.014692393131554127,63335.65
-0.42347443103790283,-0.6714239120483398,9.797073364257813,-25.855497360229492,15.363740921020508,-14.728252410888672,-0.003317766124382615,-0.023455258458852768,-0.014692393131554127,63335.7
-0.42347443103790283,-0.6714239120483398,9.797073364257813,-25.855497360229492,15.363740921020508,-14.728252410888672,0.0073348782025277615,0.03193849325180054,-0.008300806395709515,63335.715
-0.4569932520389557,-0.6714239120483398,9.832986831665039,-25.855497360229492,15.363740921020508,-14.728252410888672,0.0073348782025277615,0.03193849325180054,-0.008300806395709515,63335.715
-0.4569932520389557,-0.6714239120483398,9.832986831665039,-25.91883087158203,15.498095512390137,-14.37935733795166,0.0073348782025277615,0.03193849325180054,-0.008300806395709515,63335.777
-0.4569932520389557,-0.6714239120483398,9.832986831665039,-25.91883087158203,15.498095512390137,-14.37935733795166,0.0073348782025277615,0.10544173419475555,2.2130868455860764E-4,63335.785
-0.5000888705253601,-0.6989572644233704,9.898826599121094,-25.91883087158203,15.498095512390137,-14.37935733795166,0.0073348782025277615,0.10544173419475555,2.2130868455860764E-4,63335.793
-0.5000888705253601,-0.6989572644233704,9.898826599121094,-25.91883087158203,15.498095512390137,-14.37935733795166,0.026509637013077736,-0.0010847054654732347,-0.01575765758752823,63335.855
-0.5000888705253601,-0.5888239741325378,9.62828254699707,-25.91883087158203,15.498095512390137,-14.37935733795166,0.026509637013077736,-0.0010847054654732347,-0.01575765758752823,63335.867
-0.5000888705253601,-0.5888239741325378,9.62828254699707,-25.981597900390625,15.621487617492676,-14.222694396972656,0.026509637013077736,-0.0010847054654732347,-0.01575765758752823,63335.87
-0.5000888705253601,-0.5888239741325378,9.62828254699707,-25.981597900390625,15.621487617492676,-14.222694396972656,-0.0011848403373733163,-0.017064737156033516,-0.01149659976363182,63335.926
-0.4893149733543396,-0.6307225227355957,9.785101890563965,-25.981597900390625,15.621487617492676,-14.222694396972656,-0.0011848403373733163,-0.017064737156033516,-0.01149659976363182,63335.926
-0.4893149733543396,-0.6307225227355957,9.785101890563965,-26.048168182373047,15.73171615600586,-14.221843719482422,-0.0011848403373733163,-0.017064737156033516,-0.01149659976363182,63335.938
-0.4893149733543396,-0.6307225227355957,9.785101890563965,-26.048168182373047,15.73171615600586,-14.221843719482422,-0.007576426956802607,0.004240551497787237,-0.01149659976363182,63335.996
-0.4893149733543396,-0.6367080211639404,9.81143856048584,-26.048168182373047,15.73171615600586,-14.221843719482422,-0.007576426956802607,0.004240551497787237,-0.01149659976363182,63336.004
-0.4893149733543396,-0.6367080211639404,9.81143856048584,-26.07862663269043,15.838577270507813,-14.28732967376709,-0.007576426956802607,0.004240551497787237,-0.01149659976363182,63336.02
-0.4893149733543396,-0.6367080211639404,9.81143856048584,-26.07862663269043,15.838577270507813,-14.28732967376709,-0.0054458980448544025,0.005305815953761339,-0.010431335307657719,63336.063
-0.48572367429733276,-0.6355109214782715,9.798270225524902,-26.07862663269043,15.838577270507813,-14.28732967376709,-0.0054458980448544025,0.005305815953761339,-0.010431335307657719,63336.066
-0.48572367429733276,-0.6355109214782715,9.798270225524902,-26.028079986572266,15.897933959960938,-14.363285064697266,-0.0054458980448544025,0.005305815953761339,-0.010431335307657719,63336.098
-0.48572367429733276,-0.6355109214782715,9.798270225524902,-26.028079986572266,15.897933959960938,-14.363285064697266,-0.0043806335888803005,0.005305815953761339,-0.006170277949422598,63336.133
-0.48811787366867065,-0.6379051208496094,9.819818496704102,-26.028079986572266,15.897933959960938,-14.363285064697266,-0.0043806335888803005,0.005305815953761339,-0.006170277949422598,63336.137
-0.48811787366867065,-0.6379051208496094,9.819818496704102,-25.9488525390625,15.881614685058594,-14.420955657958984,-0.0043806335888803005,0.005305815953761339,-0.006170277949422598,63336.17
-0.48811787366867065,-0.6379051208496094,9.819818496704102,-25.9488525390625,15.881614685058594,-14.420955657958984,-0.0043806335888803005,0.004240551497787237,-0.004039749037474394,63336.203
-0.4941033720970154,-0.6295254230499268,9.799467086791992,-25.9488525390625,15.881614685058594,-14.420955657958984,-0.0043806335888803005,0.004240551497787237,-0.004039749037474394,63336.21
-0.4941033720970154,-0.6295254230499268,9.799467086791992,-25.912845611572266,15.815886497497559,-14.450230598449707,-0.0043806335888803005,0.004240551497787237,-0.004039749037474394,63336.25
-0.4941033720970154,-0.6295254230499268,9.799467086791992,-25.912845611572266,15.815886497497559,-14.450230598449707,-0.0043806335888803005,0.004240551497787237,-0.005105013493448496,63336.277
-0.4869207739830017,-0.645087718963623,9.801861763000488,-25.912845611572266,15.815886497497559,-14.450230598449707,-0.0043806335888803005,0.004240551497787237,-0.005105013493448496,63336.28
-0.4869207739830017,-0.645087718963623,9.801861763000488,-25.912858963012695,15.75606918334961,-14.451900482177734,-0.0043806335888803005,0.004240551497787237,-0.005105013493448496,63336.336
-0.4869207739830017,-0.645087718963623,9.801861763000488,-25.912858963012695,15.75606918334961,-14.451900482177734,-0.0043806335888803005,0.005305815953761339,-0.004039749037474394,63336.355
-0.48572367429733276,-0.6391022205352783,9.81024169921875,-25.912858963012695,15.75606918334961,-14.451900482177734,-0.0043806335888803005,0.005305815953761339,-0.004039749037474394,63336.36
-0.48572367429733276,-0.6391022205352783,9.81024169921875,-25.921823501586914,15.752154350280762,-14.43181037902832,-0.0043806335888803005,0.005305815953761339,-0.004039749037474394,63336.414
-0.48572367429733276,-0.6391022205352783,9.81024169921875,-25.921823501586914,15.752154350280762,-14.43181037902832,-0.0043806335888803005,0.005305815953761339,-0.008300806395709515,63336.418
-0.49290627241134644,-0.6367080211639404,9.799467086791992,-25.921823501586914,15.752154350280762,-14.43181037902832,-0.0043806335888803005,0.005305815953761339,-0.008300806395709515,63336.418
-0.49290627241134644,-0.6367080211639404,9.799467086791992,-25.921823501586914,15.752154350280762,-14.43181037902832,-0.0043830303475260735,0.005306880921125412,-0.010431335307657719,63336.496
-0.49290627241134644,-0.6402993202209473,9.806650161743164,-25.921823501586914,15.752154350280762,-14.43181037902832,-0.0043830303475260735,0.005306880921125412,-0.010431335307657719,63336.5
-0.49290627241134644,-0.6402993202209473,9.806650161743164,-25.941539764404297,15.783961296081543,-14.413549423217773,-0.0043830303475260735,0.005306880921125412,-0.010431335307657719,63336.504
-0.49290627241134644,-0.6402993202209473,9.806650161743164,-25.941539764404297,15.783961296081543,-14.413549423217773,-0.003317766124382615,0.005306880921125412,-0.009366070851683617,63336.563
-0.5000888705253601,-0.6402993202209473,9.803058624267578,-25.941539764404297,15.783961296081543,-14.413549423217773,-0.003317766124382615,0.005306880921125412,-0.009366070851683617,63336.57
-0.5000888705253601,-0.6402993202209473,9.803058624267578,-25.954235076904297,15.810038566589355,-14.424522399902344,-0.003317766124382615,0.005306880921125412,-0.009366070851683617,63336.574
-0.5000888705253601,-0.6402993202209473,9.803058624267578,-25.954235076904297,15.810038566589355,-14.424522399902344,0.015856994315981865,0.022351112216711044,-0.0019092201255261898,63336.633
-0.5048772692680359,-0.6271312236785889,9.80904483795166,-25.954235076904297,15.810038566589355,-14.424522399902344,0.015856994315981865,0.022351112216711044,-0.0019092201255261898,63336.633
-0.5048772692680359,-0.6271312236785889,9.80904483795166,-25.92807388305664,15.811717987060547,-14.472027778625488,0.015856994315981865,0.022351112216711044,-0.0019092201255261898,63336.664
-0.5048772692680359,-0.6271312236785889,9.80904483795166,-25.92807388305664,15.811717987060547,-14.472027778625488,-0.009709352627396584,0.0031763522420078516,-0.0072355424053967,63336.703
-0.49889177083969116,-0.6271312236785889,9.800664901733398,-25.92807388305664,15.811717987060547,-14.472027778625488,-0.009709352627396584,0.0031763522420078516,-0.0072355424053967,63336.703
-0.49889177083969116,-0.6271312236785889,9.800664901733398,-25.88853645324707,15.768424987792969,-14.519330024719238,-0.009709352627396584,0.0031763522420078516,-0.0072355424053967,63336.74
-0.49889177083969116,-0.6271312236785889,9.800664901733398,-25.88853645324707,15.768424987792969,-14.519330024719238,-0.0075788237154483795,0.0031763522420078516,-0.006170277949422598,63336.785
-0.501285970211029,-0.6283283233642578,9.797073364257813,-25.88853645324707,15.768424987792969,-14.519330024719238,-0.0075788237154483795,0.0031763522420078516,-0.006170277949422598,63336.797
-0.501285970211029,-0.6283283233642578,9.797073364257813,-25.866931915283203,15.74521255493164,-14.515931129455566,-0.0075788237154483795,0.0031763522420078516,-0.006170277949422598,63336.83
-0.501285970211029,-0.6283283233642578,9.797073364257813,-25.866931915283203,15.74521255493164,-14.515931129455566,-0.0043830303475260735,0.00424161646515131,-0.0072355424053967,63336.867
-0.49889177083969116,-0.6355109214782715,9.815030097961426,-25.866931915283203,15.74521255493164,-14.515931129455566,-0.0043830303475260735,0.00424161646515131,-0.0072355424053967,63336.867
-0.49889177083969116,-0.6355109214782715,9.815030097961426,-25.858169555664063,15.785674095153809,-14.431255340576172,-0.0043830303475260735,0.00424161646515131,-0.0072355424053967,63336.906
-0.49889177083969116,-0.6355109214782715,9.815030097961426,-25.858169555664063,15.785674095153809,-14.431255340576172,-0.0043830303475260735,0.005306880921125412,-0.006170277949422598,63336.914
-0.5000888705253601,-0.6402993202209473,9.81024169921875,-25.858169555664063,15.785674095153809,-14.431255340576172,-0.0043830303475260735,0.005306880921125412,-0.006170277949422598,63336.918
-0.5000888705253601,-0.6402993202209473,9.81024169921875,-25.882017135620117,15.832037925720215,-14.299781799316406,-0.0043830303475260735,0.005306880921125412,-0.006170277949422598,63336.973
-0.5000888705253601,-0.6402993202209473,9.81024169921875,-25.882017135620117,15.832037925720215,-14.299781799316406,-0.0043830303475260735,0.00424161646515131,-0.006170277949422598,63336.99
-0.49889177083969116,-0.623539924621582,9.794678688049316,-25.882017135620117,15.832037925720215,-14.299781799316406,-0.0043830303475260735,0.00424161646515131,-0.006170277949422598,63337.0
-0.49889177083969116,-0.623539924621582,9.794678688049316,-25.916719436645508,15.855548858642578,-14.204977035522461,-0.0043830303475260735,0.00424161646515131,-0.006170277949422598,63337.05
-0.49889177083969116,-0.623539924621582,9.794678688049316,-25.916719436645508,15.855548858642578,-14.204977035522461,-0.0043920851312577724,0.004246410448104143,-0.010430802591145039,63337.055
-0.5000888705253601,-0.6199486255645752,9.783905029296875,-25.916719436645508,15.855548858642578,-14.204977035522461,-0.0043920851312577724,0.004246410448104143,-0.010430802591145039,63337.066
-0.5000888705253601,-0.6199486255645752,9.783905029296875,-25.916719436645508,15.855548858642578,-14.204977035522461,-0.0043920851312577724,0.005311674904078245,-0.00723500968888402,63337.13
-0.502483069896698,-0.6283283233642578,9.805453300476074,-25.916719436645508,15.855548858642578,-14.204977035522461,-0.0043920851312577724,0.005311674904078245,-0.00723500968888402,63337.137
-0.502483069896698,-0.6283283233642578,9.805453300476074,-25.90024757385254,15.838746070861816,-14.154696464538574,-0.0043920851312577724,0.005311674904078245,-0.00723500968888402,63337.14
-0.502483069896698,-0.6283283233642578,9.805453300476074,-25.90024757385254,15.838746070861816,-14.154696464538574,-0.0043920851312577724,0.004246410448104143,-0.009365538135170937,63337.2
-0.4917091727256775,-0.6319196224212646,9.795876502990723,-25.90024757385254,15.838746070861816,-14.154696464538574,-0.0043920851312577724,0.004246410448104143,-0.009365538135170937,63337.215
-0.4917091727256775,-0.6319196224212646,9.795876502990723,-25.862594604492188,15.814266204833984,-14.12739086151123,-0.0043920851312577724,0.004246410448104143,-0.009365538135170937,63337.22
-0.4917091727256775,-0.6319196224212646,9.795876502990723,-25.862594604492188,15.814266204833984,-14.12739086151123,-0.0043920851312577724,0.004246410448104143,-0.008300273679196835,63337.27
-0.502483069896698,-0.6199486255645752,9.798270225524902,-25.862594604492188,15.814266204833984,-14.12739086151123,-0.0043920851312577724,0.004246410448104143,-0.008300273679196835,63337.27
-0.502483069896698,-0.6199486255645752,9.798270225524902,-25.847026824951172,15.848699569702148,-14.157700538635254,-0.0043920851312577724,0.004246410448104143,-0.008300273679196835,63337.293
-0.502483069896698,-0.6199486255645752,9.798270225524902,-25.847026824951172,15.848699569702148,-14.157700538635254,-0.003326820908114314,0.005311674904078245,-0.009365538135170937,63337.34
-0.501285970211029,-0.6307225227355957,9.792284965515137,-25.847026824951172,15.848699569702148,-14.157700538635254,-0.003326820908114314,0.005311674904078245,-0.009365538135170937,63337.34
-0.501285970211029,-0.6307225227355957,9.792284965515137,-25.82859230041504,15.89620304107666,-14.226021766662598,-0.003326820908114314,0.005311674904078245,-0.009365538135170937,63337.37
-0.501285970211029,-0.6307225227355957,9.792284965515137,-25.82859230041504,15.89620304107666,-14.226021766662598,-0.0043920851312577724,0.005311674904078245,-0.010430802591145039,63337.414
-0.5000888705253601,-0.645087718963623,9.804255485534668,-25.82859230041504,15.89620304107666,-14.226021766662598,-0.0043920851312577724,0.005311674904078245,-0.010430802591145039,63337.418
-0.5000888705253601,-0.645087718963623,9.804255485534668,-25.837177276611328,15.891060829162598,-14.2742280960083,-0.0043920851312577724,0.005311674904078245,-0.010430802591145039,63337.453
-0.5000888705253601,-0.645087718963623,9.804255485534668,-25.837177276611328,15.891060829162598,-14.2742280960083,0.004130030050873756,0.002115881536155939,-0.009365538135170937,63337.484
-0.4976946711540222,-0.6355109214782715,9.799467086791992,-25.837177276611328,15.891060829162598,-14.2742280960083,0.004130030050873756,0.002115881536155939,-0.009365538135170937,63337.484
-0.4976946711540222,-0.6355109214782715,9.799467086791992,-25.914709091186523,15.845296859741211,-14.28679084777832,0.004130030050873756,0.002115881536155939,-0.009365538135170937,63337.535
-0.4976946711540222,-0.6355109214782715,9.799467086791992,-25.914709091186523,15.845296859741211,-14.28679084777832,-0.009718406945466995,0.006376939360052347,-0.00723500968888402,63337.55
-0.4941033720970154,-0.6343138217926025,9.7791166305542,-25.914709091186523,15.845296859741211,-14.28679084777832,-0.009718406945466995,0.006376939360052347,-0.00723500968888402,63337.555
-0.4941033720970154,-0.6343138217926025,9.7791166305542,-25.976825714111328,15.7809419631958,-14.246849060058594,-0.009718406945466995,0.006376939360052347,-0.00723500968888402,63337.613
