0.0,0.0,0.0,-0.6411896347999573,51.15495681762695,-17.84550666809082,0.0,0.0,0.0
0.0,0.0,0.0,-0.5999504923820496,51.105472564697266,-17.837257385253906,0.0,0.0,0.0
0.0,0.0,0.0,-0.47294914722442627,50.93492889404297,-17.818456649780273,0.0,0.0,0.0
0.0,0.0,0.0,-0.30538618564605713,50.68259811401367,-17.814830780029297,0.0,0.0,0.0
0.0,0.0,0.0,-0.30538618564605713,50.68259811401367,-17.814830780029297,-0.023302659392356873,-0.007689877413213253,-0.11844408512115479
-0.43754035234451294,0.5427355766296387,9.747243881225586,-0.30538618564605713,50.68259811401367,-17.814830780029297,-0.023302659392356873,-0.007689877413213253,-0.11844408512115479
-0.43754035234451294,0.5427355766296387,9.747243881225586,-0.15986986458301544,50.44114685058594,-17.827421188354492,-0.023302659392356873,-0.007689877413213253,-0.11844408512115479
-0.43754035234451294,0.5427355766296387,9.747243881225586,-0.15986986458301544,50.44114685058594,-17.827421188354492,-0.02756371721625328,-0.022603578865528107,-0.007656588219106197
-0.4040215313434601,0.46252983808517456,9.693374633789063,-0.15986986458301544,50.44114685058594,-17.827421188354492,-0.02756371721625328,-0.022603578865528107,-0.007656588219106197
-0.4040215313434601,0.46252983808517456,9.693374633789063,-0.15986986458301544,50.44114685058594,-17.827421188354492,0.0011984225129708648,0.021072261035442352,0.06265086680650711
-1.4407109022140503,1.0814310312271118,9.83223819732666,-0.15986986458301544,50.44114685058594,-17.827421188354492,0.0011984225129708648,0.021072261035442352,0.06265086680650711
-1.4407109022140503,1.0814310312271118,9.83223819732666,-0.028945714235305786,50.26094436645508,-17.80402374267578,0.0011984225129708648,0.021072261035442352,0.06265086680650711
-1.4407109022140503,1.0814310312271118,9.83223819732666,-0.028945714235305786,50.26094436645508,-17.80402374267578,-0.0041278996504843235,-0.030060430988669395,0.6549378633499146
-1.0372878313064575,0.7821557521820068,9.847800254821777,-0.028945714235305786,50.26094436645508,-17.80402374267578,-0.0041278996504843235,-0.030060430988669395,0.6549378633499146
-1.0372878313064575,0.7821557521820068,9.847800254821777,0.159817636013031,50.203399658203125,-17.759822845458984,-0.0041278996504843235,-0.030060430988669395,0.6549378633499146
-1.0372878313064575,0.7821557521820068,9.847800254821777,0.159817636013031,50.203399658203125,-17.759822845458984,0.005459479987621307,-0.02899516560137272,1.1641342639923096
-0.5093663930892944,0.4397849142551422,9.711331367492676,0.159817636013031,50.203399658203125,-17.759822845458984,0.005459479987621307,-0.02899516560137272,1.1641342639923096
-0.5093663930892944,0.4397849142551422,9.711331367492676,0.6934933066368103,50.372535705566406,-17.9371280670166,0.005459479987621307,-0.02899516560137272,1.1641342639923096
-0.5093663930892944,0.4397849142551422,9.711331367492676,0.6934933066368103,50.372535705566406,-17.9371280670166,0.021438445895910263,0.023202789947390556,1.2205933332443237
0.43035775423049927,-0.02828150801360607,9.748440742492676,0.6934933066368103,50.372535705566406,-17.9371280670166,0.021438445895910263,0.023202789947390556,1.2205933332443237
0.43035775423049927,-0.02828150801360607,9.748440742492676,2.152271270751953,50.79790496826172,-18.82845115661621,0.021438445895910263,0.023202789947390556,1.2205933332443237
0.43035775423049927,-0.02828150801360607,9.748440742492676,2.152271270751953,50.79790496826172,-18.82845115661621,0.015046860091388226,0.045573342591524124,0.8935571312904358
-0.41718965768814087,0.6289268732070923,9.756820678710938,2.152271270751953,50.79790496826172,-18.82845115661621,0.015046860091388226,0.045573342591524124,0.8935571312904358
-0.41718965768814087,0.6289268732070923,9.756820678710938,4.993017673492432,51.27793884277344,-20.841089248657227,0.015046860091388226,0.045573342591524124,0.8935571312904358
-0.41718965768814087,0.6289268732070923,9.756820678710938,4.993017673492432,51.27793884277344,-20.841089248657227,-0.0073236930184066296,0.02533331885933876,0.9936919808387756
-1.2216414213180542,0.9952397346496582,9.790339469909668,4.993017673492432,51.27793884277344,-20.841089248657227,-0.0073236930184066296,0.02533331885933876,0.9936919808387756
-1.2216414213180542,0.9952397346496582,9.790339469909668,9.317062377929688,51.326148986816406,-23.832111358642578,-0.0073236930184066296,0.02533331885933876,0.9936919808387756
-1.2216414213180542,0.9952397346496582,9.790339469909668,9.317062377929688,51.326148986816406,-23.832111358642578,0.003328951308503747,0.03385543450713158,1.5071494579315186
-0.20290859043598175,0.4026747941970825,9.816676139831543,9.317062377929688,51.326148986816406,-23.832111358642578,0.003328951308503747,0.03385543450713158,1.5071494579315186
-0.20290859043598175,0.4026747941970825,9.816676139831543,15.08536148071289,50.16059112548828,-27.036462783813477,0.003328951308503747,0.03385543450713158,1.5071494579315186
-0.20290859043598175,0.4026747941970825,9.816676139831543,15.08536148071289,50.16059112548828,-27.036462783813477,0.017177388072013855,0.03172490745782852,1.6967664957046509
-0.0520738884806633,0.09023147821426392,9.753229141235352,15.08536148071289,50.16059112548828,-27.036462783813477,0.017177388072013855,0.03172490745782852,1.6967664957046509
-0.0520738884806633,0.09023147821426392,9.753229141235352,22.03200912475586,47.09303283691406,-29.352365493774414,0.017177388072013855,0.03172490745782852,1.6967664957046509
-0.0520738884806633,0.09023147821426392,9.753229141235352,22.03200912475586,47.09303283691406,-29.352365493774414,0.02996056154370308,0.03598596528172493,1.4656040668487549
1.2012907266616821,0.32606035470962524,9.796324729919434,22.03200912475586,47.09303283691406,-29.352365493774414,0.02996056154370308,0.03598596528172493,1.4656040668487549
1.2012907266616821,0.32606035470962524,9.796324729919434,22.03200912475586,47.09303283691406,-29.352365493774414,0.015046860091388226,0.0327901691198349,0.6975484490394592
0.40043023228645325,0.3679588735103607,9.640702247619629,22.03200912475586,47.09303283691406,-29.352365493774414,0.015046860091388226,0.0327901691198349,0.6975484490394592
0.40043023228645325,0.3679588735103607,9.640702247619629,29.362834930419922,42.26588439941406,-29.973960876464844,0.015046860091388226,0.0327901691198349,0.6975484490394592
0.40043023228645325,0.3679588735103607,9.640702247619629,29.362834930419922,42.26588439941406,-29.973960876464844,-0.0360858328640461,0.016811205074191093,0.09141300618648529
-0.020949264988303185,0.5654805302619934,9.79871940612793,29.362834930419922,42.26588439941406,-29.973960876464844,-0.0360858328640461,0.016811205074191093,0.09141300618648529
-0.020949264988303185,0.5654805302619934,9.79871940612793,35.96038818359375,36.737422943115234,-29.041624069213867,-0.0360858328640461,0.016811205074191093,0.09141300618648529
-0.020949264988303185,0.5654805302619934,9.79871940612793,35.96038818359375,36.737422943115234,-29.041624069213867,-0.02117213048040867,-0.020473049953579903,-0.046006105840206146
0.08200141042470932,0.49485155940055847,9.813084602355957,35.96038818359375,36.737422943115234,-29.041624069213867,-0.02117213048040867,-0.020473049953579903,-0.046006105840206146
0.08200141042470932,0.49485155940055847,9.813084602355957,40.9992561340332,31.729949951171875,-27.4007625579834,-0.02117213048040867,-0.020473049953579903,-0.046006105840206146
0.08200141042470932,0.49485155940055847,9.813084602355957,40.9992561340332,31.729949951171875,-27.4007625579834,-0.008388957008719444,-0.0012982910266146064,-0.2057957649230957
0.008978256024420261,0.595408022403717,9.863363265991211,40.9992561340332,31.729949951171875,-27.4007625579834,-0.008388957008719444,-0.0012982910266146064,-0.2057957649230957
0.008978256024420261,0.595408022403717,9.863363265991211,44.272579193115234,28.006484985351563,-25.777359008789063,-0.008388957008719444,-0.0012982910266146064,-0.2057957649230957
0.008978256024420261,0.595408022403717,9.863363265991211,44.272579193115234,28.006484985351563,-25.777359008789063,0.01185106672346592,0.005093295592814684,-0.3815644085407257
0.6039373874664307,0.31768062710762024,9.77597427368164,44.272579193115234,28.006484985351563,-25.777359008789063,0.01185106672346592,0.005093295592814684,-0.3815644085407257
0.6039373874664307,0.31768062710762024,9.77597427368164,46.07709884643555,25.804710388183594,-24.491239547729492,0.01185106672346592,0.005093295592814684,-0.3815644085407257
0.6039373874664307,0.31768062710762024,9.77597427368164,46.07709884643555,25.804710388183594,-24.491239547729492,0.020118584856390953,-0.008637962862849236,-0.800152599811554
0.42676645517349243,0.40028059482574463,9.714921951293945,46.07709884643555,25.804710388183594,-24.491239547729492,0.020118584856390953,-0.008637962862849236,-0.800152599811554
0.42676645517349243,0.40028059482574463,9.714921951293945,46.80641174316406,25.062461853027344,-23.78575897216797,0.020118584856390953,-0.008637962862849236,-0.800152599811554
0.42676645517349243,0.40028059482574463,9.714921951293945,46.80641174316406,25.062461853027344,-23.78575897216797,0.044619664549827576,0.015863118693232536,-1.1090792417526245
0.4339490532875061,0.4421791136264801,9.795127868652344,46.80641174316406,25.062461853027344,-23.78575897216797,0.044619664549827576,0.015863118693232536,-1.1090792417526245
0.4339490532875061,0.4421791136264801,9.795127868652344,46.45719909667969,25.733306884765625,-24.06634521484375,0.044619664549827576,0.015863118693232536,-1.1090792417526245
0.4339490532875061,0.4421791136264801,9.795127868652344,46.45719909667969,25.733306884765625,-24.06634521484375,0.02544490620493889,-0.03526957333087921,-1.4084185361862183
0.18974047899246216,0.20515315234661102,9.749638557434082,46.45719909667969,25.733306884765625,-24.06634521484375,0.02544490620493889,-0.03526957333087921,-1.4084185361862183
0.18974047899246216,0.20515315234661102,9.749638557434082,46.45719909667969,25.733306884765625,-24.06634521484375,-0.0011867046123370528,-0.03207378089427948,-1.6971052885055542
0.16340427100658417,0.2745850086212158,9.71013355255127,46.45719909667969,25.733306884765625,-24.06634521484375,-0.0011867046123370528,-0.03207378089427948,-1.6971052885055542
0.16340427100658417,0.2745850086212158,9.71013355255127,44.49907684326172,27.88648796081543,-25.554119110107422,-0.0011867046123370528,-0.03207378089427948,-1.6971052885055542
0.16340427100658417,0.2745850086212158,9.71013355255127,44.49907684326172,27.88648796081543,-25.554119110107422,-0.031014109030365944,-0.022486399859189987,-2.158364772796631
-0.2651578485965729,-0.20784664154052734,9.693374633789063,44.49907684326172,27.88648796081543,-25.554119110107422,-0.031014109030365944,-0.022486399859189987,-2.158364772796631
-0.2651578485965729,-0.20784664154052734,9.693374633789063,40.106475830078125,31.58329200744629,-27.59609031677246,-0.031014109030365944,-0.022486399859189987,-2.158364772796631
-0.2651578485965729,-0.20784664154052734,9.693374633789063,40.106475830078125,31.58329200744629,-27.59609031677246,-0.01290461327880621,0.04675578698515892,-2.2947185039520264
-0.5321113467216492,-0.8339303731918335,9.760412216186523,40.106475830078125,31.58329200744629,-27.59609031677246,-0.01290461327880621,0.04675578698515892,-2.2947185039520264
-0.5321113467216492,-0.8339303731918335,9.760412216186523,32.7896842956543,36.49793243408203,-28.5830078125,-0.01290461327880621,0.04675578698515892,-2.2947185039520264
-0.5321113467216492,-0.8339303731918335,9.760412216186523,32.7896842956543,36.49793243408203,-28.5830078125,-0.01290461327880621,0.06273475289344788,-2.6068410873413086
-0.8732850551605225,-0.20545242726802826,9.825055122375488,32.7896842956543,36.49793243408203,-28.5830078125,-0.01290461327880621,0.06273475289344788,-2.6068410873413086
-0.8732850551605225,-0.20545242726802826,9.825055122375488,23.33908462524414,41.45842742919922,-27.328327178955078,-0.01290461327880621,0.06273475289344788,-2.6068410873413086
-0.8732850551605225,-0.20545242726802826,9.825055122375488,23.33908462524414,41.45842742919922,-27.328327178955078,-0.02568778581917286,0.05421263724565506,-3.042534112930298
-0.3621230125427246,-1.8562544584274292,9.766397476196289,23.33908462524414,41.45842742919922,-27.328327178955078,-0.02568778581917286,0.05421263724565506,-3.042534112930298
-0.3621230125427246,-1.8562544584274292,9.766397476196289,13.058440208435059,45.12620544433594,-24.28753662109375,-0.02568778581917286,0.05421263724565506,-3.042534112930298
-0.3621230125427246,-1.8562544584274292,9.766397476196289,13.058440208435059,45.12620544433594,-24.28753662109375,-0.07156100124120712,-0.06187029182910919,-3.5368008613586426
-3.8145618438720703,0.24346038699150085,9.486275672912598,13.058440208435059,45.12620544433594,-24.28753662109375,-0.07156100124120712,-0.06187029182910919,-3.5368008613586426
-3.8145618438720703,0.24346038699150085,9.486275672912598,2.3066086769104004,46.884185791015625,-20.57720184326172,-0.07156100124120712,-0.06187029182910919,-3.5368008613586426
-3.8145618438720703,0.24346038699150085,9.486275672912598,2.3066086769104004,46.884185791015625,-20.57720184326172,-0.04386412724852562,0.05104773864150047,-2.3341174125671387
-3.02327823638916,0.6887819170951843,9.906458854675293,2.3066086769104004,46.884185791015625,-20.57720184326172,-0.04386412724852562,0.05104773864150047,-2.3341174125671387
-3.02327823638916,0.6887819170951843,9.906458854675293,-8.726737022399902,46.604026794433594,-16.919769287109375,-0.04386412724852562,0.05104773864150047,-2.3341174125671387
-3.02327823638916,0.6887819170951843,9.906458854675293,-8.726737022399902,46.604026794433594,-16.919769287109375,8.769789128564298E-4,-0.011802863329648972,-0.6499343514442444
-1.104325532913208,0.06150105595588684,9.622745513916016,-8.726737022399902,46.604026794433594,-16.919769287109375,8.769789128564298E-4,-0.011802863329648972,-0.6499343514442444
-1.104325532913208,0.06150105595588684,9.622745513916016,-19.06301498413086,44.680118560791016,-13.846673011779785,8.769789128564298E-4,-0.011802863329648972,-0.6499343514442444
-1.104325532913208,0.06150105595588684,9.622745513916016,-19.06301498413086,44.680118560791016,-13.846673011779785,-0.01510198786854744,0.018024539574980736,-0.22169804573059082
-0.7499836683273315,-0.21383213996887207,9.863363265991211,-19.06301498413086,44.680118560791016,-13.846673011779785,-0.01510198786854744,0.018024539574980736,-0.22169804573059082
-0.7499836683273315,-0.21383213996887207,9.863363265991211,-19.06301498413086,44.680118560791016,-13.846673011779785,-0.01829778030514717,0.03400350734591484,-0.016102004796266556
-0.7128735780715942,-0.4209305942058563,9.89089584350586,-19.06301498413086,44.680118560791016,-13.846673011779785,-0.01829778030514717,0.03400350734591484,-0.016102004796266556
-0.7128735780715942,-0.4209305942058563,9.89089584350586,-27.523326873779297,42.03860855102539,-11.660998344421387,-0.01829778030514717,0.03400350734591484,-0.016102004796266556
-0.7128735780715942,-0.4209305942058563,9.89089584350586,-27.523326873779297,42.03860855102539,-11.660998344421387,0.005138036794960499,0.08300567418336868,0.015855928882956505
-0.922366201877594,-0.28805238008499146,9.785551071166992,-27.523326873779297,42.03860855102539,-11.660998344421387,0.005138036794960499,0.08300567418336868,0.015855928882956505
-0.922366201877594,-0.28805238008499146,9.785551071166992,-33.48712158203125,39.494815826416016,-10.348321914672852,0.005138036794960499,0.08300567418336868,0.015855928882956505
-0.922366201877594,-0.28805238008499146,9.785551071166992,-33.48712158203125,39.494815826416016,-10.348321914672852,0.005138036794960499,0.12028992921113968,0.04035700857639313
-1.081580638885498,-0.3024176061153412,9.590423583984375,-33.48712158203125,39.494815826416016,-10.348321914672852,0.005138036794960499,0.12028992921113968,0.04035700857639313
-1.081580638885498,-0.3024176061153412,9.590423583984375,-37.03677749633789,37.47652053833008,-9.761926651000977,0.005138036794960499,0.12028992921113968,0.04035700857639313
-1.081580638885498,-0.3024176061153412,9.590423583984375,-37.03677749633789,37.47652053833008,-9.761926651000977,0.022182267159223557,0.09791937470436096,0.06805388629436493
-2.095525026321411,0.07706336677074432,9.718513488769531,-37.03677749633789,37.47652053833008,-9.761926651000977,0.022182267159223557,0.09791937470436096,0.06805388629436493
-2.095525026321411,0.07706336677074432,9.718513488769531,-38.68952178955078,36.108734130859375,-9.696216583251953,0.022182267159223557,0.09791937470436096,0.06805388629436493
-2.095525026321411,0.07706336677074432,9.718513488769531,-38.68952178955078,36.108734130859375,-9.696216583251953,0.002945189829915762,-5.619269722956233E-5,0.6944442987442017
-2.871246337890625,0.24106618762016296,9.747243881225586,-38.68952178955078,36.108734130859375,-9.696216583251953,0.002945189829915762,-5.619269722956233E-5,0.6944442987442017
-2.871246337890625,0.24106618762016296,9.747243881225586,-38.98542404174805,35.38838195800781,-9.925178527832031,0.002945189829915762,-5.619269722956233E-5,0.6944442987442017
-2.871246337890625,0.24106618762016296,9.747243881225586,-38.98542404174805,35.38838195800781,-9.925178527832031,-0.041795916855335236,-0.08421207964420319,1.3815398216247559
-2.316988706588745,0.08903437852859497,9.700556755065918,-38.98542404174805,35.38838195800781,-9.925178527832031,-0.041795916855335236,-0.08421207964420319,1.3815398216247559
-2.316988706588745,0.08903437852859497,9.700556755065918,-38.203575134277344,35.383758544921875,-10.290788650512695,-0.041795916855335236,-0.08421207964420319,1.3815398216247559
-2.316988706588745,0.08903437852859497,9.700556755065918,-38.203575134277344,35.383758544921875,-10.290788650512695,-0.0023811322171241045,-0.004317250568419695,1.932281494140625
-2.033275842666626,-0.17911621928215027,9.735273361206055,-38.203575134277344,35.383758544921875,-10.290788650512695,-0.0023811322171241045,-0.004317250568419695,1.932281494140625
-2.033275842666626,-0.17911621928215027,9.735273361206055,-36.26999282836914,36.29098892211914,-10.80599308013916,-0.0023811322171241045,-0.004317250568419695,1.932281494140625
-2.033275842666626,-0.17911621928215027,9.735273361206055,-36.26999282836914,36.29098892211914,-10.80599308013916,-0.06629699468612671,-0.08634261041879654,2.7248382568359375
-1.5999252796173096,-0.3742436468601227,9.747243881225586,-36.26999282836914,36.29098892211914,-10.80599308013916,-0.06629699468612671,-0.08634261041879654,2.7248382568359375
-1.5999252796173096,-0.3742436468601227,9.747243881225586,-32.72574234008789,38.21290588378906,-11.554584503173828,-0.06629699468612671,-0.08634261041879654,2.7248382568359375
-1.5999252796173096,-0.3742436468601227,9.747243881225586,-32.72574234008789,38.21290588378906,-11.554584503173828,-0.07055805623531342,-0.13747529685497284,3.263862133026123
-1.5520412921905518,-0.7082347869873047,9.848998069763184,-32.72574234008789,38.21290588378906,-11.554584503173828,-0.07055805623531342,-0.13747529685497284,3.263862133026123
-1.5520412921905518,-0.7082347869873047,9.848998069763184,-32.72574234008789,38.21290588378906,-11.554584503173828,-0.03327380120754242,-0.1257573962211609,3.9616103172302246
-3.001730442047119,-0.9177274107933044,9.790339469909668,-32.72574234008789,38.21290588378906,-11.554584503173828,-0.03327380120754242,-0.1257573962211609,3.9616103172302246
-3.001730442047119,-0.9177274107933044,9.790339469909668,-27.21687889099121,40.98127746582031,-12.835546493530273,-0.03327380120754242,-0.1257573962211609,3.9616103172302246
-3.001730442047119,-0.9177274107933044,9.790339469909668,-27.21687889099121,40.98127746582031,-12.835546493530273,0.055143147706985474,0.04255438596010208,4.612486839294434
1.1210849285125732,-2.0202572345733643,9.602395057678223,-27.21687889099121,40.98127746582031,-12.835546493530273,0.055143147706985474,0.04255438596010208,4.612486839294434
1.1210849285125732,-2.0202572345733643,9.602395057678223,-19.07249641418457,43.399688720703125,-15.370857238769531,0.055143147706985474,0.04255438596010208,4.612486839294434
1.1210849285125732,-2.0202572345733643,9.602395057678223,-19.07249641418457,43.399688720703125,-15.370857238769531,0.00720624765381217,0.056402821093797684,3.4651970863342285
-0.4734533727169037,-0.25573065876960754,9.6849946975708,-19.07249641418457,43.399688720703125,-15.370857238769531,0.00720624765381217,0.056402821093797684,3.4651970863342285
-0.4734533727169037,-0.25573065876960754,9.6849946975708,-7.1907548904418945,43.242225646972656,-18.902353286743164,0.00720624765381217,0.056402821093797684,3.4651970863342285
-0.4734533727169037,-0.25573065876960754,9.6849946975708,-7.1907548904418945,43.242225646972656,-18.902353286743164,7.843009079806507E-4,-4.207794336252846E-5,3.393831491470337
0.9977835416793823,-1.090109944343567,10.066869735717773,-7.1907548904418945,43.242225646972656,-18.902353286743164,7.843009079806507E-4,-4.207794336252846E-5,3.393831491470337
0.9977835416793823,-1.090109944343567,10.066869735717773,7.703371047973633,39.23815155029297,-21.600194931030273,7.843009079806507E-4,-4.207794336252846E-5,3.393831491470337
0.9977835416793823,-1.090109944343567,10.066869735717773,7.703371047973633,39.23815155029297,-21.600194931030273,0.05511278659105301,0.028720062226057053,2.708866596221924
0.4423287510871887,-0.18629881739616394,9.874136924743652,7.703371047973633,39.23815155029297,-21.600194931030273,0.05511278659105301,0.028720062226057053,2.708866596221924
0.4423287510871887,-0.18629881739616394,9.874136924743652,22.745561599731445,31.715274810791016,-22.06266212463379,0.05511278659105301,0.028720062226057053,2.708866596221924
0.4423287510871887,-0.18629881739616394,9.874136924743652,22.745561599731445,31.715274810791016,-22.06266212463379,0.03913382068276405,0.045764293521642685,2.1730384826660156
1.8070237636566162,0.20515315234661102,9.623942375183105,22.745561599731445,31.715274810791016,-22.06266212463379,0.03913382068276405,0.045764293521642685,2.1730384826660156
1.8070237636566162,0.20515315234661102,9.623942375183105,35.119903564453125,21.95560646057129,-20.499963760375977,0.03913382068276405,0.045764293521642685,2.1730384826660156
1.8070237636566162,0.20515315234661102,9.623942375183105,35.119903564453125,21.95560646057129,-20.499963760375977,0.005045358557254076,-0.007498928811401129,0.8861990571022034
0.9139865040779114,0.8132804036140442,9.88850212097168,35.119903564453125,21.95560646057129,-20.499963760375977,0.005045358557254076,-0.007498928811401129,0.8861990571022034
0.9139865040779114,0.8132804036140442,9.88850212097168,43.5560417175293,11.764782905578613,-18.11445426940918,0.005045358557254076,-0.007498928811401129,0.8861990571022034
0.9139865040779114,0.8132804036140442,9.88850212097168,43.5560417175293,11.764782905578613,-18.11445426940918,0.023154854774475098,-0.12574328482151031,0.08725074678659439
0.5261258482933044,0.7522282600402832,9.489867210388184,43.5560417175293,11.764782905578613,-18.11445426940918,0.023154854774475098,-0.12574328482151031,0.08725074678659439
0.5261258482933044,0.7522282600402832,9.489867210388184,48.34232711791992,2.8328096866607666,-15.94842529296875,0.023154854774475098,-0.12574328482151031,0.08725074678659439
0.5261258482933044,0.7522282600402832,9.489867210388184,48.34232711791992,2.8328096866607666,-15.94842529296875,-0.02052098698914051,-0.04584844782948494,-0.06295153498649597
0.6709750294685364,0.6109703183174133,9.56289005279541,48.34232711791992,2.8328096866607666,-15.94842529296875,-0.02052098698914051,-0.04584844782948494,-0.06295153498649597
0.6709750294685364,0.6109703183174133,9.56289005279541,48.34232711791992,2.8328096866607666,-15.94842529296875,-0.07165367901325226,0.08837486803531647,-0.3250065743923187
1.6789339780807495,0.38711249828338623,10.020182609558105,48.34232711791992,2.8328096866607666,-15.94842529296875,-0.07165367901325226,0.08837486803531647,-0.3250065743923187
1.6789339780807495,0.38711249828338623,10.020182609558105,50.42148208618164,-3.7875077724456787,-14.398484230041504,-0.07165367901325226,0.08837486803531647,-0.3250065743923187
1.6789339780807495,0.38711249828338623,10.020182609558105,50.42148208618164,-3.7875077724456787,-14.398484230041504,-0.06100103631615639,0.08730960637331009,-1.2304813861846924
1.9937714338302612,-0.2808697819709778,9.906458854675293,50.42148208618164,-3.7875077724456787,-14.398484230041504,-0.06100103631615639,0.08730960637331009,-1.2304813861846924
1.9937714338302612,-0.2808697819709778,9.906458854675293,50.796146392822266,-7.811786651611328,-13.424863815307617,-0.06100103631615639,0.08730960637331009,-1.2304813861846924
1.9937714338302612,-0.2808697819709778,9.906458854675293,50.796146392822266,-7.811786651611328,-13.424863815307617,-0.002433063928037882,0.036186765879392624,-2.9135940074920654
-0.7308300733566284,0.0363619364798069,9.730484962463379,50.796146392822266,-7.811786651611328,-13.424863815307617,-0.002433063928037882,0.036186765879392624,-2.9135940074920654
-0.7308300733566284,0.0363619364798069,9.730484962463379,50.472293853759766,-9.246970176696777,-12.803759574890137,-0.002433063928037882,0.036186765879392624,-2.9135940074920654
-0.7308300733566284,0.0363619364798069,9.730484962463379,50.472293853759766,-9.246970176696777,-12.803759574890137,0.014611166901886463,-0.03838174417614937,-3.3546135425567627
-1.245583415031433,0.6385036706924438,9.49585247039795,50.472293853759766,-9.246970176696777,-12.803759574890137,0.014611166901886463,-0.03838174417614937,-3.3546135425567627
-1.245583415031433,0.6385036706924438,9.49585247039795,50.05214309692383,-7.643911838531494,-12.828621864318848,0.014611166901886463,-0.03838174417614937,-3.3546135425567627
-1.245583415031433,0.6385036706924438,9.49585247039795,50.05214309692383,-7.643911838531494,-12.828621864318848,-0.048239436000585556,-0.14171239733695984,-2.046468734741211
0.32860419154167175,-0.9955390095710754,9.61556339263916,50.05214309692383,-7.643911838531494,-12.828621864318848,-0.048239436000585556,-0.14171239733695984,-2.046468734741211
0.32860419154167175,-0.9955390095710754,9.61556339263916,49.19905471801758,-2.6637473106384277,-14.113821983337402,-0.048239436000585556,-0.14171239733695984,-2.046468734741211
0.32860419154167175,-0.9955390095710754,9.61556339263916,49.19905471801758,-2.6637473106384277,-14.113821983337402,-0.09937212616205215,-0.10336287319660187,-2.3607218265533447
-0.6817489266395569,0.482880562543869,10.216507911682129,49.19905471801758,-2.6637473106384277,-14.113821983337402,-0.09937212616205215,-0.10336287319660187,-2.3607218265533447
-0.6817489266395569,0.482880562543869,10.216507911682129,47.202857971191406,4.85692024230957,-16.620798110961914,-0.09937212616205215,-0.10336287319660187,-2.3607218265533447
-0.6817489266395569,0.482880562543869,10.216507911682129,47.202857971191406,4.85692024230957,-16.620798110961914,-0.031195202842354774,0.007424626965075731,-2.4012019634246826
-0.517746090888977,0.15726912021636963,10.099191665649414,47.202857971191406,4.85692024230957,-16.620798110961914,-0.031195202842354774,0.007424626965075731,-2.4012019634246826
-0.517746090888977,0.15726912021636963,10.099191665649414,43.42283248901367,13.594979286193848,-19.99030303955078,-0.031195202842354774,0.007424626965075731,-2.4012019634246826
-0.517746090888977,0.15726912021636963,10.099191665649414,43.42283248901367,13.594979286193848,-19.99030303955078,0.05296068638563156,0.002098304685205221,-2.5599262714385986
0.4734533727169037,-0.6507739424705505,9.568876266479492,43.42283248901367,13.594979286193848,-19.99030303955078,0.05296068638563156,0.002098304685205221,-2.5599262714385986
0.4734533727169037,-0.6507739424705505,9.568876266479492,37.1390266418457,22.603294372558594,-23.739797592163086,0.05296068638563156,0.002098304685205221,-2.5599262714385986
0.4734533727169037,-0.6507739424705505,9.568876266479492,37.1390266418457,22.603294372558594,-23.739797592163086,0.016741694882512093,0.005294098053127527,-2.876309871673584
0.23163901269435883,-1.0122984647750854,9.58324146270752,37.1390266418457,22.603294372558594,-23.739797592163086,0.016741694882512093,0.005294098053127527,-2.876309871673584
0.23163901269435883,-1.0122984647750854,9.58324146270752,37.1390266418457,22.603294372558594,-23.739797592163086,-0.009889914654195309,0.020207799971103668,-3.378049373626709
-1.7579425573349,-0.3299509286880493,9.718513488769531,37.1390266418457,22.603294372558594,-23.739797592163086,-0.009889914654195309,0.020207799971103668,-3.378049373626709
-1.7579425573349,-0.3299509286880493,9.718513488769531,27.74447250366211,31.301794052124023,-26.524381637573242,-0.009889914654195309,0.020207799971103668,-3.378049373626709
-1.7579425573349,-0.3299509286880493,9.718513488769531,27.74447250366211,31.301794052124023,-26.524381637573242,-0.05892004072666168,0.0021113541442900896,-2.7207744121551514
-1.8489222526550293,-0.24495676159858704,9.67302417755127,27.74447250366211,31.301794052124023,-26.524381637573242,-0.05892004072666168,0.0021113541442900896,-2.7207744121551514
-1.8489222526550293,-0.24495676159858704,9.67302417755127,15.688787460327148,38.80669403076172,-26.84528160095215,-0.05892004072666168,0.0021113541442900896,-2.7207744121551514
-1.8489222526550293,-0.24495676159858704,9.67302417755127,15.688787460327148,38.80669403076172,-26.84528160095215,-0.014178935438394547,0.054309312254190445,-2.101855754852295
-1.9470845460891724,-0.06060323119163513,9.714921951293945,15.688787460327148,38.80669403076172,-26.84528160095215,-0.014178935438394547,0.054309312254190445,-2.101855754852295
-1.9470845460891724,-0.06060323119163513,9.714921951293945,2.686753273010254,43.85172653198242,-24.754823684692383,-0.014178935438394547,0.054309312254190445,-2.101855754852295
-1.9470845460891724,-0.06060323119163513,9.714921951293945,2.686753273010254,43.85172653198242,-24.754823684692383,-0.02057052217423916,-0.04476027935743332,-1.3572357892990112
-0.7667431235313416,-0.5921159982681274,9.819069862365723,2.686753273010254,43.85172653198242,-24.754823684692383,-0.02057052217423916,-0.04476027935743332,-1.3572357892990112
-0.7667431235313416,-0.5921159982681274,9.819069862365723,-9.620241165161133,45.96443557739258,-21.456424713134766,-0.02057052217423916,-0.04476027935743332,-1.3572357892990112
-0.7667431235313416,-0.5921159982681274,9.819069862365723,-9.620241165161133,45.96443557739258,-21.456424713134766,-0.01630946435034275,0.05324404686689377,-1.3401916027069092
-2.410362482070923,0.6001964211463928,9.80111312866211,-9.620241165161133,45.96443557739258,-21.456424713134766,-0.01630946435034275,0.05324404686689377,-1.3401916027069092
-2.410362482070923,0.6001964211463928,9.80111312866211,-20.222970962524414,45.60688400268555,-17.986637115478516,-0.01630946435034275,0.05324404686689377,-1.3401916027069092
-2.410362482070923,0.6001964211463928,9.80111312866211,-20.222970962524414,45.60688400268555,-17.986637115478516,-0.04081054776906967,0.08839777112007141,-0.6008980870246887
-1.3593080043792725,-0.19467853009700775,10.002226829528809,-20.222970962524414,45.60688400268555,-17.986637115478516,-0.04081054776906967,0.08839777112007141,-0.6008980870246887
-1.3593080043792725,-0.19467853009700775,10.002226829528809,-28.622156143188477,43.61247634887695,-14.97341251373291,-0.04081054776906967,0.08839777112007141,-0.6008980870246887
-1.3593080043792725,-0.19467853009700775,10.002226829528809,-28.622156143188477,43.61247634887695,-14.97341251373291,-0.015244199894368649,-0.06500030308961868,-0.04589531943202019
-1.0324994325637817,-0.17672201991081238,9.625140190124512,-28.622156143188477,43.61247634887695,-14.97341251373291,-0.015244199894368649,-0.06500030308961868,-0.04589531943202019
-1.0324994325637817,-0.17672201991081238,9.625140190124512,-34.70214080810547,40.96719741821289,-12.692258834838867,-0.015244199894368649,-0.06500030308961868,-0.04589531943202019
-1.0324994325637817,-0.17672201991081238,9.625140190124512,-34.70214080810547,40.96719741821289,-12.692258834838867,0.011387410573661327,0.04685245826840401,0.15757018327713013
-0.9510966539382935,-0.08693944662809372,9.74125862121582,-34.70214080810547,40.96719741821289,-12.692258834838867,0.011387410573661327,0.04685245826840401,0.15757018327713013
-0.9510966539382935,-0.08693944662809372,9.74125862121582,-34.70214080810547,40.96719741821289,-12.692258834838867,0.002865294925868511,0.14592204988002777,0.832947850227356
-2.5264813899993896,0.6935703158378601,10.023774147033691,-34.70214080810547,40.96719741821289,-12.692258834838867,0.002865294925868511,0.14592204988002777,0.832947850227356
-2.5264813899993896,0.6935703158378601,10.023774147033691,-38.553375244140625,38.48523712158203,-11.204062461853027,0.002865294925868511,0.14592204988002777,0.832947850227356
-2.5264813899993896,0.6935703158378601,10.023774147033691,-38.553375244140625,38.48523712158203,-11.204062461853027,-0.018439993262290955,-0.04795607551932335,2.3157958984375
-2.1805191040039063,-0.30361470580101013,9.592818260192871,-38.553375244140625,38.48523712158203,-11.204062461853027,-0.018439993262290955,-0.04795607551932335,2.3157958984375
-2.1805191040039063,-0.30361470580101013,9.592818260192871,-40.24787521362305,36.77880096435547,-10.488157272338867,-0.018439993262290955,-0.04795607551932335,2.3157958984375
-2.1805191040039063,-0.30361470580101013,9.592818260192871,-40.24787521362305,36.77880096435547,-10.488157272338867,0.017778996378183365,0.019155584275722504,2.9986305236816406
-1.3748703002929688,-0.9285013675689697,9.719710350036621,-40.24787521362305,36.77880096435547,-10.488157272338867,0.017778996378183365,0.019155584275722504,2.9986305236816406
-1.3748703002929688,-0.9285013675689697,9.719710350036621,-39.51292419433594,36.47336959838867,-10.505500793457031,0.017778996378183365,0.019155584275722504,2.9986305236816406
-1.3748703002929688,-0.9285013675689697,9.719710350036621,-39.51292419433594,36.47336959838867,-10.505500793457031,-0.004591555800288916,-0.1246551126241684,3.105156898498535
-0.9080010056495667,-0.5657798051834106,9.645490646362305,-39.51292419433594,36.47336959838867,-10.505500793457031,-0.004591555800288916,-0.1246551126241684,3.105156898498535
-0.9080010056495667,-0.5657798051834106,9.645490646362305,-35.86617660522461,37.821266174316406,-11.125288963317871,-0.004591555800288916,-0.1246551126241684,3.105156898498535
-0.9080010056495667,-0.5657798051834106,9.645490646362305,-35.86617660522461,37.821266174316406,-11.125288963317871,-0.010983143001794815,-0.08204453438520432,3.0337841510772705
-0.6889315247535706,-0.49874213337898254,9.750835418701172,-35.86617660522461,37.821266174316406,-11.125288963317871,-0.010983143001794815,-0.08204453438520432,3.0337841510772705
-0.6889315247535706,-0.49874213337898254,9.750835418701172,-29.430997848510742,40.40951919555664,-12.363737106323242,-0.010983143001794815,-0.08204453438520432,3.0337841510772705
-0.6889315247535706,-0.49874213337898254,9.750835418701172,-29.430997848510742,40.40951919555664,-12.363737106323242,0.016713732853531837,-0.0032149681355804205,3.0774600505828857
-1.148618221282959,-0.32276833057403564,9.787945747375488,-29.430997848510742,40.40951919555664,-12.363737106323242,0.016713732853531837,-0.0032149681355804205,3.0774600505828857
-1.148618221282959,-0.32276833057403564,9.787945747375488,-20.801807403564453,43.16850662231445,-14.815433502197266,0.016713732853531837,-0.0032149681355804205,3.0774600505828857
-1.148618221282959,-0.32276833057403564,9.787945747375488,-20.801807403564453,43.16850662231445,-14.815433502197266,0.05186745896935463,0.06709248572587967,3.2276623249053955
-1.3724761009216309,-0.46642041206359863,9.734075546264648,-20.801807403564453,43.16850662231445,-14.815433502197266,0.05186745896935463,0.06709248572587967,3.2276623249053955
-1.3724761009216309,-0.46642041206359863,9.734075546264648,-9.863788604736328,44.21744155883789,-18.656137466430664,0.05186745896935463,0.06709248572587967,3.2276623249053955
-1.3724761009216309,-0.46642041206359863,9.734075546264648,-9.863788604736328,44.21744155883789,-18.656137466430664,0.001800030586309731,0.07774513214826584,3.320340156555176
-0.4507084786891937,-0.4843769371509552,9.781959533691406,-9.863788604736328,44.21744155883789,-18.656137466430664,0.001800030586309731,0.07774513214826584,3.320340156555176
-0.4507084786891937,-0.4843769371509552,9.781959533691406,3.39322829246521,42.0481071472168,-22.564870834350586,0.001800030586309731,0.07774513214826584,3.320340156555176
-0.4507084786891937,-0.4843769371509552,9.781959533691406,3.39322829246521,42.0481071472168,-22.564870834350586,0.009256881661713123,0.008502940647304058,3.2212705612182617
-0.005386953707784414,-0.25573065876960754,9.74006175994873,3.39322829246521,42.0481071472168,-22.564870834350586,0.009256881661713123,0.008502940647304058,3.2212705612182617
-0.005386953707784414,-0.25573065876960754,9.74006175994873,3.39322829246521,42.0481071472168,-22.564870834350586,0.034805916249752045,-0.002141714096069336,3.0732028484344482
1.2288240194320679,-0.5645827054977417,9.756820678710938,3.39322829246521,42.0481071472168,-22.564870834350586,0.034805916249752045,-0.002141714096069336,3.0732028484344482
1.2288240194320679,-0.5645827054977417,9.756820678710938,17.67375373840332,36.494789123535156,-24.693098068237305,0.034805916249752045,-0.002141714096069336,3.0732028484344482
1.2288240194320679,-0.5645827054977417,9.756820678710938,17.67375373840332,36.494789123535156,-24.693098068237305,0.02202274464070797,0.037273067981004715,2.2582757472991943
1.5759832859039307,0.3188777267932892,9.901670455932617,17.67375373840332,36.494789123535156,-24.693098068237305,0.02202274464070797,0.037273067981004715,2.2582757472991943
1.5759832859039307,0.3188777267932892,9.901670455932617,30.737829208374023,28.09050941467285,-24.27125358581543,0.02202274464070797,0.037273067981004715,2.2582757472991943
1.5759832859039307,0.3188777267932892,9.901670455932617,30.737829208374023,28.09050941467285,-24.27125358581543,0.024153273552656174,-0.017055416479706764,1.3229734897613525
1.4826093912124634,-0.021098902449011803,9.74006175994873,30.737829208374023,28.09050941467285,-24.27125358581543,0.024153273552656174,-0.017055416479706764,1.3229734897613525
1.4826093912124634,-0.021098902449011803,9.74006175994873,40.60179138183594,18.000619888305664,-22.030452728271484,0.024153273552656174,-0.017055416479706764,1.3229734897613525
1.4826093912124634,-0.021098902449011803,9.74006175994873,40.60179138183594,18.000619888305664,-22.030452728271484,0.03267538920044899,-0.049013350158929825,0.36743128299713135
0.71766197681427,0.6241384744644165,9.61795711517334,40.60179138183594,18.000619888305664,-22.030452728271484,0.03267538920044899,-0.049013350158929825,0.36743128299713135
0.71766197681427,0.6241384744644165,9.61795711517334,46.770286560058594,7.989628314971924,-19.20781135559082,0.03267538920044899,-0.049013350158929825,0.36743128299713135
0.71766197681427,0.6241384744644165,9.61795711517334,46.770286560058594,7.989628314971924,-19.20781135559082,-0.03124047815799713,-0.0362301766872406,0.0041761030443012714
0.4818331003189087,0.6720224618911743,9.626337051391602,46.770286560058594,7.989628314971924,-19.20781135559082,-0.03124047815799713,-0.0362301766872406,0.0041761030443012714
0.4818331003189087,0.6720224618911743,9.626337051391602,49.91975402832031,-0.4225449562072754,-16.63306999206543,-0.03124047815799713,-0.0362301766872406,0.0041761030443012714
0.4818331003189087,0.6720224618911743,9.626337051391602,49.91975402832031,-0.4225449562072754,-16.63306999206543,-0.06745946407318115,0.05751309543848038,-0.04908711835741997
1.4155718088150024,0.34521394968032837,9.914837837219238,49.91975402832031,-0.4225449562072754,-16.63306999206543,-0.06745946407318115,0.05751309543848038,-0.04908711835741997
1.4155718088150024,0.34521394968032837,9.914837837219238,51.020381927490234,-6.529581069946289,-14.678168296813965,-0.06745946407318115,0.05751309543848038,-0.04908711835741997
1.4155718088150024,0.34521394968032837,9.914837837219238,51.020381927490234,-6.529581069946289,-14.678168296813965,-0.03550153598189354,0.0425993911921978,-0.44430023431777954
0.6721721291542053,0.46013563871383667,9.813084602355957,51.020381927490234,-6.529581069946289,-14.678168296813965,-0.03550153598189354,0.0425993911921978,-0.44430023431777954
0.6721721291542053,0.46013563871383667,9.813084602355957,50.94936752319336,-10.260769844055176,-13.381546020507813,-0.03550153598189354,0.0425993911921978,-0.44430023431777954
0.6721721291542053,0.46013563871383667,9.813084602355957,50.94936752319336,-10.260769844055176,-13.381546020507813,-0.02484889142215252,0.058578357100486755,-0.9140818119049072
1.3988122940063477,-0.0677858367562294,9.572466850280762,50.94936752319336,-10.260769844055176,-13.381546020507813,-0.02484889142215252,0.058578357100486755,-0.9140818119049072
1.3988122940063477,-0.0677858367562294,9.572466850280762,50.29985046386719,-11.747495651245117,-12.581762313842773,-0.02484889142215252,0.058578357100486755,-0.9140818119049072
1.3988122940063477,-0.0677858367562294,9.572466850280762,50.29985046386719,-11.747495651245117,-12.581762313842773,-0.06320054084062576,0.10118973255157471,-1.9601709842681885
0.7882909178733826,-0.4017769694328308,9.856180191040039,50.29985046386719,-11.747495651245117,-12.581762313842773,-0.06320054084062576,0.10118973255157471,-1.9601709842681885
0.7882909178733826,-0.4017769694328308,9.856180191040039,50.29985046386719,-11.747495651245117,-12.581762313842773,-0.040829986333847046,0.005315935704857111,-2.802795171737671
-0.7463923692703247,0.12853869795799255,9.869348526000977,50.29985046386719,-11.747495651245117,-12.581762313842773,-0.040829986333847046,0.005315935704857111,-2.802795171737671
-0.7463923692703247,0.12853869795799255,9.869348526000977,49.692325592041016,-11.084426879882813,-12.185836791992188,-0.040829986333847046,0.005315935704857111,-2.802795171737671
-0.7463923692703247,0.12853869795799255,9.869348526000977,49.692325592041016,-11.084426879882813,-12.185836791992188,-0.020589962601661682,-0.08629680424928665,-2.4565842151641846
-0.4734533727169037,-0.04743511974811554,9.756820678710938,49.692325592041016,-11.084426879882813,-12.185836791992188,-0.020589962601661682,-0.08629680424928665,-2.4565842151641846
-0.4734533727169037,-0.04743511974811554,9.756820678710938,49.50554275512695,-8.057784080505371,-12.54779052734375,-0.020589962601661682,-0.08629680424928665,-2.4565842151641846
-0.4734533727169037,-0.04743511974811554,9.756820678710938,49.50554275512695,-8.057784080505371,-12.54779052734375,-0.05787421762943268,-0.08736206591129303,-2.226487159729004
-0.09157821536064148,-0.4819827377796173,9.852588653564453,49.50554275512695,-8.057784080505371,-12.54779052734375,-0.05787421762943268,-0.08736206591129303,-2.226487159729004
-0.09157821536064148,-0.4819827377796173,9.852588653564453,49.103050231933594,-2.530238628387451,-14.115556716918945,-0.05787421762943268,-0.08736206591129303,-2.226487159729004
-0.09157821536064148,-0.4819827377796173,9.852588653564453,49.103050231933594,-2.530238628387451,-14.115556716918945,-0.037634193897247314,-0.06925257295370102,-2.8443405628204346
1.787870168685913,-1.871816873550415,9.872940063476563,49.103050231933594,-2.530238628387451,-14.115556716918945,-0.037634193897247314,-0.06925257295370102,-2.8443405628204346
1.787870168685913,-1.871816873550415,9.872940063476563,47.398799896240234,4.953245639801025,-16.856117248535156,-0.037634193897247314,-0.06925257295370102,-2.8443405628204346
1.787870168685913,-1.871816873550415,9.872940063476563,47.398799896240234,4.953245639801025,-16.856117248535156,0.035869050770998,0.040469661355018616,-4.445432662963867
-0.38486793637275696,-1.14278244972229,9.67541790008545,47.398799896240234,4.953245639801025,-16.856117248535156,0.035869050770998,0.040469661355018616,-4.445432662963867
-0.38486793637275696,-1.14278244972229,9.67541790008545,42.894630432128906,13.951397895812988,-20.356576919555664,0.035869050770998,0.040469661355018616,-4.445432662963867
-0.38486793637275696,-1.14278244972229,9.67541790008545,42.894630432128906,13.951397895812988,-20.356576919555664,0.06037013232707977,0.11929923295974731,-4.77033805847168
-1.8740613460540771,-2.562544107437134,9.722105026245117,42.894630432128906,13.951397895812988,-20.356576919555664,0.06037013232707977,0.11929923295974731,-4.77033805847168
-1.8740613460540771,-2.562544107437134,9.722105026245117,33.952938079833984,23.970123291015625,-23.040386199951172,0.06037013232707977,0.11929923295974731,-4.77033805847168
-1.8740613460540771,-2.562544107437134,9.722105026245117,33.952938079833984,23.970123291015625,-23.040386199951172,-0.020589962601661682,0.029817016795277596,-4.445432662963867
-3.575141668319702,0.16924013197422028,9.354595184326172,33.952938079833984,23.970123291015625,-23.040386199951172,-0.020589962601661682,0.029817016795277596,-4.445432662963867
-3.575141668319702,0.16924013197422028,9.354595184326172,20.70305824279785,33.14453887939453,-23.153318405151367,-0.020589962601661682,0.029817016795277596,-4.445432662963867
-3.575141668319702,0.16924013197422028,9.354595184326172,20.70305824279785,33.14453887939453,-23.153318405151367,-0.028059598058462143,0.04047578573226929,-2.9327545166015625
-2.382829189300537,0.2662053108215332,9.791536331176758,20.70305824279785,33.14453887939453,-23.153318405151367,-0.028059598058462143,0.04047578573226929,-2.9327545166015625
-2.382829189300537,0.2662053108215332,9.791536331176758,5.10708475112915,39.373748779296875,-21.15004539489746,-0.028059598058462143,0.04047578573226929,-2.9327545166015625
-2.382829189300537,0.2662053108215332,9.791536331176758,5.10708475112915,39.373748779296875,-21.15004539489746,-0.05362594500184059,-0.10972649604082108,-1.3593589067459106
-1.8632874488830566,0.02678513154387474,9.77477741241455,5.10708475112915,39.373748779296875,-21.15004539489746,-0.05362594500184059,-0.10972649604082108,-1.3593589067459106
-1.8632874488830566,0.02678513154387474,9.77477741241455,5.10708475112915,39.373748779296875,-21.15004539489746,-0.0067543089389801025,-0.03302745893597603,-0.37185877561569214
-1.182137131690979,-0.08574234694242477,9.877728462219238,5.10708475112915,39.373748779296875,-21.15004539489746,-0.0067543089389801025,-0.03302745893597603,-0.37185877561569214
-1.182137131690979,-0.08574234694242477,9.877728462219238,-10.262280464172363,42.1219367980957,-18.392438888549805,-0.0067543089389801025,-0.03302745893597603,-0.37185877561569214
-1.182137131690979,-0.08574234694242477,9.877728462219238,-10.262280464172363,42.1219367980957,-18.392438888549805,-0.0056890444830060005,0.004256796557456255,-0.07997632771730423
-0.8445546627044678,-0.2832639813423157,9.88850212097168,-10.262280464172363,42.1219367980957,-18.392438888549805,-0.0056890444830060005,0.004256796557456255,-0.07997632771730423
-0.8445546627044678,-0.2832639813423157,9.88850212097168,-23.173717498779297,42.209957122802734,-15.655508995056152,-0.0056890444830060005,0.004256796557456255,-0.07997632771730423
-0.8445546627044678,-0.2832639813423157,9.88850212097168,-23.173717498779297,42.209957122802734,-15.655508995056152,0.0017678063595667481,0.026627348735928535,0.0393332913517952
-0.4183867573738098,-0.3323451280593872,9.819069862365723,-23.173717498779297,42.209957122802734,-15.655508995056152,0.0017678063595667481,0.026627348735928535,0.0393332913517952
-0.4183867573738098,-0.3323451280593872,9.819069862365723,-32.5037841796875,40.845115661621094,-13.420770645141602,0.0017678063595667481,0.026627348735928535,0.0393332913517952
-0.4183867573738098,-0.3323451280593872,9.819069862365723,-32.5037841796875,40.845115661621094,-13.420770645141602,0.02839941717684269,0.05006316676735878,0.06596489995718002
-1.425148606300354,-0.12165537476539612,9.644293785095215,-32.5037841796875,40.845115661621094,-13.420770645141602,0.02839941717684269,0.05006316676735878,0.06596489995718002
-1.425148606300354,-0.12165537476539612,9.644293785095215,-38.25994110107422,39.073081970214844,-11.86826229095459,0.02839941717684269,0.05006316676735878,0.06596489995718002
-1.425148606300354,-0.12165537476539612,9.644293785095215,-38.25994110107422,39.073081970214844,-11.86826229095459,-0.00355851580388844,0.09480427205562592,0.5250938534736633
-2.652176856994629,0.21113866567611694,9.813084602355957,-38.25994110107422,39.073081970214844,-11.86826229095459,-0.00355851580388844,0.09480427205562592,0.5250938534736633
-2.652176856994629,0.21113866567611694,9.813084602355957,-41.09551239013672,37.5645866394043,-10.990155220031738,-0.00355851580388844,0.09480427205562592,0.5250938534736633
-2.652176856994629,0.21113866567611694,9.813084602355957,-41.09551239013672,37.5645866394043,-10.990155220031738,-0.031255390495061874,0.05965054780244827,1.8662618398666382
-3.117849111557007,0.4026747941970825,9.758017539978027,-41.09551239013672,37.5645866394043,-10.990155220031738,-0.031255390495061874,0.05965054780244827,1.8662618398666382
-3.117849111557007,0.4026747941970825,9.758017539978027,-41.52951431274414,36.81049346923828,-10.723437309265137,-0.031255390495061874,0.05965054780244827,1.8662618398666382
-3.117849111557007,0.4026747941970825,9.758017539978027,-41.52951431274414,36.81049346923828,-10.723437309265137,-0.034455444663763046,-0.002132925670593977,2.994377851486206
-1.2348095178604126,-1.3977649211883545,9.704148292541504,-41.52951431274414,36.81049346923828,-10.723437309265137,-0.034455444663763046,-0.002132925670593977,2.994377851486206
-1.2348095178604126,-1.3977649211883545,9.704148292541504,-39.41923522949219,37.30827331542969,-11.024203300476074,-0.034455444663763046,-0.002132925670593977,2.994377851486206
-1.2348095178604126,-1.3977649211883545,9.704148292541504,-39.41923522949219,37.30827331542969,-11.024203300476074,-0.030194386839866638,-0.09587619453668594,3.234062433242798
-1.7196353673934937,-0.5478232502937317,9.712528228759766,-39.41923522949219,37.30827331542969,-11.024203300476074,-0.030194386839866638,-0.09587619453668594,3.234062433242798
-1.7196353673934937,-0.5478232502937317,9.712528228759766,-34.6228141784668,39.29514694213867,-12.047821998596191,-0.030194386839866638,-0.09587619453668594,3.234062433242798
-1.7196353673934937,-0.5478232502937317,9.712528228759766,-34.6228141784668,39.29514694213867,-12.047821998596191,-0.06960917264223099,-0.13209518790245056,3.7677597999572754
0.09636662155389786,-1.207425832748413,9.913640975952148,-34.6228141784668,39.29514694213867,-12.047821998596191,-0.06960917264223099,-0.13209518790245056,3.7677597999572754
0.09636662155389786,-1.207425832748413,9.913640975952148,-34.6228141784668,39.29514694213867,-12.047821998596191,-0.03232491761445999,-0.0330255925655365,3.387460470199585
-0.2819172441959381,-0.618452250957489,9.734075546264648,-34.6228141784668,39.29514694213867,-12.047821998596191,-0.03232491761445999,-0.0330255925655365,3.387460470199585
-0.2819172441959381,-0.618452250957489,9.734075546264648,-27.018680572509766,42.00401306152344,-14.385225296020508,-0.03232491761445999,-0.0330255925655365,3.387460470199585
-0.2819172441959381,-0.618452250957489,9.734075546264648,-27.018680572509766,42.00401306152344,-14.385225296020508,-0.004628041293472052,0.017041834071278572,3.1424496173858643
-1.2850877046585083,-0.44846391677856445,10.044124603271484,-27.018680572509766,42.00401306152344,-14.385225296020508,-0.004628041293472052,0.017041834071278572,3.1424496173858643
-1.2850877046585083,-0.44846391677856445,10.044124603271484,-16.02409553527832,43.47398376464844,-18.165781021118164,-0.004628041293472052,0.017041834071278572,3.1424496173858643
-1.2850877046585083,-0.44846391677856445,10.044124603271484,-16.02409553527832,43.47398376464844,-18.165781021118164,0.04970044270157814,-0.024503478780388832,3.2468454837799072
0.12749123573303223,-0.47480010986328125,9.645490646362305,-16.02409553527832,43.47398376464844,-18.165781021118164,0.04970044270157814,-0.024503478780388832,3.2468454837799072
0.12749123573303223,-0.47480010986328125,9.645490646362305,-2.007192373275757,42.12303161621094,-21.9779052734375,0.04970044270157814,-0.024503478780388832,3.2468454837799072
0.12749123573303223,-0.47480010986328125,9.645490646362305,-2.007192373275757,42.12303161621094,-21.9779052734375,0.04543938860297203,-0.001067661214619875,2.969876766204834
0.761954665184021,-0.40536826848983765,9.852588653564453,-2.007192373275757,42.12303161621094,-21.9779052734375,0.04543938860297203,-0.001067661214619875,2.969876766204834
0.761954665184021,-0.40536826848983765,9.852588653564453,13.226943016052246,37.61380386352539,-24.10195541381836,0.04543938860297203,-0.001067661214619875,2.969876766204834
0.761954665184021,-0.40536826848983765,9.852588653564453,13.226943016052246,37.61380386352539,-24.10195541381836,0.036917272955179214,-0.011720305308699608,2.3562843799591064
0.011372458189725876,0.1836053431034088,9.536554336547852,13.226943016052246,37.61380386352539,-24.10195541381836,0.036917272955179214,-0.011720305308699608,2.3562843799591064
0.011372458189725876,0.1836053431034088,9.536554336547852,27.45354461669922,30.34442901611328,-23.77039909362793,0.036917272955179214,-0.011720305308699608,2.3562843799591064
0.011372458189725876,0.1836053431034088,9.536554336547852,27.45354461669922,30.34442901611328,-23.77039909362793,-0.04086008295416832,0.037287984043359756,1.806611180305481
0.9115923047065735,0.1620575338602066,10.121936798095703,27.45354461669922,30.34442901611328,-23.77039909362793,-0.04086008295416832,0.037287984043359756,1.806611180305481
0.9115923047065735,0.1620575338602066,10.121936798095703,38.64659118652344,21.439085006713867,-21.33370590209961,-0.04086008295416832,0.037287984043359756,1.806611180305481
0.9115923047065735,0.1620575338602066,10.121936798095703,38.64659118652344,21.439085006713867,-21.33370590209961,0.032643165439367294,-0.10119639337062836,1.2856969833374023
1.3605051040649414,-0.22580315172672272,9.892093658447266,38.64659118652344,21.439085006713867,-21.33370590209961,0.032643165439367294,-0.10119639337062836,1.2856969833374023
1.3605051040649414,-0.22580315172672272,9.892093658447266,45.86164093017578,12.410107612609863,-18.126550674438477,0.032643165439367294,-0.10119639337062836,1.2856969833374023
1.3605051040649414,-0.22580315172672272,9.892093658447266,45.86164093017578,12.410107612609863,-18.126550674438477,0.06779689341783524,-0.10226165503263474,0.46544331312179565
0.7511807680130005,0.270993709564209,9.653870582580566,45.86164093017578,12.410107612609863,-18.126550674438477,0.06779689341783524,-0.10226165503263474,0.46544331312179565
0.7511807680130005,0.270993709564209,9.653870582580566,45.86164093017578,12.410107612609863,-18.126550674438477,0.03477369248867035,-0.03621526062488556,0.12349344044923782
0.5045779943466187,0.6408978700637817,9.398887634277344,45.86164093017578,12.410107612609863,-18.126550674438477,0.03477369248867035,-0.03621526062488556,0.12349344044923782
0.5045779943466187,0.6408978700637817,9.398887634277344,49.58359146118164,4.449632167816162,-15.343027114868164,0.03477369248867035,-0.03621526062488556,0.12349344044923782
0.5045779943466187,0.6408978700637817,9.398887634277344,49.58359146118164,4.449632167816162,-15.343027114868164,-0.038729552179574966,-0.004257329273968935,-0.023513048887252808
0.40282443165779114,0.4792892634868622,9.79752254486084,49.58359146118164,4.449632167816162,-15.343027114868164,-0.038729552179574966,-0.004257329273968935,-0.023513048887252808
0.40282443165779114,0.4792892634868622,9.79752254486084,50.925201416015625,-1.7051061391830444,-13.403573989868164,-0.038729552179574966,-0.004257329273968935,-0.023513048887252808
0.40282443165779114,0.4792892634868622,9.79752254486084,50.925201416015625,-1.7051061391830444,-13.403573989868164,-0.04405587539076805,0.015982694923877716,-0.12684370577335358
2.6198551654815674,-0.2521393597126007,9.926809310913086,50.925201416015625,-1.7051061391830444,-13.403573989868164,-0.04405587539076805,0.015982694923877716,-0.12684370577335358
2.6198551654815674,-0.2521393597126007,9.926809310913086,50.88089370727539,-5.812039375305176,-12.300666809082031,-0.04405587539076805,0.015982694923877716,-0.12684370577335358
2.6198551654815674,-0.2521393597126007,9.926809310913086,50.88089370727539,-5.812039375305176,-12.300666809082031,-0.057904310524463654,0.07670276612043381,-1.432857871055603
1.4095861911773682,-0.12045827507972717,9.822661399841309,50.88089370727539,-5.812039375305176,-12.300666809082031,-0.057904310524463654,0.07670276612043381,-1.432857871055603
1.4095861911773682,-0.12045827507972717,9.822661399841309,50.14221954345703,-7.946496963500977,-11.840361595153809,-0.057904310524463654,0.07670276612043381,-1.432857871055603
1.4095861911773682,-0.12045827507972717,9.822661399841309,50.14221954345703,-7.946496963500977,-11.840361595153809,-0.01209794171154499,0.1608586609363556,-2.492795944213867
0.71766197681427,-0.23657704889774323,9.821464538574219,50.14221954345703,-7.946496963500977,-11.840361595153809,-0.01209794171154499,0.1608586609363556,-2.492795944213867
0.71766197681427,-0.23657704889774323,9.821464538574219,49.33361053466797,-7.9493303298950195,-11.580132484436035,-0.01209794171154499,0.1608586609363556,-2.492795944213867
0.71766197681427,-0.23657704889774323,9.821464538574219,49.33361053466797,-7.9493303298950195,-11.580132484436035,0.03903475031256676,-0.09054374694824219,-2.50451397895813
0.6111199855804443,-0.7357681393623352,9.506627082824707,49.33361053466797,-7.9493303298950195,-11.580132484436035,0.03903475031256676,-0.09054374694824219,-2.50451397895813
0.6111199855804443,-0.7357681393623352,9.506627082824707,48.87437057495117,-5.498435020446777,-11.508210182189941,0.03903475031256676,-0.09054374694824219,-2.50451397895813
0.6111199855804443,-0.7357681393623352,9.506627082824707,48.87437057495117,-5.498435020446777,-11.508210182189941,-0.11542858928442001,-0.09160901606082916,-2.8890743255615234
-0.42197805643081665,-0.7046434879302979,9.843011856079102,48.87437057495117,-5.498435020446777,-11.508210182189941,-0.11542858928442001,-0.09160901606082916,-2.8890743255615234
-0.42197805643081665,-0.7046434879302979,9.843011856079102,48.252262115478516,-0.595802366733551,-12.497210502624512,-0.11542858928442001,-0.09160901606082916,-2.8890743255615234
-0.42197805643081665,-0.7046434879302979,9.843011856079102,48.252262115478516,-0.595802366733551,-12.497210502624512,-0.13247282803058624,0.004264785908162594,-3.199066400527954
1.2611457109451294,-1.8694226741790771,10.01539421081543,48.252262115478516,-0.595802366733551,-12.497210502624512,-0.13247282803058624,0.004264785908162594,-3.199066400527954
1.2611457109451294,-1.8694226741790771,10.01539421081543,46.149662017822266,6.478466033935547,-15.059030532836914,-0.13247282803058624,0.004264785908162594,-3.199066400527954
1.2611457109451294,-1.8694226741790771,10.01539421081543,46.149662017822266,6.478466033935547,-15.059030532836914,-0.024881115183234215,-0.004257329273968935,-4.412402629852295
0.03531447425484657,-3.219752311706543,9.89089584350586,46.149662017822266,6.478466033935547,-15.059030532836914,-0.024881115183234215,-0.004257329273968935,-4.412402629852295
0.03531447425484657,-3.219752311706543,9.89089584350586,46.149662017822266,6.478466033935547,-15.059030532836914,0.0603400394320488,0.14061863720417023,-5.583127975463867
-4.194042682647705,-0.9177274107933044,9.520992279052734,46.149662017822266,6.478466033935547,-15.059030532836914,0.0603400394320488,0.14061863720417023,-5.583127975463867
-4.194042682647705,-0.9177274107933044,9.520992279052734,40.6220588684082,15.465869903564453,-18.590688705444336,0.0603400394320488,0.14061863720417023,-5.583127975463867
-4.194042682647705,-0.9177274107933044,9.520992279052734,40.6220588684082,15.465869903564453,-18.590688705444336,-0.0696222186088562,-0.080956369638443,-3.901075601577759
-1.9626468420028687,-0.9548375606536865,9.823858261108398,40.6220588684082,15.465869903564453,-18.590688705444336,-0.0696222186088562,-0.080956369638443,-3.901075601577759
-1.9626468420028687,-0.9548375606536865,9.823858261108398,30.016639709472656,25.41059684753418,-21.358549118041992,-0.0696222186088562,-0.080956369638443,-3.901075601577759
-1.9626468420028687,-0.9548375606536865,9.823858261108398,30.016639709472656,25.41059684753418,-21.358549118041992,-0.03979481756687164,-0.055390022695064545,-2.731415271759033
-2.5743653774261475,0.3440168499946594,9.640702247619629,30.016639709472656,25.41059684753418,-21.358549118041992,-0.03979481756687164,-0.055390022695064545,-2.731415271759033
-2.5743653774261475,0.3440168499946594,9.640702247619629,15.12658405303955,34.050071716308594,-21.79507064819336,-0.03979481756687164,-0.055390022695064545,-2.731415271759033
-2.5743653774261475,0.3440168499946594,9.640702247619629,15.12658405303955,34.050071716308594,-21.79507064819336,-0.03127270191907883,-0.03621526062488556,-1.8078309297561646
-0.7308300733566284,-0.4628291130065918,9.989058494567871,15.12658405303955,34.050071716308594,-21.79507064819336,-0.03127270191907883,-0.03621526062488556,-1.8078309297561646
-0.7308300733566284,-0.4628291130065918,9.989058494567871,-1.2540160417556763,39.44039535522461,-20.165733337402344,-0.03127270191907883,-0.03621526062488556,-1.8078309297561646
-0.7308300733566284,-0.4628291130065918,9.989058494567871,-1.2540160417556763,39.44039535522461,-20.165733337402344,0.0028157602064311504,0.03941851109266281,-1.5425801277160645
-1.1234791278839111,0.013617021963000298,9.747243881225586,-1.2540160417556763,39.44039535522461,-20.165733337402344,0.0028157602064311504,0.03941851109266281,-1.5425801277160645
-1.1234791278839111,0.013617021963000298,9.747243881225586,-16.45642852783203,41.255126953125,-17.591869354248047,0.0028157602064311504,0.03941851109266281,-1.5425801277160645
-1.1234791278839111,0.013617021963000298,9.747243881225586,-16.45642852783203,41.255126953125,-17.591869354248047,-0.02275058627128601,0.10226911306381226,-0.9950342178344727
-1.7256208658218384,-0.19108721613883972,9.7652006149292,-16.45642852783203,41.255126953125,-17.591869354248047,-0.02275058627128601,0.10226911306381226,-0.9950342178344727
-1.7256208658218384,-0.19108721613883972,9.7652006149292,-28.870227813720703,40.23590087890625,-14.878482818603516,-0.02275058627128601,0.10226911306381226,-0.9950342178344727
-1.7256208658218384,-0.19108721613883972,9.7652006149292,-28.870227813720703,40.23590087890625,-14.878482818603516,0.0038810246624052525,0.09268173575401306,-0.27171966433525085
-1.0468647480010986,-0.27967268228530884,9.787945747375488,-28.870227813720703,40.23590087890625,-14.878482818603516,0.0038810246624052525,0.09268173575401306,-0.27171966433525085
-1.0468647480010986,-0.27967268228530884,9.787945747375488,-37.91541290283203,37.53709411621094,-12.536629676818848,0.0038810246624052525,0.09268173575401306,-0.27171966433525085
-1.0468647480010986,-0.27967268228530884,9.787945747375488,-37.91541290283203,37.53709411621094,-12.536629676818848,0.040100015699863434,0.11824808269739151,0.040402814745903015
-0.7320271730422974,-0.3155857026576996,9.74125862121582,-37.91541290283203,37.53709411621094,-12.536629676818848,0.040100015699863434,0.11824808269739151,0.040402814745903015
-0.7320271730422974,-0.3155857026576996,9.74125862121582,-43.68490219116211,34.37244415283203,-10.860554695129395,0.040100015699863434,0.11824808269739151,0.040402814745903015
-0.7320271730422974,-0.3155857026576996,9.74125862121582,-43.68490219116211,34.37244415283203,-10.860554695129395,0.03796948492527008,0.12250913679599762,0.09260077029466629
-1.3952209949493408,-0.2605190873146057,9.917232513427734,-43.68490219116211,34.37244415283203,-10.860554695129395,0.03796948492527008,0.12250913679599762,0.09260077029466629
-1.3952209949493408,-0.2605190873146057,9.917232513427734,-43.68490219116211,34.37244415283203,-10.860554695129395,0.06247056648135185,0.17577235400676727,0.47929176688194275
-1.5041571855545044,-0.08813655376434326,9.767594337463379,-43.68490219116211,34.37244415283203,-10.860554695129395,0.06247056648135185,0.17577235400676727,0.47929176688194275
-1.5041571855545044,-0.08813655376434326,9.767594337463379,-46.69009017944336,31.628284454345703,-9.933218955993652,0.06247056648135185,0.17577235400676727,0.47929176688194275
-1.5041571855545044,-0.08813655376434326,9.767594337463379,-46.69009017944336,31.628284454345703,-9.933218955993652,0.014533668756484985,0.20986081659793854,1.4497476816177368
-2.139817714691162,0.1644517332315445,9.431209564208984,-46.69009017944336,31.628284454345703,-9.933218955993652,0.014533668756484985,0.20986081659793854,1.4497476816177368
-2.139817714691162,0.1644517332315445,9.431209564208984,-47.582210540771484,29.784883499145508,-9.687263488769531,0.014533668756484985,0.20986081659793854,1.4497476816177368
-2.139817714691162,0.1644517332315445,9.431209564208984,-47.582210540771484,29.784883499145508,-9.687263488769531,-0.1303422898054123,-0.023432089015841484,2.305155038833618
-3.1489737033843994,-0.13602058589458466,10.01180362701416,-47.582210540771484,29.784883499145508,-9.687263488769531,-0.1303422898054123,-0.023432089015841484,2.305155038833618
-3.1489737033843994,-0.13602058589458466,10.01180362701416,-46.74418258666992,29.272708892822266,-10.038110733032227,-0.1303422898054123,-0.023432089015841484,2.305155038833618
-3.1489737033843994,-0.13602058589458466,10.01180362701416,-46.74418258666992,29.272708892822266,-10.038110733032227,-0.04193173721432686,-0.1832188218832016,3.2404587268829346
-3.243544816970825,0.0950198769569397,9.637110710144043,-46.74418258666992,29.272708892822266,-10.038110733032227,-0.04193173721432686,-0.1832188218832016,3.2404587268829346
-3.243544816970825,0.0950198769569397,9.637110710144043,-44.04981994628906,30.512189865112305,-10.860215187072754,-0.04193173721432686,-0.1832188218832016,3.2404587268829346
-3.243544816970825,0.0950198769569397,9.637110710144043,-44.04981994628906,30.512189865112305,-10.860215187072754,-0.09945601969957352,-0.2982673943042755,4.387748718261719
-2.8137855529785156,-0.6579565405845642,9.287557601928711,-44.04981994628906,30.512189865112305,-10.860215187072754,-0.09945601969957352,-0.2982673943042755,4.387748718261719
-2.8137855529785156,-0.6579565405845642,9.287557601928711,-39.02277755737305,33.662532806396484,-12.049813270568848,-0.09945601969957352,-0.2982673943042755,4.387748718261719
-2.8137855529785156,-0.6579565405845642,9.287557601928711,-39.02277755737305,33.662532806396484,-12.049813270568848,-0.11969604343175888,-0.08947555720806122,5.101475715637207
0.4076128304004669,-4.281580924987793,9.681403160095215,-39.02277755737305,33.662532806396484,-12.049813270568848,-0.11969604343175888,-0.08947555720806122,5.101475715637207
0.4076128304004669,-4.281580924987793,9.681403160095215,-30.693161010742188,37.629703521728516,-14.070196151733398,-0.11969604343175888,-0.08947555720806122,5.101475715637207
0.4076128304004669,-4.281580924987793,9.681403160095215,-30.693161010742188,37.629703521728516,-14.070196151733398,-0.03447488695383072,0.03516038507223129,3.640998125076294
-0.17537526786327362,-1.3714286088943481,9.919626235961914,-30.693161010742188,37.629703521728516,-14.070196151733398,-0.03447488695383072,0.03516038507223129,3.640998125076294
-0.17537526786327362,-1.3714286088943481,9.919626235961914,-18.24529457092285,39.931488037109375,-17.258594512939453,-0.03447488695383072,0.03516038507223129,3.640998125076294
-0.17537526786327362,-1.3714286088943481,9.919626235961914,-18.24529457092285,39.931488037109375,-17.258594512939453,0.0070704263634979725,0.027703532949090004,2.8388540744781494
-0.19692309200763702,-0.6555623412132263,9.793931007385254,-18.24529457092285,39.931488037109375,-17.258594512939453,0.0070704263634979725,0.027703532949090004,2.8388540744781494
-0.19692309200763702,-0.6555623412132263,9.793931007385254,-2.698712110519409,38.94501876831055,-20.472623825073242,0.0070704263634979725,0.027703532949090004,2.8388540744781494
-0.19692309200763702,-0.6555623412132263,9.793931007385254,-2.698712110519409,38.94501876831055,-20.472623825073242,-0.003582217963412404,0.03516038507223129,2.7088918685913086
0.24121582508087158,-0.9811738133430481,9.901670455932617,-2.698712110519409,38.94501876831055,-20.472623825073242,-0.003582217963412404,0.03516038507223129,2.7088918685913086
0.24121582508087158,-0.9811738133430481,9.901670455932617,-2.698712110519409,38.94501876831055,-20.472623825073242,0.043289415538311005,0.05859620124101639,2.10062575340271
1.6214730739593506,-0.34192192554473877,9.859771728515625,-2.698712110519409,38.94501876831055,-20.472623825073242,0.043289415538311005,0.05859620124101639,2.10062575340271
1.6214730739593506,-0.34192192554473877,9.859771728515625,13.534843444824219,34.793609619140625,-22.196626663208008,0.043289415538311005,0.05859620124101639,2.10062575340271
1.6214730739593506,-0.34192192554473877,9.859771728515625,13.534843444824219,34.793609619140625,-22.196626663208008,0.061398912221193314,-0.011711250990629196,1.0928856134414673
1.5436615943908691,0.41464582085609436,9.859771728515625,13.534843444824219,34.793609619140625,-22.196626663208008,0.061398912221193314,-0.011711250990629196,1.0928856134414673
1.5436615943908691,0.41464582085609436,9.859771728515625,28.14481544494629,28.42661476135254,-21.737768173217773,0.061398912221193314,-0.011711250990629196,1.0928856134414673
1.5436615943908691,0.41464582085609436,9.859771728515625,28.14481544494629,28.42661476135254,-21.737768173217773,0.05606620013713837,-0.058579955250024796,0.32163581252098083
0.7332242727279663,0.6911761164665222,9.580846786499023,28.14481544494629,28.42661476135254,-21.737768173217773,0.05606620013713837,-0.058579955250024796,0.32163581252098083
0.7332242727279663,0.6911761164665222,9.580846786499023,39.40885925292969,21.255651473999023,-19.345735549926758,0.05606620013713837,-0.058579955250024796,0.32163581252098083
0.7332242727279663,0.6911761164665222,9.580846786499023,39.40885925292969,21.255651473999023,-19.345735549926758,-0.06324341893196106,0.06499071419239044,0.026557574048638344
0.05446808785200119,0.5259761810302734,9.753229141235352,39.40885925292969,21.255651473999023,-19.345735549926758,-0.06324341893196106,0.06499071419239044,0.026557574048638344
0.05446808785200119,0.5259761810302734,9.753229141235352,46.70486068725586,14.732627868652344,-16.14930534362793,-0.06324341893196106,0.06499071419239044,0.026557574048638344
0.05446808785200119,0.5259761810302734,9.753229141235352,46.70486068725586,14.732627868652344,-16.14930534362793,-0.047264449298381805,0.0852307379245758,-0.01924879476428032
-0.1430535465478897,0.3966892957687378,9.837026596069336,46.70486068725586,14.732627868652344,-16.14930534362793,-0.047264449298381805,0.0852307379245758,-0.01924879476428032
-0.1430535465478897,0.3966892957687378,9.837026596069336,50.59547424316406,9.727876663208008,-13.176721572875977,-0.047264449298381805,0.0852307379245758,-0.01924879476428032
-0.1430535465478897,0.3966892957687378,9.837026596069336,50.59547424316406,9.727876663208008,-13.176721572875977,0.004933505784720182,0.010662231594324112,-7.403588097076863E-5
-0.020949264988303185,0.43260231614112854,9.713725090026855,50.59547424316406,9.727876663208008,-13.176721572875977,0.004933505784720182,0.010662231594324112,-7.403588097076863E-5
-0.020949264988303185,0.43260231614112854,9.713725090026855,52.147239685058594,6.438979148864746,-10.84176254272461,0.004933505784720182,0.010662231594324112,-7.403588097076863E-5
-0.020949264988303185,0.43260231614112854,9.713725090026855,52.147239685058594,6.438979148864746,-10.84176254272461,-0.009980196133255959,0.005335909314453602,0.0031217574141919613
0.06643909960985184,0.535552978515625,9.856180191040039,52.147239685058594,6.438979148864746,-10.84176254272461,-0.009980196133255959,0.005335909314453602,0.0031217574141919613
0.06643909960985184,0.535552978515625,9.856180191040039,52.32429122924805,4.661867618560791,-9.240564346313477,-0.009980196133255959,0.005335909314453602,0.0031217574141919613
0.06643909960985184,0.535552978515625,9.856180191040039,52.32429122924805,4.661867618560791,-9.240564346313477,-0.0046538738533854485,-0.002120941411703825,-0.002204564632847905
0.0017956512747332454,0.5223848819732666,9.813084602355957,52.32429122924805,4.661867618560791,-9.240564346313477,-0.0046538738533854485,-0.002120941411703825,-0.002204564632847905
0.0017956512747332454,0.5223848819732666,9.813084602355957,51.7767448425293,3.9833147525787354,-8.290282249450684,-0.0046538738533854485,-0.002120941411703825,-0.002204564632847905
0.0017956512747332454,0.5223848819732666,9.813084602355957,51.7767448425293,3.9833147525787354,-8.290282249450684,-0.007849667221307755,0.008531702682375908,-0.001139300293289125
-0.09038111567497253,0.45415014028549194,9.840618133544922,51.7767448425293,3.9833147525787354,-8.290282249450684,-0.007849667221307755,0.008531702682375908,-0.001139300293289125
-0.09038111567497253,0.45415014028549194,9.840618133544922,51.7767448425293,3.9833147525787354,-8.290282249450684,0.017716679722070694,-0.002120941411703825,0.005252286326140165
-0.01496376097202301,0.5175964832305908,9.701754570007324,51.7767448425293,3.9833147525787354,-8.290282249450684,0.017716679722070694,-0.002120941411703825,0.005252286326140165
-0.01496376097202301,0.5175964832305908,9.701754570007324,50.96678924560547,3.955502986907959,-7.830741882324219,0.017716679722070694,-0.002120941411703825,0.005252286326140165
-0.01496376097202301,0.5175964832305908,9.701754570007324,50.96678924560547,3.955502986907959,-7.830741882324219,-3.9281626231968403E-4,0.011727496050298214,0.006317550782114267
0.01496376097202301,0.5092167854309082,9.780762672424316,50.96678924560547,3.955502986907959,-7.830741882324219,-3.9281626231968403E-4,0.011727496050298214,0.006317550782114267
0.01496376097202301,0.5092167854309082,9.780762672424316,50.21659851074219,4.227489948272705,-7.729538917541504,-3.9281626231968403E-4,0.011727496050298214,0.006317550782114267
0.01496376097202301,0.5092167854309082,9.780762672424316,50.21659851074219,4.227489948272705,-7.729538917541504,-0.007849667221307755,0.030902255326509476,0.01164387259632349
-0.05925649031996727,0.49963995814323425,9.841814994812012,50.21659851074219,4.227489948272705,-7.729538917541504,-0.007849667221307755,0.030902255326509476,0.01164387259632349
-0.05925649031996727,0.49963995814323425,9.841814994812012,49.64345169067383,4.580568790435791,-7.827757358551025,-0.007849667221307755,0.030902255326509476,0.01164387259632349
-0.05925649031996727,0.49963995814323425,9.841814994812012,49.64345169067383,4.580568790435791,-7.827757358551025,0.011325092054903507,-0.010643056593835354,0.01164387259632349
-0.02454056777060032,0.5175964832305908,9.734075546264648,49.64345169067383,4.580568790435791,-7.827757358551025,0.011325092054903507,-0.010643056593835354,0.01164387259632349
-0.02454056777060032,0.5175964832305908,9.734075546264648,49.260074615478516,4.91072940826416,-7.935791015625,0.011325092054903507,-0.010643056593835354,0.01164387259632349
-0.02454056777060032,0.5175964832305908,9.734075546264648,49.260074615478516,4.91072940826416,-7.935791015625,-0.04193812981247902,9.58738019107841E-6,-0.010726680047810078
-0.10235211998224258,0.4182371199131012,10.008212089538574,49.260074615478516,4.91072940826416,-7.935791015625,-0.04193812981247902,9.58738019107841E-6,-0.010726680047810078
-0.10235211998224258,0.4182371199131012,10.008212089538574,49.0432243347168,5.22231912612915,-7.952897071838379,-0.04193812981247902,9.58738019107841E-6,-0.010726680047810078
-0.10235211998224258,0.4182371199131012,10.008212089538574,49.0432243347168,5.22231912612915,-7.952897071838379,-0.008914931677281857,-0.010643056593835354,-0.002204564632847905
-0.018555063754320145,0.45175594091415405,9.803507804870605,49.0432243347168,5.22231912612915,-7.952897071838379,-0.008914931677281857,-0.010643056593835354,-0.002204564632847905
-0.018555063754320145,0.45175594091415405,9.803507804870605,48.973575592041016,5.479854106903076,-7.914941787719727,-0.008914931677281857,-0.010643056593835354,-0.002204564632847905
-0.018555063754320145,0.45175594091415405,9.803507804870605,48.973575592041016,5.479854106903076,-7.914941787719727,0.02304300107061863,-0.023426229134202003,0.008448079228401184
0.025737667456269264,0.575057327747345,9.64908218383789,48.973575592041016,5.479854106903076,-7.914941787719727,0.02304300107061863,-0.023426229134202003,0.008448079228401184
0.025737667456269264,0.575057327747345,9.64908218383789,48.988014221191406,5.578113079071045,-7.891193866729736,0.02304300107061863,-0.023426229134202003,0.008448079228401184
0.025737667456269264,0.575057327747345,9.64908218383789,48.988014221191406,5.578113079071045,-7.891193866729736,-0.012110725045204163,-0.004251470323652029,0.007382815238088369
-0.01735796220600605,0.4816834628582001,9.809493064880371,48.988014221191406,5.578113079071045,-7.891193866729736,-0.012110725045204163,-0.004251470323652029,0.007382815238088369
-0.01735796220600605,0.4816834628582001,9.809493064880371,48.988014221191406,5.578113079071045,-7.891193866729736,-0.002523345174267888,-0.009577792137861252,0.009513343684375286
-0.02214636653661728,0.4577414393424988,9.817873001098633,48.988014221191406,5.578113079071045,-7.891193866729736,-0.002523345174267888,-0.009577792137861252,0.009513343684375286
-0.02214636653661728,0.4577414393424988,9.817873001098633,48.973777770996094,5.5478596687316895,-7.911925315856934,-0.002523345174267888,-0.009577792137861252,0.009513343684375286
-0.02214636653661728,0.4577414393424988,9.817873001098633,48.973777770996094,5.5478596687316895,-7.911925315856934,-0.008917328901588917,-0.010641992092132568,0.0031220237724483013
0.010175357572734356,0.4373907148838043,9.872940063476563,48.973777770996094,5.5478596687316895,-7.911925315856934,-0.008917328901588917,-0.010641992092132568,0.0031220237724483013
0.010175357572734356,0.4373907148838043,9.872940063476563,48.932159423828125,5.511706829071045,-7.966290473937988,-0.008917328901588917,-0.010641992092132568,0.0031220237724483013
0.010175357572734356,0.4373907148838043,9.872940063476563,48.932159423828125,5.511706829071045,-7.966290473937988,0.01025743130594492,-0.02449042908847332,0.008448345586657524
0.05446808785200119,0.4768950641155243,9.74365234375,48.932159423828125,5.511706829071045,-7.966290473937988,0.01025743130594492,-0.02449042908847332,0.008448345586657524
0.05446808785200119,0.4768950641155243,9.74365234375,48.926944732666016,5.521131992340088,-8.009461402893066,0.01025743130594492,-0.02449042908847332,0.008448345586657524
0.05446808785200119,0.4768950641155243,9.74365234375,48.926944732666016,5.521131992340088,-8.009461402893066,-0.005721535068005323,-0.02449042908847332,0.012709403410553932
0.05446808785200119,0.4816834628582001,9.756820678710938,48.926944732666016,5.521131992340088,-8.009461402893066,-0.005721535068005323,-0.02449042908847332,0.012709403410553932
0.05446808785200119,0.4816834628582001,9.756820678710938,48.95664596557617,5.533962726593018,-8.013996124267578,-0.005721535068005323,-0.02449042908847332,0.012709403410553932
0.05446808785200119,0.4816834628582001,9.756820678710938,48.95664596557617,5.533962726593018,-8.013996124267578,-0.01104785781353712,-0.014903048984706402,0.01164413895457983
0.03531447425484657,0.43260231614112854,9.845406532287598,48.95664596557617,5.533962726593018,-8.013996124267578,-0.01104785781353712,-0.014903048984706402,0.01164413895457983
0.03531447425484657,0.43260231614112854,9.845406532287598,48.99714279174805,5.512889385223389,-8.032172203063965,-0.01104785781353712,-0.014903048984706402,0.01164413895457983
0.03531447425484657,0.43260231614112854,9.845406532287598,48.99714279174805,5.512889385223389,-8.032172203063965,0.019844811409711838,-0.01703357882797718,0.0020567593164741993
-0.01735796220600605,0.4457704424858093,9.718513488769531,48.99714279174805,5.512889385223389,-8.032172203063965,0.019844811409711838,-0.01703357882797718,0.0020567593164741993
-0.01735796220600605,0.4457704424858093,9.718513488769531,49.0347785949707,5.488043308258057,-8.086256980895996,0.019844811409711838,-0.01703357882797718,0.0020567593164741993
-0.01735796220600605,0.4457704424858093,9.718513488769531,49.0347785949707,5.488043308258057,-8.086256980895996,0.05073747783899307,-0.05005677416920662,-0.010726413689553738
0.2232593148946762,0.6756138205528259,9.530569076538086,49.0347785949707,5.488043308258057,-8.086256980895996,0.05073747783899307,-0.05005677416920662,-0.010726413689553738
0.2232593148946762,0.6756138205528259,9.530569076538086,49.07184600830078,5.4910569190979,-8.146783828735352,0.05073747783899307,-0.05005677416920662,-0.010726413689553738
0.2232593148946762,0.6756138205528259,9.530569076538086,49.07184600830078,5.4910569190979,-8.146783828735352,-0.10159533470869064,0.0255769994109869,0.025492576882243156
0.12389993667602539,0.330848753452301,10.188974380493164,49.07184600830078,5.4910569190979,-8.146783828735352,-0.10159533470869064,0.0255769994109869,0.025492576882243156
