0.039803601801395416,0.7291840314865112,9.759963035583496,-29.849275588989258,-15.55722427368164,-18.03325653076172,-0.024863537400960922,0.004890895448625088,-0.12018260359764099,63194.34
0.039803601801395416,0.7291840314865112,9.759963035583496,-29.849275588989258,-15.55722427368164,-18.03325653076172,-0.0067540425807237625,0.0038256309926509857,-0.01685195043683052,63194.367
0.05776011571288109,0.7255927324295044,9.75397777557373,-29.849275588989258,-15.55722427368164,-18.03325653076172,-0.0067540425807237625,0.0038256309926509857,-0.01685195043683052,63194.37
0.05776011571288109,0.7255927324295044,9.75397777557373,-29.703041076660156,-15.719952583312988,-18.06393051147461,-0.0067540425807237625,0.0038256309926509857,-0.01685195043683052,63194.37
0.05776011571288109,0.7255927324295044,9.75397777557373,-29.703041076660156,-15.719952583312988,-18.06393051147461,-0.004623514134436846,0.004890895448625088,-0.010460363700985909,63194.426
0.06733692437410355,0.7363666892051697,9.764751434326172,-29.703041076660156,-15.719952583312988,-18.06393051147461,-0.004623514134436846,0.004890895448625088,-0.010460363700985909,63194.434
0.06733692437410355,0.7363666892051697,9.764751434326172,-29.609975814819336,-15.842373847961426,-18.065519332885742,-0.004623514134436846,0.004890895448625088,-0.010460363700985909,63194.45
0.06733692437410355,0.7363666892051697,9.764751434326172,-29.609975814819336,-15.842373847961426,-18.065519332885742,-0.004623514134436846,0.0038256309926509857,-0.014721421524882317,63194.5
0.05057751014828682,0.7375637888908386,9.764751434326172,-29.609975814819336,-15.842373847961426,-18.065519332885742,-0.004623514134436846,0.0038256309926509857,-0.014721421524882317,63194.508
0.05057751014828682,0.7375637888908386,9.764751434326172,-29.610212326049805,-15.888318061828613,-18.028162002563477,-0.004623514134436846,0.0038256309926509857,-0.014721421524882317,63194.52
0.05057751014828682,0.7375637888908386,9.764751434326172,-29.610212326049805,-15.888318061828613,-18.028162002563477,-0.004623514134436846,0.004890895448625088,-0.009395099245011806,63194.566
0.05656301602721214,0.7255927324295044,9.770736694335938,-29.610212326049805,-15.888318061828613,-18.028162002563477,-0.004623514134436846,0.004890895448625088,-0.009395099245011806,63194.57
0.05656301602721214,0.7255927324295044,9.770736694335938,-29.663211822509766,-15.90513801574707,-17.979597091674805,-0.004623514134436846,0.004890895448625088,-0.009395099245011806,63194.6
0.05656301602721214,0.7255927324295044,9.770736694335938,-29.663211822509766,-15.90513801574707,-17.979597091674805,-0.004623514134436846,0.004890895448625088,-0.009395099245011806,63194.64
0.05177461355924606,0.7255927324295044,9.765948295593262,-29.663211822509766,-15.90513801574707,-17.979597091674805,-0.004623514134436846,0.004890895448625088,-0.009395099245011806,63194.64
0.05177461355924606,0.7255927324295044,9.765948295593262,-29.7061710357666,-15.921216011047363,-17.95178985595703,-0.004623514134436846,0.004890895448625088,-0.009395099245011806,63194.68
0.05177461355924606,0.7255927324295044,9.765948295593262,-29.7061710357666,-15.921216011047363,-17.95178985595703,-0.004623514134436846,0.004890895448625088,-0.00726457079872489,63194.715
0.0553659126162529,0.7184101343154907,9.769539833068848,-29.7061710357666,-15.921216011047363,-17.95178985595703,-0.004623514134436846,0.004890895448625088,-0.00726457079872489,63194.72
0.0553659126162529,0.7184101343154907,9.769539833068848,-29.72758674621582,-15.966745376586914,-17.955894470214844,-0.004623514134436846,0.004890895448625088,-0.00726457079872489,63194.766
0.0553659126162529,0.7184101343154907,9.769539833068848,-29.72758674621582,-15.966745376586914,-17.955894470214844,-0.004623514134436846,0.004890895448625088,-0.00726457079872489,63194.78
0.054168812930583954,0.7399579882621765,9.785101890563965,-29.72758674621582,-15.966745376586914,-17.955894470214844,-0.004623514134436846,0.004890895448625088,-0.00726457079872489,63194.785
0.054168812930583954,0.7399579882621765,9.785101890563965,-29.717975616455078,-16.04207420349121,-17.99092674255371,-0.004623514134436846,0.004890895448625088,-0.00726457079872489,63194.844
0.054168812930583954,0.7399579882621765,9.785101890563965,-29.717975616455078,-16.04207420349121,-17.99092674255371,-0.003745469730347395,0.004985437728464603,-0.0029968551825731993,63194.86
0.05656301602721214,0.7303811311721802,9.77791976928711,-29.717975616455078,-16.04207420349121,-17.99092674255371,-0.003745469730347395,0.004985437728464603,-0.0029968551825731993,63194.867
0.05656301602721214,0.7303811311721802,9.77791976928711,-29.717975616455078,-16.04207420349121,-17.99092674255371,-0.003745469730347395,0.004985437728464603,-0.006192648317664862,63194.926
0.058957215398550034,0.7303811311721802,9.763554573059082,-29.717975616455078,-16.04207420349121,-17.99092674255371,-0.003745469730347395,0.004985437728464603,-0.006192648317664862,63194.934
0.058957215398550034,0.7303811311721802,9.763554573059082,-29.687204360961914,-16.075481414794922,-18.042037963867188,-0.003745469730347395,0.004985437728464603,-0.006192648317664862,63194.938
0.058957215398550034,0.7303811311721802,9.763554573059082,-29.687204360961914,-16.075481414794922,-18.042037963867188,-0.003745469730347395,0.004985437728464603,-0.009388442151248455,63194.996
0.05656301602721214,0.733972430229187,9.75278091430664,-29.687204360961914,-16.075481414794922,-18.042037963867188,-0.003745469730347395,0.004985437728464603,-0.009388442151248455,63195.0
0.05656301602721214,0.733972430229187,9.75278091430664,-29.66891098022461,-16.041017532348633,-18.06597328186035,-0.003745469730347395,0.004985437728464603,-0.009388442151248455,63195.004
0.05656301602721214,0.733972430229187,9.75278091430664,-29.66891098022461,-16.041017532348633,-18.06597328186035,-0.003745469730347395,0.00711596617475152,-0.006192648317664862,63195.066
0.054168812930583954,0.7243956327438354,9.763554573059082,-29.66891098022461,-16.041017532348633,-18.06597328186035,-0.003745469730347395,0.00711596617475152,-0.006192648317664862,63195.07
0.054168812930583954,0.7243956327438354,9.763554573059082,-29.66844940185547,-15.997456550598145,-18.047443389892578,-0.003745469730347395,0.00711596617475152,-0.006192648317664862,63195.094
0.054168812930583954,0.7243956327438354,9.763554573059082,-29.66844940185547,-15.997456550598145,-18.047443389892578,-0.002680205274373293,0.012442288920283318,-0.00512738386169076,63195.133
0.05297171324491501,0.7399579882621765,9.785101890563965,-29.66844940185547,-15.997456550598145,-18.047443389892578,-0.002680205274373293,0.012442288920283318,-0.00512738386169076,63195.137
0.05297171324491501,0.7399579882621765,9.785101890563965,-29.684843063354492,-15.99941349029541,-18.028797149658203,-0.002680205274373293,0.012442288920283318,-0.00512738386169076,63195.164
0.05297171324491501,0.7399579882621765,9.785101890563965,-29.684843063354492,-15.99941349029541,-18.028797149658203,-0.003745469730347395,0.011377024464309216,0.001264202524907887,63195.203
0.037409402430057526,0.735169529914856,9.785101890563965,-29.684843063354492,-15.99941349029541,-18.028797149658203,-0.003745469730347395,0.011377024464309216,0.001264202524907887,63195.215
0.037409402430057526,0.735169529914856,9.785101890563965,-29.714284896850586,-16.030967712402344,-18.030282974243164,-0.003745469730347395,0.011377024464309216,0.001264202524907887,63195.242
0.037409402430057526,0.735169529914856,9.785101890563965,-29.714284896850586,-16.030967712402344,-18.030282974243164,-0.005875998642295599,-0.005667206831276417,-0.00512738386169076,63195.277
0.0553659126162529,0.7291840314865112,9.750386238098145,-29.714284896850586,-16.030967712402344,-18.030282974243164,-0.005875998642295599,-0.005667206831276417,-0.00512738386169076,63195.28
0.0553659126162529,0.7291840314865112,9.750386238098145,-29.711145401000977,-16.053916931152344,-18.04109001159668,-0.005875998642295599,-0.005667206831276417,-0.00512738386169076,63195.324
0.0553659126162529,0.7291840314865112,9.750386238098145,-29.711145401000977,-16.053916931152344,-18.04109001159668,-0.005875998642295599,-0.007797735743224621,-0.008323177695274353,63195.348
0.08050503581762314,0.7267898321151733,9.769539833068848,-29.711145401000977,-16.053916931152344,-18.04109001159668,-0.005875998642295599,-0.007797735743224621,-0.008323177695274353,63195.348
0.08050503581762314,0.7267898321151733,9.769539833068848,-29.643577575683594,-16.076459884643555,-18.045961380004883,-0.005875998642295599,-0.007797735743224621,-0.008323177695274353,63195.402
0.08050503581762314,0.7267898321151733,9.769539833068848,-29.643577575683594,-16.076459884643555,-18.045961380004883,-0.004926315508782864,-0.002413356676697731,-0.007253918331116438,63195.43
0.07212532311677933,0.7267898321151733,9.780313491821289,-29.643577575683594,-16.076459884643555,-18.045961380004883,-0.004926315508782864,-0.002413356676697731,-0.007253918331116438,63195.438
0.07212532311677933,0.7267898321151733,9.780313491821289,-29.55036735534668,-16.119091033935547,-18.03878402709961,-0.004926315508782864,-0.002413356676697731,-0.007253918331116438,63195.484
0.07212532311677933,0.7267898321151733,9.780313491821289,-29.55036735534668,-16.119091033935547,-18.03878402709961,-0.003861050819978118,0.001847701147198677,-0.007253918331116438,63195.5
0.06853402405977249,0.7303811311721802,9.759963035583496,-29.55036735534668,-16.119091033935547,-18.03878402709961,-0.003861050819978118,0.001847701147198677,-0.007253918331116438,63195.504
0.06853402405977249,0.7303811311721802,9.759963035583496,-29.55036735534668,-16.119091033935547,-18.03878402709961,-0.003861050819978118,0.002912965603172779,-0.006188653875142336,63195.566
0.06494271755218506,0.7255927324295044,9.77791976928711,-29.55036735534668,-16.119091033935547,-18.03878402709961,-0.003861050819978118,0.002912965603172779,-0.006188653875142336,63195.574
0.06494271755218506,0.7255927324295044,9.77791976928711,-29.479860305786133,-16.138132095336914,-18.019025802612305,-0.003861050819978118,0.002912965603172779,-0.006188653875142336,63195.582
0.06494271755218506,0.7255927324295044,9.77791976928711,-29.479860305786133,-16.138132095336914,-18.019025802612305,-0.003861050819978118,0.006108758971095085,-0.00299286050722003,63195.637
0.07451952993869781,0.7315782308578491,9.765948295593262,-29.479860305786133,-16.138132095336914,-18.019025802612305,-0.003861050819978118,0.006108758971095085,-0.00299286050722003,63195.645
0.07451952993869781,0.7315782308578491,9.765948295593262,-29.458890914916992,-16.100900650024414,-17.988922119140625,-0.003861050819978118,0.006108758971095085,-0.00299286050722003,63195.65
0.07451952993869781,0.7315782308578491,9.765948295593262,-29.458890914916992,-16.100900650024414,-17.988922119140625,-0.0027957865968346596,0.010369816794991493,-0.008319182321429253,63195.703
0.06494271755218506,0.7315782308578491,9.785101890563965,-29.458890914916992,-16.100900650024414,-17.988922119140625,-0.0027957865968346596,0.010369816794991493,-0.008319182321429253,63195.71
0.06494271755218506,0.7315782308578491,9.785101890563965,-29.48223114013672,-16.044160842895508,-17.96808624267578,-0.0027957865968346596,0.010369816794991493,-0.008319182321429253,63195.73
0.06494271755218506,0.7315782308578491,9.785101890563965,-29.48223114013672,-16.044160842895508,-17.96808624267578,-0.0027957865968346596,0.01889193244278431,-0.010449711233377457,63195.777
0.07212532311677933,0.7303811311721802,9.751583099365234,-29.48223114013672,-16.044160842895508,-17.96808624267578,-0.0027957865968346596,0.01889193244278431,-0.010449711233377457,63195.78
0.07212532311677933,0.7303811311721802,9.751583099365234,-29.513866424560547,-15.981090545654297,-17.964048385620117,-0.0027957865968346596,0.01889193244278431,-0.010449711233377457,63195.813
0.07212532311677933,0.7303811311721802,9.751583099365234,-29.513866424560547,-15.981090545654297,-17.964048385620117,-0.014513695612549782,-0.01200073678046465,-0.01684129796922207,63195.844
0.05656301602721214,0.7208043336868286,9.767146110534668,-29.513866424560547,-15.981090545654297,-17.964048385620117,-0.014513695612549782,-0.01200073678046465,-0.01684129796922207,63195.848
0.05656301602721214,0.7208043336868286,9.767146110534668,-29.543195724487305,-15.90273666381836,-17.96883201599121,-0.014513695612549782,-0.01200073678046465,-0.01684129796922207,63195.883
0.05656301602721214,0.7208043336868286,9.767146110534668,-29.543195724487305,-15.90273666381836,-17.96883201599121,-0.023035811260342598,-0.0386323481798172,-0.011514975689351559,63195.914
0.09127894043922424,0.712424635887146,9.775525093078613,-29.543195724487305,-15.90273666381836,-17.96883201599121,-0.023035811260342598,-0.0386323481798172,-0.011514975689351559,63195.918
0.09127894043922424,0.712424635887146,9.775525093078613,-29.582120895385742,-15.832596778869629,-17.985132217407227,-0.023035811260342598,-0.0386323481798172,-0.011514975689351559,63195.965
0.09127894043922424,0.712424635887146,9.775525093078613,-29.582120895385742,-15.832596778869629,-17.985132217407227,-0.03482535853981972,-0.08653302490711212,-0.01683863438665867,63195.996
0.22415713965892792,0.6848913431167603,9.731232643127441,-29.582120895385742,-15.832596778869629,-17.985132217407227,-0.03482535853981972,-0.08653302490711212,-0.01683863438665867,63195.996
0.22415713965892792,0.6848913431167603,9.731232643127441,-29.64266014099121,-15.796759605407715,-18.00370216369629,-0.03482535853981972,-0.08653302490711212,-0.01683863438665867,63196.043
0.22415713965892792,0.6848913431167603,9.731232643127441,-29.64266014099121,-15.796759605407715,-18.00370216369629,-0.054000116884708405,-0.14086151123046875,-0.01683863438665867,63196.055
0.2528875470161438,0.6621463894844055,9.824606895446777,-29.64266014099121,-15.796759605407715,-18.00370216369629,-0.054000116884708405,-0.14086151123046875,-0.01683863438665867,63196.063
0.2528875470161438,0.6621463894844055,9.824606895446777,-29.64266014099121,-15.796759605407715,-18.00370216369629,-0.03695588558912277,-0.10890357941389084,-0.006185990758240223,63196.133
0.34027591347694397,0.6394014954566956,9.827000617980957,-29.64266014099121,-15.796759605407715,-18.00370216369629,-0.03695588558912277,-0.10890357941389084,-0.006185990758240223,63196.137
0.34027591347694397,0.6394014954566956,9.827000617980957,-29.709793090820313,-15.776151657104492,-17.978443145751953,-0.03695588558912277,-0.10890357941389084,-0.006185990758240223,63196.137
0.34027591347694397,0.6394014954566956,9.827000617980957,-29.709793090820313,-15.776151657104492,-17.978443145751953,-0.012454804964363575,-0.023682426661252975,-0.008316519670188427,63196.2
0.3354875147342682,0.6262333989143372,9.801861763000488,-29.709793090820313,-15.776151657104492,-17.978443145751953,-0.012454804964363575,-0.023682426661252975,-0.008316519670188427,63196.207
0.3354875147342682,0.6262333989143372,9.801861763000488,-29.758533477783203,-15.733906745910645,-17.896011352539063,-0.012454804964363575,-0.023682426661252975,-0.008316519670188427,63196.21
0.3354875147342682,0.6262333989143372,9.801861763000488,-29.758533477783203,-15.733906745910645,-17.896011352539063,-0.01565059833228588,-0.05777088925242424,-0.007251254748553038,63196.27
0.400130957365036,0.6178537011146545,9.865307807922363,-29.758533477783203,-15.733906745910645,-17.896011352539063,-0.01565059833228588,-0.05777088925242424,-0.007251254748553038,63196.273
0.400130957365036,0.6178537011146545,9.865307807922363,-29.82183074951172,-15.681441307067871,-17.79434585571289,-0.01565059833228588,-0.05777088925242424,-0.007251254748553038,63196.297
0.400130957365036,0.6178537011146545,9.865307807922363,-29.82183074951172,-15.681441307067871,-17.79434585571289,-0.016715863719582558,-0.10251199454069138,2.055960358120501E-4,63196.34
0.4779425263404846,0.6058826446533203,9.926360130310059,-29.82183074951172,-15.681441307067871,-17.79434585571289,-0.016715863719582558,-0.10251199454069138,2.055960358120501E-4,63196.348
0.4779425263404846,0.6058826446533203,9.926360130310059,-29.920793533325195,-15.667470932006836,-17.68712615966797,-0.016715863719582558,-0.10251199454069138,2.055960358120501E-4,63196.363
0.4779425263404846,0.6058826446533203,9.926360130310059,-29.920793533325195,-15.667470932006836,-17.68712615966797,0.018437862396240234,-0.03220454230904579,0.01618456281721592,63196.414
0.4827309250831604,0.6166566014289856,9.568427085876465,-29.920793533325195,-15.667470932006836,-17.68712615966797,0.018437862396240234,-0.03220454230904579,0.01618456281721592,63196.418
0.4827309250831604,0.6166566014289856,9.568427085876465,-30.03369140625,-15.707643508911133,-17.565481185913086,0.018437862396240234,-0.03220454230904579,0.01618456281721592,63196.44
0.4827309250831604,0.6166566014289856,9.568427085876465,-30.03369140625,-15.707643508911133,-17.565481185913086,0.042938943952322006,0.040233440697193146,0.020445620641112328,63196.48
0.4372410774230957,0.6633434891700745,9.679757118225098,-30.03369140625,-15.707643508911133,-17.565481185913086,0.042938943952322006,0.040233440697193146,0.020445620641112328,63196.484
0.4372410774230957,0.6633434891700745,9.679757118225098,-30.17213249206543,-15.765721321105957,-17.436290740966797,0.042938943952322006,0.040233440697193146,0.020445620641112328,63196.523
0.4372410774230957,0.6633434891700745,9.679757118225098,-30.17213249206543,-15.765721321105957,-17.436290740966797,0.04075542092323303,0.03919480741024017,0.03003486432135105,63196.555
0.4528034031391144,0.6753145456314087,9.801861763000488,-30.17213249206543,-15.765721321105957,-17.436290740966797,0.04075542092323303,0.03919480741024017,0.03003486432135105,63196.56
0.4528034031391144,0.6753145456314087,9.801861763000488,-30.353105545043945,-15.8291015625,-17.312572479248047,0.04075542092323303,0.03919480741024017,0.03003486432135105,63196.6
0.4528034031391144,0.6753145456314087,9.801861763000488,-30.353105545043945,-15.8291015625,-17.312572479248047,0.03862489014863968,0.028542162850499153,0.050274889916181564,63196.637
0.4109048545360565,0.6334159970283508,9.75278091430664,-30.353105545043945,-15.8291015625,-17.312572479248047,0.03862489014863968,0.028542162850499153,0.050274889916181564,63196.637
0.4109048545360565,0.6334159970283508,9.75278091430664,-30.535058975219727,-15.898963928222656,-17.19121742248535,0.03862489014863968,0.028542162850499153,0.050274889916181564,63196.688
0.4109048545360565,0.6334159970283508,9.75278091430664,-30.535058975219727,-15.898963928222656,-17.19121742248535,0.0024058998096734285,-0.033243175595998764,0.12058234214782715,63196.695
0.24091655015945435,0.7986159324645996,10.087968826293945,-30.535058975219727,-15.898963928222656,-17.19121742248535,0.0024058998096734285,-0.033243175595998764,0.12058234214782715,63196.7
0.24091655015945435,0.7986159324645996,10.087968826293945,-30.68971061706543,-15.94984245300293,-17.070270538330078,0.0024058998096734285,-0.033243175595998764,0.12058234214782715,63196.766
0.24091655015945435,0.7986159324645996,10.087968826293945,-30.68971061706543,-15.94984245300293,-17.070270538330078,0.0748438835144043,-0.08650639653205872,0.24734880030155182,63196.773
-0.029628245159983635,1.0452187061309814,10.563218116760254,-30.68971061706543,-15.94984245300293,-17.070270538330078,0.0748438835144043,-0.08650639653205872,0.24734880030155182,63196.773
-0.029628245159983635,1.0452187061309814,10.563218116760254,-30.68971061706543,-15.94984245300293,-17.070270538330078,0.2697872817516327,-0.27931925654411316,0.6233871579170227,63196.836
-0.0834977850317955,1.6437691450119019,11.196484565734863,-30.68971061706543,-15.94984245300293,-17.070270538330078,0.2697872817516327,-0.27931925654411316,0.6233871579170227,63196.844
-0.0834977850317955,1.6437691450119019,11.196484565734863,-30.89967918395996,-15.956840515136719,-16.940467834472656,0.2697872817516327,-0.27931925654411316,0.6233871579170227,63196.85
-0.0834977850317955,1.6437691450119019,11.196484565734863,-30.89967918395996,-15.956840515136719,-16.940467834472656,0.4125327169895172,-1.0409833192825317,1.375463843345642,63196.906
1.423652172088623,1.0476129055023193,10.529699325561523,-30.89967918395996,-15.956840515136719,-16.940467834472656,0.4125327169895172,-1.0409833192825317,1.375463843345642,63196.918
1.423652172088623,1.0476129055023193,10.529699325561523,-31.341938018798828,-15.83427619934082,-16.650680541992188,0.4125327169895172,-1.0409833192825317,1.375463843345642,63196.926
1.423652172088623,1.0476129055023193,10.529699325561523,-31.341938018798828,-15.83427619934082,-16.650680541992188,0.5488865375518799,-1.4521753787994385,1.4660112857818604,63196.984
2.7847559452056885,0.978181004524231,10.383652687072754,-31.341938018798828,-15.83427619934082,-16.650680541992188,0.5488865375518799,-1.4521753787994385,1.4660112857818604,63196.99
2.7847559452056885,0.978181004524231,10.383652687072754,-32.26121520996094,-15.360675811767578,-15.813992500305176,0.5488865375518799,-1.4521753787994385,1.4660112857818604,63197.004
2.7847559452056885,0.978181004524231,10.383652687072754,-32.26121520996094,-15.360675811767578,-15.813992500305176,0.9536870121955872,-1.6492493152618408,1.3317879438400269,63197.05
4.100369453430176,1.3025953769683838,9.062053680419922,-32.26121520996094,-15.360675811767578,-15.813992500305176,0.9536870121955872,-1.6492493152618408,1.3317879438400269,63197.055
4.100369453430176,1.3025953769683838,9.062053680419922,-33.803680419921875,-14.260576248168945,-13.957980155944824,0.9536870121955872,-1.6492493152618408,1.3317879438400269,63197.08
4.100369453430176,1.3025953769683838,9.062053680419922,-33.803680419921875,-14.260576248168945,-13.957980155944824,0.6937279105186462,-1.7493666410446167,1.3147450685501099,63197.12
5.554847240447998,0.7435492873191833,6.766014099121094,-33.803680419921875,-14.260576248168945,-13.957980155944824,0.6937279105186462,-1.7493666410446167,1.3147450685501099,63197.125
5.554847240447998,0.7435492873191833,6.766014099121094,-35.808563232421875,-12.369725227355957,-10.81137466430664,0.6937279105186462,-1.7493666410446167,1.3147450685501099,63197.164
5.554847240447998,0.7435492873191833,6.766014099121094,-35.808563232421875,-12.369725227355957,-10.81137466430664,-0.4162776470184326,-1.3903725147247314,0.9994268417358398,63197.2
6.281487464904785,-0.20216040313243866,6.074089527130127,-35.808563232421875,-12.369725227355957,-10.81137466430664,-0.4162776470184326,-1.3903725147247314,0.9994268417358398,63197.203
6.281487464904785,-0.20216040313243866,6.074089527130127,-37.86833572387695,-9.733227729797363,-6.549588203430176,-0.4162776470184326,-1.3903725147247314,0.9994268417358398,63197.242
6.281487464904785,-0.20216040313243866,6.074089527130127,-37.86833572387695,-9.733227729797363,-6.549588203430176,-1.5401315689086914,-0.47744086384773254,0.5733210444450378,63197.266
5.503371715545654,-0.5936123728752136,6.440402507781982,-37.86833572387695,-9.733227729797363,-6.549588203430176,-1.5401315689086914,-0.47744086384773254,0.5733210444450378,63197.266
5.503371715545654,-0.5936123728752136,6.440402507781982,-39.57131576538086,-6.72642707824707,-1.8648065328598022,-1.5401315689086914,-0.47744086384773254,0.5733210444450378,63197.324
5.503371715545654,-0.5936123728752136,6.440402507781982,-39.57131576538086,-6.72642707824707,-1.8648065328598022,-2.0216312408447266,1.1183252334594727,0.3762471377849579,63197.344
5.2124762535095215,-1.374122142791748,9.224859237670898,-39.57131576538086,-6.72642707824707,-1.8648065328598022,-2.0216312408447266,1.1183252334594727,0.3762471377849579,63197.348
5.2124762535095215,-1.374122142791748,9.224859237670898,-40.79152297973633,-3.973041534423828,2.160578489303589,-2.0216312408447266,1.1183252334594727,0.3762471377849579,63197.406
5.2124762535095215,-1.374122142791748,9.224859237670898,-40.79152297973633,-3.973041534423828,2.160578489303589,-1.1140258312225342,1.878924012184143,0.21539220213890076,63197.41
3.9495348930358887,-1.2723685503005981,10.60032844543457,-40.79152297973633,-3.973041534423828,2.160578489303589,-1.1140258312225342,1.878924012184143,0.21539220213890076,63197.41
3.9495348930358887,-1.2723685503005981,10.60032844543457,-40.79152297973633,-3.973041534423828,2.160578489303589,0.04604712128639221,1.8224650621414185,0.49768728017807007,63197.477
4.825812816619873,-2.171391248703003,9.118317604064941,-40.79152297973633,-3.973041534423828,2.160578489303589,0.04604712128639221,1.8224650621414185,0.49768728017807007,63197.484
4.825812816619873,-2.171391248703003,9.118317604064941,-41.66332244873047,-1.8857446908950806,4.455589771270752,0.04604712128639221,1.8224650621414185,0.49768728017807007,63197.49
4.825812816619873,-2.171391248703003,9.118317604064941,-41.66332244873047,-1.8857446908950806,4.455589771270752,0.26762211322784424,1.6403048038482666,0.24948066473007202,63197.55
3.0289645195007324,-1.333420753479004,9.941922187805176,-41.66332244873047,-1.8857446908950806,4.455589771270752,0.26762211322784424,1.6403048038482666,0.24948066473007202,63197.555
3.0289645195007324,-1.333420753479004,9.941922187805176,-42.27037811279297,-0.44728952646255493,4.52961540222168,0.26762211322784424,1.6403048038482666,0.24948066473007202,63197.566
3.0289645195007324,-1.333420753479004,9.941922187805176,-42.27037811279297,-0.44728952646255493,4.52961540222168,0.7682964205741882,1.7340481281280518,-0.11270923912525177,63197.617
3.191770076751709,-2.167799949645996,8.391676902770996,-42.27037811279297,-0.44728952646255493,4.52961540222168,0.7682964205741882,1.7340481281280518,-0.11270923912525177,63197.63
3.191770076751709,-2.167799949645996,8.391676902770996,-42.573081970214844,0.5367407202720642,2.5715150833129883,0.7682964205741882,1.7340481281280518,-0.11270923912525177,63197.64
3.191770076751709,-2.167799949645996,8.391676902770996,-42.573081970214844,0.5367407202720642,2.5715150833129883,0.6159403920173645,1.7170156240463257,-0.7625197172164917,63197.688
1.422455072402954,-2.1773767471313477,7.1885905265808105,-42.573081970214844,0.5367407202720642,2.5715150833129883,0.6159403920173645,1.7170156240463257,-0.7625197172164917,63197.695
1.422455072402954,-2.1773767471313477,7.1885905265808105,-42.505558013916016,1.0594557523727417,-0.8520053029060364,0.6159403920173645,1.7170156240463257,-0.7625197172164917,63197.723
1.422455072402954,-2.1773767471313477,7.1885905265808105,-42.505558013916016,1.0594557523727417,-0.8520053029060364,0.3964959383010864,4.0062689781188965,-2.138841390609741,63197.758
-3.4042556285858154,-0.829441249370575,6.718130111694336,-42.505558013916016,1.0594557523727417,-0.8520053029060364,0.3964959383010864,4.0062689781188965,-2.138841390609741,63197.77
-3.4042556285858154,-0.829441249370575,6.718130111694336,-41.73846435546875,0.7305127382278442,-5.353400707244873,0.3964959383010864,4.0062689781188965,-2.138841390609741,63197.8
-3.4042556285858154,-0.829441249370575,6.718130111694336,-41.73846435546875,0.7305127382278442,-5.353400707244873,-0.4823472201824188,4.615600109100342,-2.1867783069610596,63197.832
-4.82282018661499,-2.6622025966644287,6.673837184906006,-41.73846435546875,0.7305127382278442,-5.353400707244873,-0.4823472201824188,4.615600109100342,-2.1867783069610596,63197.836
-4.82282018661499,-2.6622025966644287,6.673837184906006,-39.31276321411133,-0.7400966286659241,-11.004332542419434,-0.4823472201824188,4.615600109100342,-2.1867783069610596,63197.887
-4.82282018661499,-2.6622025966644287,6.673837184906006,-39.31276321411133,-0.7400966286659241,-11.004332542419434,-1.3345587253570557,4.026508808135986,-1.8160662651062012,63197.91
-6.839934825897217,-4.087949752807617,5.524620532989502,-39.31276321411133,-0.7400966286659241,-11.004332542419434,-1.3345587253570557,4.026508808135986,-1.8160662651062012,63197.914
-6.839934825897217,-4.087949752807617,5.524620532989502,-34.2575569152832,-2.7949342727661133,-17.554624557495117,-1.3345587253570557,4.026508808135986,-1.8160662651062012,63197.965
-6.839934825897217,-4.087949752807617,5.524620532989502,-34.2575569152832,-2.7949342727661133,-17.554624557495117,-1.412322998046875,3.09972882270813,-1.5966217517852783,63197.973
-6.1192803382873535,-6.533627033233643,2.52109432220459,-34.2575569152832,-2.7949342727661133,-17.554624557495117,-1.412322998046875,3.09972882270813,-1.5966217517852783,63197.977
-6.1192803382873535,-6.533627033233643,2.52109432220459,-34.2575569152832,-2.7949342727661133,-17.554624557495117,-2.02911114692688,2.130338191986084,-2.19423508644104,63198.047
-7.9652099609375,-6.860435485839844,2.918531894683838,-34.2575569152832,-2.7949342727661133,-17.554624557495117,-2.02911114692688,2.130338191986084,-2.19423508644104,63198.06
-7.9652099609375,-6.860435485839844,2.918531894683838,-26.638032913208008,-4.252401351928711,-23.974658966064453,-2.02911114692688,2.130338191986084,-2.19423508644104,63198.063
-7.9652099609375,-6.860435485839844,2.918531894683838,-26.638032913208008,-4.252401351928711,-23.974658966064453,-2.1889007091522217,-0.18661195039749146,-1.6743861436843872,63198.117
-1.558326005935669,-9.838822364807129,2.651578426361084,-26.638032913208008,-4.252401351928711,-23.974658966064453,-2.1889007091522217,-0.18661195039749146,-1.6743861436843872,63198.137
-1.558326005935669,-9.838822364807129,2.651578426361084,-17.644363403320313,-4.089000225067139,-29.10682487487793,-2.1889007091522217,-0.18661195039749146,-1.6743861436843872,63198.14
-1.558326005935669,-9.838822364807129,2.651578426361084,-17.644363403320313,-4.089000225067139,-29.10682487487793,-1.0852868556976318,-2.66548228263855,-2.760955810546875,63198.188
-5.248988151550293,-8.009652137756348,4.93923807144165,-17.644363403320313,-4.089000225067139,-29.10682487487793,-1.0852868556976318,-2.66548228263855,-2.760955810546875,63198.19
-5.248988151550293,-8.009652137756348,4.93923807144165,-9.370579719543457,-1.8640879392623901,-32.38909912109375,-1.0852868556976318,-2.66548228263855,-2.760955810546875,63198.21
-5.248988151550293,-8.009652137756348,4.93923807144165,-9.370579719543457,-1.8640879392623901,-32.38909912109375,0.29740557074546814,-3.1981041431427,-2.486117124557495,63198.254
-5.025130271911621,-8.340051651000977,6.1985883712768555,-9.370579719543457,-1.8640879392623901,-32.38909912109375,0.29740557074546814,-3.1981041431427,-2.486117124557495,63198.258
-5.025130271911621,-8.340051651000977,6.1985883712768555,-4.290963172912598,1.8455439805984497,-33.918025970458984,0.29740557074546814,-3.1981041431427,-2.486117124557495,63198.285
-5.025130271911621,-8.340051651000977,6.1985883712768555,-4.290963172912598,1.8455439805984497,-33.918025970458984,1.7802536487579346,-3.5826644897460938,-0.9702457785606384,63198.33
-2.6021978855133057,-9.776573181152344,7.208941459655762,-4.290963172912598,1.8455439805984497,-33.918025970458984,1.7802536487579346,-3.5826644897460938,-0.9702457785606384,63198.34
-2.6021978855133057,-9.776573181152344,7.208941459655762,-3.8539087772369385,5.521817684173584,-33.98603820800781,1.7802536487579346,-3.5826644897460938,-0.9702457785606384,63198.363
-2.6021978855133057,-9.776573181152344,7.208941459655762,-3.8539087772369385,5.521817684173584,-33.98603820800781,3.0287435054779053,-3.5102264881134033,-1.1492102146148682,63198.4
-1.5870563983917236,-9.021202087402344,8.085219383239746,-3.8539087772369385,5.521817684173584,-33.98603820800781,3.0287435054779053,-3.5102264881134033,-1.1492102146148682,63198.402
-1.5870563983917236,-9.021202087402344,8.085219383239746,-7.782581806182861,7.547144889831543,-32.73252868652344,3.0287435054779053,-3.5102264881134033,-1.1492102146148682,63198.44
-1.5870563983917236,-9.021202087402344,8.085219383239746,-7.782581806182861,7.547144889831543,-32.73252868652344,3.5592453479766846,-2.7943689823150635,-1.1971471309661865,63198.47
0.5653308629989624,-7.300968647003174,6.051344871520996,-7.782581806182861,7.547144889831543,-32.73252868652344,3.5592453479766846,-2.7943689823150635,-1.1971471309661865,63198.47
0.5653308629989624,-7.300968647003174,6.051344871520996,-14.651641845703125,6.86545991897583,-30.089778900146484,3.5592453479766846,-2.7943689823150635,-1.1971471309661865,63198.523
0.5653308629989624,-7.300968647003174,6.051344871520996,-14.651641845703125,6.86545991897583,-30.089778900146484,2.503568172454834,-1.7152559757232666,-1.1630586385726929,63198.55
4.165013313293457,-4.534468173980713,9.410409927368164,-14.651641845703125,6.86545991897583,-30.089778900146484,2.503568172454834,-1.7152559757232666,-1.1630586385726929,63198.555
4.165013313293457,-4.534468173980713,9.410409927368164,-22.521957397460938,3.392803907394409,-26.077775955200195,2.503568172454834,-1.7152559757232666,-1.1630586385726929,63198.6
4.165013313293457,-4.534468173980713,9.410409927368164,-22.521957397460938,3.392803907394409,-26.077775955200195,2.403433322906494,-1.2220386266708374,-1.4400273561477661,63198.61
5.1274824142456055,-2.6454432010650635,9.646238327026367,-22.521957397460938,3.392803907394409,-26.077775955200195,2.403433322906494,-1.2220386266708374,-1.4400273561477661,63198.613
5.1274824142456055,-2.6454432010650635,9.646238327026367,-22.521957397460938,3.392803907394409,-26.077775955200195,2.736861228942871,-1.4670493602752686,-1.1065995693206787,63198.684
6.710049629211426,-0.8605659008026123,8.596381187438965,-22.521957397460938,3.392803907394409,-26.077775955200195,2.736861228942871,-1.4670493602752686,-1.1065995693206787,63198.684
6.710049629211426,-0.8605659008026123,8.596381187438965,-29.59288215637207,-2.0614984035491943,-21.010103225708008,2.736861228942871,-1.4670493602752686,-1.1065995693206787,63198.688
6.710049629211426,-0.8605659008026123,8.596381187438965,-29.59288215637207,-2.0614984035491943,-21.010103225708008,2.4620227813720703,-1.8782415390014648,-1.0767722129821777,63198.754
7.2463507652282715,0.8572738170623779,7.346607685089111,-29.59288215637207,-2.0614984035491943,-21.010103225708008,2.4620227813720703,-1.8782415390014648,-1.0767722129821777,63198.758
7.2463507652282715,0.8572738170623779,7.346607685089111,-34.791542053222656,-8.363978385925293,-15.113551139831543,2.4620227813720703,-1.8782415390014648,-1.0767722129821777,63198.766
7.2463507652282715,0.8572738170623779,7.346607685089111,-34.791542053222656,-8.363978385925293,-15.113551139831543,2.1328444480895996,-2.8252556324005127,-0.5899458527565002,63198.824
7.204452037811279,2.2626702785491943,4.865017890930176,-34.791542053222656,-8.363978385925293,-15.113551139831543,2.1328444480895996,-2.8252556324005127,-0.5899458527565002,63198.832
7.204452037811279,2.2626702785491943,4.865017890930176,-37.75326156616211,-14.38465404510498,-8.355834007263184,2.1328444480895996,-2.8252556324005127,-0.5899458527565002,63198.84
7.204452037811279,2.2626702785491943,4.865017890930176,-37.75326156616211,-14.38465404510498,-8.355834007263184,1.1006032228469849,-3.9086296558380127,0.4465564489364624,63198.89
8.535628318786621,3.022829294204712,2.5043349266052246,-37.75326156616211,-14.38465404510498,-8.355834007263184,1.1006032228469849,-3.9086296558380127,0.4465564489364624,63198.895
8.535628318786621,3.022829294204712,2.5043349266052246,-38.391754150390625,-19.119911193847656,-0.6866750121116638,1.1006032228469849,-3.9086296558380127,0.4465564489364624,63198.92
8.535628318786621,3.022829294204712,2.5043349266052246,-38.391754150390625,-19.119911193847656,-0.6866750121116638,0.46464037895202637,-3.7307305335998535,0.6660009026527405,63198.965
10.003273963928223,3.1868321895599365,0.9349357485771179,-38.391754150390625,-19.119911193847656,-0.6866750121116638,0.46464037895202637,-3.7307305335998535,0.6660009026527405,63198.97
10.003273963928223,3.1868321895599365,0.9349357485771179,-36.68046569824219,-21.924341201782227,7.671645641326904,0.46464037895202637,-3.7307305335998535,0.6660009026527405,63199.0
10.003273963928223,3.1868321895599365,0.9349357485771179,-36.68046569824219,-21.924341201782227,7.671645641326904,1.199672818183899,-1.9954147338867188,-0.23308224976062775,63199.035
10.612598419189453,1.1852794885635376,0.42377370595932007,-36.68046569824219,-21.924341201782227,7.671645641326904,1.199672818183899,-1.9954147338867188,-0.23308224976062775,63199.04
10.612598419189453,1.1852794885635376,0.42377370595932007,-32.87424850463867,-22.6740665435791,16.007699966430664,1.199672818183899,-1.9954147338867188,-0.23308224976062775,63199.086
10.612598419189453,1.1852794885635376,0.42377370595932007,-32.87424850463867,-22.6740665435791,16.007699966430664,2.1126043796539307,-0.3005790114402771,-2.019530773162842,63199.113
6.498162746429443,3.334075450897217,-0.751779317855835,-32.87424850463867,-22.6740665435791,16.007699966430664,2.1126043796539307,-0.3005790114402771,-2.019530773162842,63199.117
6.498162746429443,3.334075450897217,-0.751779317855835,-27.773616790771484,-21.55162239074707,23.443256378173828,2.1126043796539307,-0.3005790114402771,-2.019530773162842,63199.164
6.498162746429443,3.334075450897217,-0.751779317855835,-27.773616790771484,-21.55162239074707,23.443256378173828,3.3365933895111084,2.170834541320801,-2.3902428150177,63199.176
3.9782652854919434,4.199579238891602,-1.7573440074920654,-27.773616790771484,-21.55162239074707,23.443256378173828,3.3365933895111084,2.170834541320801,-2.3902428150177,63199.18
3.9782652854919434,4.199579238891602,-1.7573440074920654,-22.93270492553711,-18.635265350341797,29.276010513305664,3.3365933895111084,2.170834541320801,-2.3902428150177,63199.246
3.9782652854919434,4.199579238891602,-1.7573440074920654,-22.93270492553711,-18.635265350341797,29.276010513305664,2.1669328212738037,2.686422348022461,0.3357689380645752,63199.254
3.2288801670074463,3.7219362258911133,3.397372245788574,-22.93270492553711,-18.635265350341797,29.276010513305664,2.1669328212738037,2.686422348022461,0.3357689380645752,63199.254
3.2288801670074463,3.7219362258911133,3.397372245788574,-22.93270492553711,-18.635265350341797,29.276010513305664,1.1091253757476807,1.9002573490142822,2.8668372631073,63199.32
11.055525779724121,-2.7064952850341797,-2.626439332962036,-22.93270492553711,-18.635265350341797,29.276010513305664,1.1091253757476807,1.9002573490142822,2.8668372631073,63199.33
11.055525779724121,-2.7064952850341797,-2.626439332962036,-20.147554397583008,-13.954544067382813,32.92652893066406,1.1091253757476807,1.9002573490142822,2.8668372631073,63199.332
11.055525779724121,-2.7064952850341797,-2.626439332962036,-20.147554397583008,-13.954544067382813,32.92652893066406,-1.2983930110931396,2.0302300453186035,0.8162040114402771,63199.39
6.674136638641357,-1.4016554355621338,0.1041477769613266,-20.147554397583008,-13.954544067382813,32.92652893066406,-1.2983930110931396,2.0302300453186035,0.8162040114402771,63199.4
6.674136638641357,-1.4016554355621338,0.1041477769613266,-19.91846466064453,-7.930614471435547,34.219451904296875,-1.2983930110931396,2.0302300453186035,0.8162040114402771,63199.402
6.674136638641357,-1.4016554355621338,0.1041477769613266,-19.91846466064453,-7.930614471435547,34.219451904296875,-1.7830883264541626,4.756241798400879,-1.1183161735534668,63199.46
3.386897563934326,1.4893430471420288,6.2201361656188965,-19.91846466064453,-7.930614471435547,34.219451904296875,-1.7830883264541626,4.756241798400879,-1.1183161735534668,63199.465
3.386897563934326,1.4893430471420288,6.2201361656188965,-21.755643844604492,-1.946077585220337,33.38888931274414,-1.7830883264541626,4.756241798400879,-1.1183161735534668,63199.492
3.386897563934326,1.4893430471420288,6.2201361656188965,-21.755643844604492,-1.946077585220337,33.38888931274414,-2.090949773788452,4.035057544708252,0.097150519490242,63199.535
5.007771968841553,-2.1378724575042725,7.757213592529297,-21.755643844604492,-1.946077585220337,33.38888931274414,-2.090949773788452,4.035057544708252,0.097150519490242,63199.535
5.007771968841553,-2.1378724575042725,7.757213592529297,-25.519176483154297,2.1339774131774902,30.372724533081055,-2.090949773788452,4.035057544708252,0.097150519490242,63199.563
5.007771968841553,-2.1378724575042725,7.757213592529297,-25.519176483154297,2.1339774131774902,30.372724533081055,-2.9048118591308594,3.2286524772644043,0.63404381275177,63199.605
4.233247756958008,-2.2240636348724365,10.481815338134766,-25.519176483154297,2.1339774131774902,30.372724533081055,-2.9048118591308594,3.2286524772644043,0.63404381275177,63199.605
4.233247756958008,-2.2240636348724365,10.481815338134766,-30.620635986328125,3.7874670028686523,25.04580307006836,-2.9048118591308594,3.2286524772644043,0.63404381275177,63199.645
4.233247756958008,-2.2240636348724365,10.481815338134766,-30.620635986328125,3.7874670028686523,25.04580307006836,-2.096276044845581,3.325591564178467,0.4636014699935913,63199.67
1.5529390573501587,-3.294271945953369,8.93156909942627,-30.620635986328125,3.7874670028686523,25.04580307006836,-2.096276044845581,3.325591564178467,0.4636014699935913,63199.676
1.5529390573501587,-3.294271945953369,8.93156909942627,-35.66461181640625,3.9134838581085205,17.814037322998047,-2.096276044845581,3.325591564178467,0.4636014699935913,63199.723
1.5529390573501587,-3.294271945953369,8.93156909942627,-35.66461181640625,3.9134838581085205,17.814037322998047,-1.713846206665039,4.019078731536865,0.07691049575805664,63199.742
-0.28461071848869324,-4.0580220222473145,9.376891136169434,-35.66461181640625,3.9134838581085205,17.814037322998047,-1.713846206665039,4.019078731536865,0.07691049575805664,63199.746
-0.28461071848869324,-4.0580220222473145,9.376891136169434,-39.303226470947266,3.5242326259613037,9.22362995147705,-1.713846206665039,4.019078731536865,0.07691049575805664,63199.8
-0.28461071848869324,-4.0580220222473145,9.376891136169434,-39.303226470947266,3.5242326259613037,9.22362995147705,-1.5039891004562378,3.855027914047241,-0.5345512628555298,63199.83
-2.4106619358062744,-4.02929162979126,9.404424667358398,-39.303226470947266,3.5242326259613037,9.22362995147705,-1.5039891004562378,3.855027914047241,-0.5345512628555298,63199.832
-2.4106619358062744,-4.02929162979126,9.404424667358398,-40.59360885620117,3.2546226978302,-0.19560278952121735,-1.5039891004562378,3.855027914047241,-0.5345512628555298,63199.887
-2.4106619358062744,-4.02929162979126,9.404424667358398,-40.59360885620117,3.2546226978302,-0.19560278952121735,-1.2067803144454956,3.3554189205169678,-0.7390820384025574,63199.89
-4.182371139526367,-6.065560340881348,7.746439456939697,-40.59360885620117,3.2546226978302,-0.19560278952121735,-1.2067803144454956,3.3554189205169678,-0.7390820384025574,63199.9
-4.182371139526367,-6.065560340881348,7.746439456939697,-40.59360885620117,3.2546226978302,-0.19560278952121735,-1.3601874113082886,3.5418450832366943,-1.0235073566436768,63199.96
-8.30398941040039,-6.870012283325195,5.225345134735107,-40.59360885620117,3.2546226978302,-0.19560278952121735,-1.3601874113082886,3.5418450832366943,-1.0235073566436768,63199.97
-8.30398941040039,-6.870012283325195,5.225345134735107,-39.10491180419922,3.342959403991699,-9.630653381347656,-1.3601874113082886,3.5418450832366943,-1.0235073566436768,63199.973
-8.30398941040039,-6.870012283325195,5.225345134735107,-39.10491180419922,3.342959403991699,-9.630653381347656,-1.7894890308380127,4.1767425537109375,-0.6602522134780884,63200.03
-8.130409240722656,-6.306177616119385,7.115567684173584,-39.10491180419922,3.342959403991699,-9.630653381347656,-1.7894890308380127,4.1767425537109375,-0.6602522134780884,63200.035
-8.130409240722656,-6.306177616119385,7.115567684173584,-34.84351348876953,3.9312424659729004,-18.146484375,-1.7894890308380127,4.1767425537109375,-0.6602522134780884,63200.047
-8.130409240722656,-6.306177616119385,7.115567684173584,-34.84351348876953,3.9312424659729004,-18.146484375,-0.9095805883407593,2.1356959342956543,0.3485531806945801,63200.1
-6.727407455444336,-8.037185668945313,5.420472621917725,-34.84351348876953,3.9312424659729004,-18.146484375,-0.9095805883407593,2.1356959342956543,0.3485531806945801,63200.11
-6.727407455444336,-8.037185668945313,5.420472621917725,-28.180086135864258,5.236025333404541,-24.902761459350586,-0.9095805883407593,2.1356959342956543,0.3485531806945801,63200.125
-6.727407455444336,-8.037185668945313,5.420472621917725,-28.180086135864258,5.236025333404541,-24.902761459350586,1.4808728694915771,1.254722237586975,0.9429707527160645,63200.17
-6.860285758972168,-7.752275466918945,5.965153694152832,-28.180086135864258,5.236025333404541,-24.902761459350586,1.4808728694915771,1.254722237586975,0.9429707527160645,63200.184
-6.860285758972168,-7.752275466918945,5.965153694152832,-20.072242736816406,6.971686363220215,-29.443464279174805,1.4808728694915771,1.254722237586975,0.9429707527160645,63200.203
-6.860285758972168,-7.752275466918945,5.965153694152832,-20.072242736816406,6.971686363220215,-29.443464279174805,3.3333675861358643,1.1002589464187622,0.8566843271255493,63200.242
-5.690718173980713,-5.936273574829102,3.2609026432037354,-20.072242736816406,6.971686363220215,-29.443464279174805,3.3333675861358643,1.1002589464187622,0.8566843271255493,63200.25
-5.690718173980713,-5.936273574829102,3.2609026432037354,-11.865072250366211,7.885219573974609,-32.04762268066406,3.3333675861358643,1.1002589464187622,0.8566843271255493,63200.285
-5.690718173980713,-5.936273574829102,3.2609026432037354,-11.865072250366211,7.885219573974609,-32.04762268066406,3.2811696529388428,-0.45502716302871704,0.7469620704650879,63200.313
-8.318354606628418,-6.0464067459106445,4.02345609664917,-11.865072250366211,7.885219573974609,-32.04762268066406,3.2811696529388428,-0.45502716302871704,0.7469620704650879,63200.316
-8.318354606628418,-6.0464067459106445,4.02345609664917,-4.715320110321045,6.558645725250244,-33.28166961669922,3.2811696529388428,-0.45502716302871704,0.7469620704650879,63200.363
-8.318354606628418,-6.0464067459106445,4.02345609664917,-4.715320110321045,6.558645725250244,-33.28166961669922,2.8454766273498535,-1.8643720149993896,1.660959005355835,63200.4
-8.922890663146973,-3.7970542907714844,7.59560489654541,-4.715320110321045,6.558645725250244,-33.28166961669922,2.8454766273498535,-1.8643720149993896,1.660959005355835,63200.402
-8.922890663146973,-3.7970542907714844,7.59560489654541,0.21728532016277313,2.567793846130371,-33.50571060180664,2.8454766273498535,-1.8643720149993896,1.660959005355835,63200.445
-8.922890663146973,-3.7970542907714844,7.59560489654541,0.21728532016277313,2.567793846130371,-33.50571060180664,2.9850261211395264,-3.079838752746582,2.7475287914276123,63200.457
-6.924929141998291,-1.662623405456543,5.634753704071045,0.21728532016277313,2.567793846130371,-33.50571060180664,2.9850261211395264,-3.079838752746582,2.7475287914276123,63200.46
-6.924929141998291,-1.662623405456543,5.634753704071045,1.6051605939865112,-3.4819624423980713,-32.76039505004883,2.9850261211395264,-3.079838752746582,2.7475287914276123,63200.527
-6.924929141998291,-1.662623405456543,5.634753704071045,1.6051605939865112,-3.4819624423980713,-32.76039505004883,1.9783488512039185,-3.297151565551758,3.259920835494995,63200.56
-5.198709487915039,0.8476970195770264,5.761646270751953,1.6051605939865112,-3.4819624423980713,-32.76039505004883,1.9783488512039185,-3.297151565551758,3.259920835494995,63200.56
-5.198709487915039,0.8476970195770264,5.761646270751953,1.6051605939865112,-3.4819624423980713,-32.76039505004883,-0.15750627219676971,-2.7911510467529297,3.254594564437866,63200.594
-0.02124853990972042,0.8883984684944153,6.428431510925293,1.6051605939865112,-3.4819624423980713,-32.76039505004883,-0.15750627219676971,-2.7911510467529297,3.254594564437866,63200.598
-0.02124853990972042,0.8883984684944153,6.428431510925293,-1.3583085536956787,-10.175601959228516,-30.760263442993164,-0.15750627219676971,-2.7911510467529297,3.254594564437866,63200.6
-0.02124853990972042,0.8883984684944153,6.428431510925293,-1.3583085536956787,-10.175601959228516,-30.760263442993164,-1.86299467086792,-1.5991201400756836,1.566150426864624,63200.668
1.6187796592712402,0.44187983870506287,8.936357498168945,-1.3583085536956787,-10.175601959228516,-30.760263442993164,-1.86299467086792,-1.5991201400756836,1.566150426864624,63200.668
1.6187796592712402,0.44187983870506287,8.936357498168945,-8.106193542480469,-15.472284317016602,-27.443328857421875,-1.86299467086792,-1.5991201400756836,1.566150426864624,63200.7
1.6187796592712402,0.44187983870506287,8.936357498168945,-8.106193542480469,-15.472284317016602,-27.443328857421875,-2.2326414585113525,-0.17379629611968994,-0.21284116804599762,63200.74
0.7604582905769348,-0.28954875469207764,11.049241065979004,-8.106193542480469,-15.472284317016602,-27.443328857421875,-2.2326414585113525,-0.17379629611968994,-0.21284116804599762,63200.742
0.7604582905769348,-0.28954875469207764,11.049241065979004,-16.61233901977539,-17.997539520263672,-23.527280807495117,-2.2326414585113525,-0.17379629611968994,-0.21284116804599762,63200.76
0.7604582905769348,-0.28954875469207764,11.049241065979004,-16.61233901977539,-17.997539520263672,-23.527280807495117,-1.419844627380371,0.3769454061985016,-0.8243029713630676,63200.81
-0.12659341096878052,-0.3470095992088318,11.508927345275879,-16.61233901977539,-17.997539520263672,-23.527280807495117,-1.419844627380371,0.3769454061985016,-0.8243029713630676,63200.813
-0.12659341096878052,-0.3470095992088318,11.508927345275879,-24.4722843170166,-17.981721878051758,-20.16630744934082,-1.419844627380371,0.3769454061985016,-0.8243029713630676,63200.844
-0.12659341096878052,-0.3470095992088318,11.508927345275879,-24.4722843170166,-17.981721878051758,-20.16630744934082,-0.3631023168563843,0.26615792512893677,-0.6836880445480347,63200.88
-0.9992799162864685,-0.19976620376110077,10.679336547851563,-24.4722843170166,-17.981721878051758,-20.16630744934082,-0.3631023168563843,0.26615792512893677,-0.6836880445480347,63200.887
-0.9992799162864685,-0.19976620376110077,10.679336547851563,-30.178983688354492,-16.59873390197754,-18.09867286682129,-0.3631023168563843,0.26615792512893677,-0.6836880445480347,63200.92
-0.9992799162864685,-0.19976620376110077,10.679336547851563,-30.178983688354492,-16.59873390197754,-18.09867286682129,0.0044139232486486435,0.1447177678346634,-0.2938012480735779,63200.953
-0.42108023166656494,-0.9826701879501343,10.255562782287598,-30.178983688354492,-16.59873390197754,-18.09867286682129,0.0044139232486486435,0.1447177678346634,-0.2938012480735779,63200.957
-0.42108023166656494,-0.9826701879501343,10.255562782287598,-33.438941955566406,-14.960286140441895,-17.321964263916016,0.0044139232486486435,0.1447177678346634,-0.2938012480735779,63201.0
-0.42108023166656494,-0.9826701879501343,10.255562782287598,-33.438941955566406,-14.960286140441895,-17.321964263916016,0.17272570729255676,0.12341248244047165,-0.15744741261005402,63201.035
-0.4091092050075531,-0.8462006449699402,9.93354320526123,-33.438941955566406,-14.960286140441895,-17.321964263916016,0.17272570729255676,0.12341248244047165,-0.15744741261005402,63201.035
-0.4091092050075531,-0.8462006449699402,9.93354320526123,-34.720054626464844,-13.664393424987793,-17.439271926879883,0.17272570729255676,0.12341248244047165,-0.15744741261005402,63201.086
-0.4091092050075531,-0.8462006449699402,9.93354320526123,-34.720054626464844,-13.664393424987793,-17.439271926879883,0.142898291349411,0.08612822741270065,-0.10631471872329712,63201.094
-0.4067150056362152,-0.8725368976593018,10.110713958740234,-34.720054626464844,-13.664393424987793,-17.439271926879883,0.142898291349411,0.08612822741270065,-0.10631471872329712,63201.098
-0.4067150056362152,-0.8725368976593018,10.110713958740234,-34.720054626464844,-13.664393424987793,-17.439271926879883,0.18870466947555542,0.088258758187294,-0.07968311011791229,63201.164
-0.4629787504673004,-0.8797194957733154,9.653421401977539,-34.720054626464844,-13.664393424987793,-17.439271926879883,0.18870466947555542,0.088258758187294,-0.07968311011791229,63201.17
-0.4629787504673004,-0.8797194957733154,9.653421401977539,-34.73649215698242,-12.854619026184082,-18.04280662536621,0.18870466947555542,0.088258758187294,-0.07968311011791229,63201.17
-0.4629787504673004,-0.8797194957733154,9.653421401977539,-34.73649215698242,-12.854619026184082,-18.04280662536621,0.11946248263120651,0.046713441610336304,-0.07861784845590591,63201.24
-0.5048772692680359,-0.8533832430839539,9.680954933166504,-34.73649215698242,-12.854619026184082,-18.04280662536621,0.11946248263120651,0.046713441610336304,-0.07861784845590591,63201.242
-0.5048772692680359,-0.8533832430839539,9.680954933166504,-34.07145309448242,-12.511544227600098,-18.82506561279297,0.11946248263120651,0.046713441610336304,-0.07861784845590591,63201.246
-0.5048772692680359,-0.8533832430839539,9.680954933166504,-34.07145309448242,-12.511544227600098,-18.82506561279297,0.05874240770936012,0.08293243497610092,-0.1350768655538559,63201.313
-0.4629787504673004,-0.7588123083114624,9.872490882873535,-34.07145309448242,-12.511544227600098,-18.82506561279297,0.05874240770936012,0.08293243497610092,-0.1350768655538559,63201.316
-0.4629787504673004,-0.7588123083114624,9.872490882873535,-33.08062744140625,-12.533506393432617,-19.562572479248047,0.05874240770936012,0.08293243497610092,-0.1350768655538559,63201.324
-0.4629787504673004,-0.7588123083114624,9.872490882873535,-33.08062744140625,-12.533506393432617,-19.562572479248047,0.10774457454681396,0.049909237772226334,-0.12655474245548248,63201.375
-0.6437410116195679,-0.5181950330734253,10.036493301391602,-33.08062744140625,-12.533506393432617,-19.562572479248047,0.10774457454681396,0.049909237772226334,-0.12655474245548248,63201.38
-0.6437410116195679,-0.5181950330734253,10.036493301391602,-32.00663757324219,-12.725460052490234,-20.157451629638672,0.10774457454681396,0.049909237772226334,-0.12655474245548248,63201.402
-0.6437410116195679,-0.5181950330734253,10.036493301391602,-32.00663757324219,-12.725460052490234,-20.157451629638672,0.25581634044647217,0.012624981813132763,-0.07329152524471283,63201.445
-0.5958569645881653,-0.4882675111293793,9.634267807006836,-32.00663757324219,-12.725460052490234,-20.157451629638672,0.25581634044647217,0.012624981813132763,-0.07329152524471283,63201.45
-0.5958569645881653,-0.4882675111293793,9.634267807006836,-31.039548873901367,-13.001839637756348,-20.607690811157227,0.25581634044647217,0.012624981813132763,-0.07329152524471283,63201.484
-0.5958569645881653,-0.4882675111293793,9.634267807006836,-31.039548873901367,-13.001839637756348,-20.607690811157227,0.13544145226478577,-0.03105086088180542,-0.0328114777803421,63201.516
-0.35763388872146606,-0.2680009603500366,9.763554573059082,-31.039548873901367,-13.001839637756348,-20.607690811157227,0.13544145226478577,-0.03105086088180542,-0.0328114777803421,63201.516
-0.35763388872146606,-0.2680009603500366,9.763554573059082,-30.281972885131836,-13.412291526794434,-20.90797233581543,0.13544145226478577,-0.03105086088180542,-0.0328114777803421,63201.563
-0.35763388872146606,-0.2680009603500366,9.763554573059082,-30.281972885131836,-13.412291526794434,-20.90797233581543,0.0065444521605968475,-0.026789803057909012,-0.08181364089250565,63201.598
-0.7179612517356873,-0.1255459487438202,9.946710586547852,-30.281972885131836,-13.412291526794434,-20.90797233581543,0.0065444521605968475,-0.026789803057909012,-0.08181364089250565,63201.6
-0.7179612517356873,-0.1255459487438202,9.946710586547852,-29.74143409729004,-13.945733070373535,-21.060691833496094,0.0065444521605968475,-0.026789803057909012,-0.08181364089250565,63201.645
-0.7179612517356873,-0.1255459487438202,9.946710586547852,-29.74143409729004,-13.945733070373535,-21.060691833496094,0.05447202920913696,-0.003349191276356578,-0.011505921371281147,63201.664
-0.4833294749259949,-0.10519523918628693,10.08198356628418,-29.74143409729004,-13.945733070373535,-21.060691833496094,0.05447202920913696,-0.003349191276356578,-0.011505921371281147,63201.668
-0.4833294749259949,-0.10519523918628693,10.08198356628418,-29.37031364440918,-14.46530532836914,-21.09621238708496,0.05447202920913696,-0.003349191276356578,-0.011505921371281147,63201.723
-0.4833294749259949,-0.10519523918628693,10.08198356628418,-29.37031364440918,-14.46530532836914,-21.09621238708496,0.12051842361688614,-0.05022082477807999,0.03536571189761162,63201.73
-0.36002808809280396,-0.20216040313243866,9.658209800720215,-29.37031364440918,-14.46530532836914,-21.09621238708496,0.12051842361688614,-0.05022082477807999,0.03536571189761162,63201.734
-0.36002808809280396,-0.20216040313243866,9.658209800720215,-29.37031364440918,-14.46530532836914,-21.09621238708496,0.06618993729352951,-0.022523950785398483,-0.024289093911647797,63201.8
-0.5156511664390564,-0.133925661444664,9.973047256469727,-29.37031364440918,-14.46530532836914,-21.09621238708496,0.06618993729352951,-0.022523950785398483,-0.024289093911647797,63201.813
-0.5156511664390564,-0.133925661444664,9.973047256469727,-29.11233901977539,-14.834157943725586,-21.043983459472656,0.06618993729352951,-0.022523950785398483,-0.024289093911647797,63201.816
-0.5156511664390564,-0.133925661444664,9.973047256469727,-29.11233901977539,-14.834157943725586,-21.043983459472656,0.09814786911010742,-0.01613236404955387,-0.043463852256536484,63201.875
-0.5599439144134521,-0.0992097333073616,9.849745750427246,-29.11233901977539,-14.834157943725586,-21.043983459472656,0.09814786911010742,-0.01613236404955387,-0.043463852256536484,63201.883
-0.5599439144134521,-0.0992097333073616,9.849745750427246,-28.95121955871582,-15.04976749420166,-20.943687438964844,0.09814786911010742,-0.01613236404955387,-0.043463852256536484,63201.887
-0.5599439144134521,-0.0992097333073616,9.849745750427246,-28.95121955871582,-15.04976749420166,-20.943687438964844,0.09175628423690796,-0.05554714798927307,0.01619095355272293,63201.945
-0.3073556423187256,-0.02379237860441208,9.876082420349121,-28.95121955871582,-15.04976749420166,-20.943687438964844,0.09175628423690796,-0.05554714798927307,0.01619095355272293,63201.95
-0.3073556423187256,-0.02379237860441208,9.876082420349121,-28.868255615234375,-15.207239151000977,-20.84853744506836,0.09175628423690796,-0.05554714798927307,0.01619095355272293,63201.96
-0.3073556423187256,-0.02379237860441208,9.876082420349121,-28.868255615234375,-15.207239151000977,-20.84853744506836,0.1322363317012787,-0.0960271954536438,-0.04879017546772957,63202.016
-0.38157588243484497,0.14978724718093872,9.763554573059082,-28.868255615234375,-15.207239151000977,-20.84853744506836,0.1322363317012787,-0.0960271954536438,-0.04879017546772957,63202.02
-0.38157588243484497,0.14978724718093872,9.763554573059082,-28.847286224365234,-15.388248443603516,-20.7581844329834,0.1322363317012787,-0.0960271954536438,-0.04879017546772957,63202.043
-0.38157588243484497,0.14978724718093872,9.763554573059082,-28.847286224365234,-15.388248443603516,-20.7581844329834,0.1684553176164627,-0.1471598893404007,0.0023425165563821793,63202.082
-0.09786299616098404,0.295833557844162,9.464279174804688,-28.847286224365234,-15.388248443603516,-20.7581844329834,0.1684553176164627,-0.1471598893404007,0.0023425165563821793,63202.09
-0.09786299616098404,0.295833557844162,9.464279174804688,-28.91781234741211,-15.610650062561035,-20.630279541015625,0.1684553176164627,-0.1471598893404007,0.0023425165563821793,63202.12
-0.09786299616098404,0.295833557844162,9.464279174804688,-28.91781234741211,-15.610650062561035,-20.630279541015625,0.024644626304507256,-0.1940315216779709,0.027908863499760628,63202.156
-0.13617022335529327,0.28625673055648804,9.862914085388184,-28.91781234741211,-15.610650062561035,-20.630279541015625,0.024644626304507256,-0.1940315216779709,0.027908863499760628,63202.16
-0.13617022335529327,0.28625673055648804,9.862914085388184,-29.067562103271484,-15.825289726257324,-20.4520206451416,0.024644626304507256,-0.1940315216779709,0.027908863499760628,63202.203
-0.13617022335529327,0.28625673055648804,9.862914085388184,-29.067562103271484,-15.825289726257324,-20.4520206451416,-0.026490196585655212,-0.047023966908454895,-0.021093035116791725,63202.234
-0.12180501222610474,0.26231473684310913,10.105925559997559,-29.067562103271484,-15.825289726257324,-20.4520206451416,-0.026490196585655212,-0.047023966908454895,-0.021093035116791725,63202.234
-0.12180501222610474,0.26231473684310913,10.105925559997559,-29.22550392150879,-15.985485076904297,-20.252012252807617,-0.026490196585655212,-0.047023966908454895,-0.021093035116791725,63202.285
-0.12180501222610474,0.26231473684310913,10.105925559997559,-29.22550392150879,-15.985485076904297,-20.252012252807617,0.09068889170885086,-0.01932709291577339,-0.010440390557050705,63202.31
-0.10025719553232193,0.2910451292991638,9.655815124511719,-29.22550392150879,-15.985485076904297,-20.252012252807617,0.09068889170885086,-0.01932709291577339,-0.010440390557050705,63202.313
-0.10025719553232193,0.2910451292991638,9.655815124511719,-29.35609245300293,-16.112709045410156,-20.064712524414063,0.09068889170885086,-0.01932709291577339,-0.010440390557050705,63202.363
-0.10025719553232193,0.2910451292991638,9.655815124511719,-29.35609245300293,-16.112709045410156,-20.064712524414063,0.09281942248344421,-0.018261827528476715,0.005538576282560825,63202.375
0.11043255031108856,0.41554364562034607,9.726444244384766,-29.35609245300293,-16.112709045410156,-20.064712524414063,0.09281942248344421,-0.018261827528476715,0.005538576282560825,63202.38
0.11043255031108856,0.41554364562034607,9.726444244384766,-29.35609245300293,-16.112709045410156,-20.064712524414063,0.050208840519189835,-0.0374365895986557,-0.01576671190559864,63202.445
-0.15891513228416443,0.4191349446773529,9.904812812805176,-29.35609245300293,-16.112709045410156,-20.064712524414063,0.050208840519189835,-0.0374365895986557,-0.01576671190559864,63202.453
-0.15891513228416443,0.4191349446773529,9.904812812805176,-29.48900604248047,-16.215497970581055,-19.91231346130371,0.050208840519189835,-0.0374365895986557,-0.01576671190559864,63202.457
-0.15891513228416443,0.4191349446773529,9.904812812805176,-29.48900604248047,-16.215497970581055,-19.91231346130371,0.020381437614560127,-0.054480817168951035,-0.011505655013024807,63202.516
0.06135141849517822,0.44187983870506287,9.831789016723633,-29.48900604248047,-16.215497970581055,-19.91231346130371,0.020381437614560127,-0.054480817168951035,-0.011505655013024807,63202.523
0.06135141849517822,0.44187983870506287,9.831789016723633,-29.6214599609375,-16.26152229309082,-19.806747436523438,0.020381437614560127,-0.054480817168951035,-0.011505655013024807,63202.53
0.06135141849517822,0.44187983870506287,9.831789016723633,-29.6214599609375,-16.26152229309082,-19.806747436523438,-0.0019891150295734406,-0.0054786549881100655,-0.016831977292895317,63202.586
0.17866730690002441,0.4299088418483734,9.81024169921875,-29.6214599609375,-16.26152229309082,-19.806747436523438,-0.0019891150295734406,-0.0054786549881100655,-0.016831977292895317,63202.594
0.17866730690002441,0.4299088418483734,9.81024169921875,-29.694486618041992,-16.254833221435547,-19.74445152282715,-0.0019891150295734406,-0.0054786549881100655,-0.016831977292895317,63202.61
0.17866730690002441,0.4299088418483734,9.81024169921875,-29.694486618041992,-16.254833221435547,-19.74445152282715,-0.006250172853469849,0.031805600970983505,-0.03068041428923607,63202.652
0.19542671740055084,0.4275146424770355,9.774328231811523,-29.694486618041992,-16.254833221435547,-19.74445152282715,-0.006250172853469849,0.031805600970983505,-0.03068041428923607,63202.67
0.19542671740055084,0.4275146424770355,9.774328231811523,-29.724672317504883,-16.249032974243164,-19.7069034576416,-0.006250172853469849,0.031805600970983505,-0.03068041428923607,63202.688
0.19542671740055084,0.4275146424770355,9.774328231811523,-29.724672317504883,-16.249032974243164,-19.7069034576416,-0.013707024045288563,0.0413929782807827,-0.07755205035209656,63202.727
0.1966238170862198,0.4538508653640747,9.84256362915039,-29.724672317504883,-16.249032974243164,-19.7069034576416,-0.013707024045288563,0.0413929782807827,-0.07755205035209656,63202.734
0.1966238170862198,0.4538508653640747,9.84256362915039,-29.761411666870117,-16.294296264648438,-19.68035888671875,-0.013707024045288563,0.0413929782807827,-0.07755205035209656,63202.76
0.1966238170862198,0.4538508653640747,9.84256362915039,-29.761411666870117,-16.294296264648438,-19.68035888671875,-9.376989910379052E-4,-0.006536995060741901,-0.16064241528511047,63202.8
-0.36002808809280396,0.4346972405910492,9.77672290802002,-29.761411666870117,-16.294296264648438,-19.68035888671875,-9.376989910379052E-4,-0.006536995060741901,-0.16064241528511047,63202.81
-0.36002808809280396,0.4346972405910492,9.77672290802002,-29.761018753051758,-16.387975692749023,-19.689071655273438,-9.376989910379052E-4,-0.006536995060741901,-0.16064241528511047,63202.844
-0.36002808809280396,0.4346972405910492,9.77672290802002,-29.761018753051758,-16.387975692749023,-19.689071655273438,0.0065191518515348434,-0.04062545672059059,-0.05624649301171303,63202.863
0.03860650211572647,0.45025956630706787,9.78869342803955,-29.761018753051758,-16.387975692749023,-19.689071655273438,0.0065191518515348434,-0.04062545672059059,-0.05624649301171303,63202.867
0.03860650211572647,0.45025956630706787,9.78869342803955,-29.660486221313477,-16.502729415893555,-19.737638473510742,0.0065191518515348434,-0.04062545672059059,-0.05624649301171303,63202.92
0.03860650211572647,0.45025956630706787,9.78869342803955,-29.660486221313477,-16.502729415893555,-19.737638473510742,0.0075844163075089455,-0.06193074584007263,-0.03707173466682434,63202.957
0.2421136498451233,0.477792888879776,9.690531730651855,-29.660486221313477,-16.502729415893555,-19.737638473510742,0.0075844163075089455,-0.06193074584007263,-0.03707173466682434,63202.957
0.2421136498451233,0.477792888879776,9.690531730651855,-29.523788452148438,-16.621328353881836,-19.762636184692383,0.0075844163075089455,-0.06193074584007263,-0.03707173466682434,63203.004
0.2421136498451233,0.477792888879776,9.690531730651855,-29.523788452148438,-16.621328353881836,-19.762636184692383,-0.027569308876991272,0.0339430533349514,-0.06902966648340225,63203.01
-0.15652093291282654,0.4263175427913666,9.885659217834473,-29.523788452148438,-16.621328353881836,-19.762636184692383,-0.027569308876991272,0.0339430533349514,-0.06902966648340225,63203.016
-0.15652093291282654,0.4263175427913666,9.885659217834473,-29.523788452148438,-16.621328353881836,-19.762636184692383,-0.0073292856104671955,0.0062461779452860355,-0.027484355494379997,63203.082
0.05057751014828682,0.439485639333725,9.770736694335938,-29.523788452148438,-16.621328353881836,-19.762636184692383,-0.0073292856104671955,0.0062461779452860355,-0.027484355494379997,63203.086
0.05057751014828682,0.439485639333725,9.770736694335938,-29.454612731933594,-16.726531982421875,-19.754932403564453,-0.0073292856104671955,0.0062461779452860355,-0.027484355494379997,63203.09
0.05057751014828682,0.439485639333725,9.770736694335938,-29.454612731933594,-16.726531982421875,-19.754932403564453,-0.0030682277865707874,0.024355674162507057,-0.002983273006975651,63203.15
0.03501519933342934,0.43589434027671814,9.850942611694336,-29.454612731933594,-16.726531982421875,-19.754932403564453,-0.0030682277865707874,0.024355674162507057,-0.002983273006975651,63203.156
0.03501519933342934,0.43589434027671814,9.850942611694336,-29.431379318237305,-16.7962646484375,-19.790868759155273,-0.0030682277865707874,0.024355674162507057,-0.002983273006975651,63203.164
0.03501519933342934,0.43589434027671814,9.850942611694336,-29.431379318237305,-16.7962646484375,-19.790868759155273,-0.0051987566985189915,-0.031038077548146248,-0.0019180085510015488,63203.22
0.06853402405977249,0.4346972405910492,9.806650161743164,-29.431379318237305,-16.7962646484375,-19.790868759155273,-0.0051987566985189915,-0.031038077548146248,-0.0019180085510015488,63203.23
0.06853402405977249,0.4346972405910492,9.806650161743164,-29.39344596862793,-16.859996795654297,-19.89002227783203,-0.0051987566985189915,-0.031038077548146248,-0.0019180085510015488,63203.242
0.06853402405977249,0.4346972405910492,9.806650161743164,-29.39344596862793,-16.859996795654297,-19.89002227783203,-0.0020029633305966854,-0.05980021506547928,2.1252025908324867E-4,63203.293
0.1032499447464943,0.4370914399623871,9.856928825378418,-29.39344596862793,-16.859996795654297,-19.89002227783203,-0.0020029633305966854,-0.05980021506547928,2.1252025908324867E-4,63203.3
0.1032499447464943,0.4370914399623871,9.856928825378418,-29.339502334594727,-16.94948387145996,-19.983243942260742,-0.0020029633305966854,-0.05980021506547928,2.1252025908324867E-4,63203.33
0.1032499447464943,0.4370914399623871,9.856928825378418,-29.339502334594727,-16.94948387145996,-19.983243942260742,0.031029554083943367,-0.09389320760965347,0.0012775183422490954,63203.367
0.20021511614322662,0.46821606159210205,9.81143856048584,-29.339502334594727,-16.94948387145996,-19.983243942260742,0.031029554083943367,-0.09389320760965347,0.0012775183422490954,63203.367
0.20021511614322662,0.46821606159210205,9.81143856048584,-29.321584701538086,-17.01706314086914,-19.997440338134766,0.031029554083943367,-0.09389320760965347,0.0012775183422490954,63203.402
0.20021511614322662,0.46821606159210205,9.81143856048584,-29.321584701538086,-17.01706314086914,-19.997440338134766,0.05126957967877388,-0.17698383331298828,0.0034080471377819777,63203.434
0.35344403982162476,0.507720410823822,9.606734275817871,-29.321584701538086,-17.01706314086914,-19.997440338134766,0.05126957967877388,-0.17698383331298828,0.0034080471377819777,63203.434
0.35344403982162476,0.507720410823822,9.606734275817871,-29.398649215698242,-17.060800552368164,-19.90510368347168,0.05126957967877388,-0.17698383331298828,0.0034080471377819777,63203.484
0.35344403982162476,0.507720410823822,9.606734275817871,-29.398649215698242,-17.060800552368164,-19.90510368347168,0.027833761647343636,-0.1301122009754181,0.0034080471377819777,63203.51
0.44681790471076965,0.5316624045372009,9.745597839355469,-29.398649215698242,-17.060800552368164,-19.90510368347168,0.027833761647343636,-0.1301122009754181,0.0034080471377819777,63203.516
0.44681790471076965,0.5316624045372009,9.745597839355469,-29.57180404663086,-17.117483139038086,-19.697689056396484,0.027833761647343636,-0.1301122009754181,0.0034080471377819777,63203.563
0.44681790471076965,0.5316624045372009,9.745597839355469,-29.57180404663086,-17.117483139038086,-19.697689056396484,-9.28377965465188E-4,-0.015063637867569923,-0.004048803821206093,63203.58
0.42527008056640625,0.5256769061088562,9.769539833068848,-29.57180404663086,-17.117483139038086,-19.697689056396484,-9.28377965465188E-4,-0.015063637867569923,-0.004048803821206093,63203.582
0.42527008056640625,0.5256769061088562,9.769539833068848,-29.797813415527344,-17.185623168945313,-19.4268856048584,-9.28377965465188E-4,-0.015063637867569923,-0.004048803821206093,63203.645
0.42527008056640625,0.5256769061088562,9.769539833068848,-29.797813415527344,-17.185623168945313,-19.4268856048584,-0.003058906877413392,-0.0022804648615419865,-0.007244597189128399,63203.652
0.4324526786804199,0.5316624045372009,9.771934509277344,-29.797813415527344,-17.185623168945313,-19.4268856048584,-0.003058906877413392,-0.0022804648615419865,-0.007244597189128399,63203.656
0.4324526786804199,0.5316624045372009,9.771934509277344,-29.797813415527344,-17.185623168945313,-19.4268856048584,-0.00412417110055685,9.153284481726587E-4,0.0012775183422490954,63203.72
0.43005847930908203,0.5364508032798767,9.773131370544434,-29.797813415527344,-17.185623168945313,-19.4268856048584,-0.00412417110055685,9.153284481726587E-4,0.0012775183422490954,63203.723
0.43005847930908203,0.5364508032798767,9.773131370544434,-30.02081871032715,-17.25399398803711,-19.195913314819336,-0.00412417110055685,9.153284481726587E-4,0.0012775183422490954,63203.727
0.43005847930908203,0.5364508032798767,9.773131370544434,-30.02081871032715,-17.25399398803711,-19.195913314819336,-0.00412417110055685,9.153284481726587E-4,-0.005114068277180195,63203.785
0.44083237648010254,0.5400421023368835,9.768342971801758,-30.02081871032715,-17.25399398803711,-19.195913314819336,-0.00412417110055685,9.153284481726587E-4,-0.005114068277180195,63203.79
0.44083237648010254,0.5400421023368835,9.768342971801758,-30.181747436523438,-17.284198760986328,-19.04618263244629,-0.00412417110055685,9.153284481726587E-4,-0.005114068277180195,63203.816
0.44083237648010254,0.5400421023368835,9.768342971801758,-30.181747436523438,-17.284198760986328,-19.04618263244629,-0.00412417110055685,9.153284481726587E-4,-0.004048803821206093,63203.86
0.4504092037677765,0.530465304851532,9.792284965515137,-30.181747436523438,-17.284198760986328,-19.04618263244629,-0.00412417110055685,9.153284481726587E-4,-0.004048803821206093,63203.863
0.4504092037677765,0.530465304851532,9.792284965515137,-30.25642967224121,-17.265451431274414,-18.964893341064453,-0.00412417110055685,9.153284481726587E-4,-0.004048803821206093,63203.883
0.4504092037677765,0.530465304851532,9.792284965515137,-30.25642967224121,-17.265451431274414,-18.964893341064453,-0.004126567859202623,0.001981658162549138,-0.008309861645102501,63203.93
0.4528034031391144,0.5256769061088562,9.791088104248047,-30.25642967224121,-17.265451431274414,-18.964893341064453,-0.004126567859202623,0.001981658162549138,-0.008309861645102501,63203.934
0.4528034031391144,0.5256769061088562,9.791088104248047,-30.2916316986084,-17.227033615112305,-18.932384490966797,-0.004126567859202623,0.001981658162549138,-0.008309861645102501,63203.97
0.4528034031391144,0.5256769061088562,9.791088104248047,-30.2916316986084,-17.227033615112305,-18.932384490966797,-0.001996039180085063,0.001981658162549138,-0.010440390557050705,63204.0
0.4528034031391144,0.530465304851532,9.768342971801758,-30.2916316986084,-17.227033615112305,-18.932384490966797,-0.001996039180085063,0.001981658162549138,-0.010440390557050705,63204.0
0.4528034031391144,0.530465304851532,9.768342971801758,-30.301013946533203,-17.211570739746094,-18.904861450195313,-0.001996039180085063,0.001981658162549138,-0.010440390557050705,63204.043
0.4528034031391144,0.530465304851532,9.768342971801758,-30.301013946533203,-17.211570739746094,-18.904861450195313,-0.003061303636059165,0.00304692261852324,-0.008309861645102501,63204.07
0.4540005028247833,0.5232827067375183,9.781511306762695,-30.301013946533203,-17.211570739746094,-18.904861450195313,-0.003061303636059165,0.00304692261852324,-0.008309861645102501,63204.074
0.4540005028247833,0.5232827067375183,9.781511306762695,-30.263214111328125,-17.25962257385254,-18.8521785736084,-0.003061303636059165,0.00304692261852324,-0.008309861645102501,63204.12
0.4540005028247833,0.5232827067375183,9.781511306762695,-30.263214111328125,-17.25962257385254,-18.8521785736084,-0.003061303636059165,0.0041121868416666985,-0.004048803821206093,63204.152
0.45519760251045227,0.529268205165863,9.7791166305542,-30.263214111328125,-17.25962257385254,-18.8521785736084,-0.003061303636059165,0.0041121868416666985,-0.004048803821206093,63204.156
0.45519760251045227,0.529268205165863,9.7791166305542,-30.235107421875,-17.328495025634766,-18.797910690307617,-0.003061303636059165,0.0041121868416666985,-0.004048803821206093,63204.203
0.45519760251045227,0.529268205165863,9.7791166305542,-30.235107421875,-17.328495025634766,-18.797910690307617,-0.003061303636059165,0.0041121868416666985,-0.006179332733154297,63204.215
0.4659714996814728,0.5340566039085388,9.768342971801758,-30.235107421875,-17.328495025634766,-18.797910690307617,-0.003061303636059165,0.0041121868416666985,-0.006179332733154297,63204.22
0.4659714996814728,0.5340566039085388,9.768342971801758,-30.250186920166016,-17.368928909301758,-18.76187515258789,-0.003061303636059165,0.0041121868416666985,-0.006179332733154297,63204.285
0.4659714996814728,0.5340566039085388,9.768342971801758,-30.250186920166016,-17.368928909301758,-18.76187515258789,-0.004126567859202623,0.0041121868416666985,-0.010440390557050705,63204.29
0.4635773003101349,0.5268740057945251,9.774328231811523,-30.250186920166016,-17.368928909301758,-18.76187515258789,-0.004126567859202623,0.0041121868416666985,-0.010440390557050705,63204.293
0.4635773003101349,0.5268740057945251,9.774328231811523,-30.250186920166016,-17.368928909301758,-18.76187515258789,-0.004126567859202623,0.0041121868416666985,-0.011505655013024807,63204.355
0.4563947021961212,0.530465304851532,9.767146110534668,-30.250186920166016,-17.368928909301758,-18.76187515258789,-0.004126567859202623,0.0041121868416666985,-0.011505655013024807,63204.367
0.4563947021961212,0.530465304851532,9.767146110534668,-30.2746524810791,-17.404277801513672,-18.749927520751953,-0.004126567859202623,0.0041121868416666985,-0.011505655013024807,63204.37
0.4563947021961212,0.530465304851532,9.767146110534668,-30.2746524810791,-17.404277801513672,-18.749927520751953,-0.003061303636059165,0.0051774512976408005,-0.011505655013024807,63204.43
0.45998600125312805,0.5388450026512146,9.780313491821289,-30.2746524810791,-17.404277801513672,-18.749927520751953,-0.003061303636059165,0.0051774512976408005,-0.011505655013024807,63204.434
0.45998600125312805,0.5388450026512146,9.780313491821289,-30.290517807006836,-17.4137020111084,-18.76834487915039,-0.003061303636059165,0.0051774512976408005,-0.011505655013024807,63204.445
0.45998600125312805,0.5388450026512146,9.780313491821289,-30.290517807006836,-17.4137020111084,-18.76834487915039,0.01504126749932766,9.201221400871873E-4,-0.007244330830872059,63204.5
0.4671685993671417,0.5520131587982178,9.740809440612793,-30.290517807006836,-17.4137020111084,-18.76834487915039,0.01504126749932766,9.201221400871873E-4,-0.007244330830872059,63204.504
0.4671685993671417,0.5520131587982178,9.740809440612793,-30.299129486083984,-17.35114288330078,-18.78937339782715,0.01504126749932766,9.201221400871873E-4,-0.007244330830872059,63204.523
0.4671685993671417,0.5520131587982178,9.740809440612793,-30.299129486083984,-17.35114288330078,-18.78937339782715,-0.0073292856104671955,-0.001210406655445695,-0.006179066374897957,63204.57
0.45519760251045227,0.5520131587982178,9.765948295593262,-30.299129486083984,-17.35114288330078,-18.78937339782715,-0.0073292856104671955,-0.001210406655445695,-0.006179066374897957,63204.574
0.45519760251045227,0.5520131587982178,9.765948295593262,-30.294322967529297,-17.274839401245117,-18.774490356445313,-0.0073292856104671955,-0.001210406655445695,-0.006179066374897957,63204.605
0.45519760251045227,0.5520131587982178,9.765948295593262,-30.294322967529297,-17.274839401245117,-18.774490356445313,-0.0051987566985189915,0.0030506509356200695,-0.006179066374897957,63204.64
0.46238020062446594,0.5412392020225525,9.770736694335938,-30.294322967529297,-17.274839401245117,-18.774490356445313,-0.0051987566985189915,0.0030506509356200695,-0.006179066374897957,63204.645
0.46238020062446594,0.5412392020225525,9.770736694335938,-30.275819778442383,-17.240068435668945,-18.720661163330078,-0.0051987566985189915,0.0030506509356200695,-0.006179066374897957,63204.684
0.46238020062446594,0.5412392020225525,9.770736694335938,-30.275819778442383,-17.240068435668945,-18.720661163330078,-0.0051987566985189915,0.0041159153915941715,-0.004048537462949753,63204.715
0.4659714996814728,0.5400421023368835,9.775525093078613,-30.275819778442383,-17.240068435668945,-18.720661163330078,-0.0051987566985189915,0.0041159153915941715,-0.004048537462949753,63204.723
0.4659714996814728,0.5400421023368835,9.775525093078613,-30.254426956176758,-17.24850845336914,-18.642393112182617,-0.0051987566985189915,0.0041159153915941715,-0.004048537462949753,63204.78
0.4659714996814728,0.5400421023368835,9.775525093078613,-30.254426956176758,-17.24850845336914,-18.642393112182617,-0.0041334922425448895,0.0041159153915941715,-0.006179066374897957,63204.79
0.4635773003101349,0.5460276007652283,9.771934509277344,-30.254426956176758,-17.24850845336914,-18.642393112182617,-0.0041334922425448895,0.0041159153915941715,-0.006179066374897957,63204.793
0.4635773003101349,0.5460276007652283,9.771934509277344,-30.244142532348633,-17.284168243408203,-18.551448822021484,-0.0041334922425448895,0.0041159153915941715,-0.006179066374897957,63204.844
0.4635773003101349,0.5460276007652283,9.771934509277344,-30.244142532348633,-17.284168243408203,-18.551448822021484,-0.0041334922425448895,0.0051811798475682735,-0.006179066374897957,63204.85
0.4635773003101349,0.5352537035942078,9.771934509277344,-30.244142532348633,-17.284168243408203,-18.551448822021484,-0.0041334922425448895,0.0051811798475682735,-0.006179066374897957,63204.855
0.4635773003101349,0.5352537035942078,9.771934509277344,-30.244142532348633,-17.284168243408203,-18.551448822021484,-0.0041334922425448895,0.0051811798475682735,-0.007244330830872059,63204.92
0.47075989842414856,0.5364508032798767,9.780313491821289,-30.244142532348633,-17.284168243408203,-18.551448822021484,-0.0041334922425448895,0.0051811798475682735,-0.007244330830872059,63204.926
0.47075989842414856,0.5364508032798767,9.780313491821289,-30.24119758605957,-17.26803207397461,-18.472455978393555,-0.0041334922425448895,0.0051811798475682735,-0.007244330830872059,63204.926
0.47075989842414856,0.5364508032798767,9.780313491821289,-30.24119758605957,-17.26803207397461,-18.472455978393555,-0.0041334922425448895,0.0051811798475682735,-0.007244330830872059,63204.996
0.46477439999580383,0.5448305010795593,9.783905029296875,-30.24119758605957,-17.26803207397461,-18.472455978393555,-0.0041334922425448895,0.0051811798475682735,-0.007244330830872059,63205.04
0.46477439999580383,0.5448305010795593,9.783905029296875,-30.234098434448242,-17.238601684570313,-18.431303024291992,-0.0041334922425448895,0.0051811798475682735,-0.007244330830872059,63205.04
0.46477439999580383,0.5448305010795593,9.783905029296875,-30.234098434448242,-17.238601684570313,-18.431303024291992,-0.0041310954838991165,0.005179848056286573,-0.010440124198794365,63205.07
0.4743511974811554,0.5400421023368835,9.783905029296875,-30.234098434448242,-17.238601684570313,-18.431303024291992,-0.0041310954838991165,0.005179848056286573,-0.010440124198794365,63205.07
0.4743511974811554,0.5400421023368835,9.783905029296875,-30.251157760620117,-17.307619094848633,-18.42461585998535,-0.0041310954838991165,0.005179848056286573,-0.010440124198794365,63205.082
0.4743511974811554,0.5400421023368835,9.783905029296875,-30.251157760620117,-17.307619094848633,-18.42461585998535,-0.0020005665719509125,0.0073103769682347775,-0.011505388654768467,63205.137
0.41210195422172546,0.5065233111381531,9.931148529052734,-30.251157760620117,-17.307619094848633,-18.42461585998535,-0.0020005665719509125,0.0073103769682347775,-0.011505388654768467,63205.137
0.41210195422172546,0.5065233111381531,9.931148529052734,-30.309371948242188,-17.43474006652832,-18.427467346191406,-0.0020005665719509125,0.0073103769682347775,-0.011505388654768467,63205.164
0.41210195422172546,0.5065233111381531,9.931148529052734,-30.309371948242188,-17.43474006652832,-18.427467346191406,0.035283688455820084,-0.03423493728041649,-0.017896974459290504,63205.203
0.5246294736862183,0.5963058471679688,9.66419506072998,-30.309371948242188,-17.43474006652832,-18.427467346191406,0.035283688455820084,-0.03423493728041649,-0.017896974459290504,63205.207
0.5246294736862183,0.5963058471679688,9.66419506072998,-30.392215728759766,-17.51495361328125,-18.42605972290039,0.035283688455820084,-0.03423493728041649,-0.017896974459290504,63205.242
0.5246294736862183,0.5963058471679688,9.66419506072998,-30.392215728759766,-17.51495361328125,-18.42605972290039,-0.017979532480239868,9.187905816361308E-4,-0.008309595286846161,63205.277
0.4887164235115051,0.5532102584838867,9.794678688049316,-30.392215728759766,-17.51495361328125,-18.42605972290039,-0.017979532480239868,9.187905816361308E-4,-0.008309595286846161,63205.28
