-0.18555063009262085,1.7522563934326172,9.495254516601563,29.611635208129883,-12.661744117736816,-13.647920608520508
-0.18555063009262085,1.7522563934326172,9.495254516601563,29.678138732910156,-12.67855453491211,-13.656356811523438
-0.36750996112823486,1.8372504711151123,9.471312522888184,29.678138732910156,-12.67855453491211,-13.656356811523438
-0.36750996112823486,1.8372504711151123,9.471312522888184,29.872095108032227,-12.676276206970215,-13.692483901977539
-0.5746083855628967,1.801337480545044,9.714323997497559,29.872095108032227,-12.676276206970215,-13.692483901977539
-0.5746083855628967,1.801337480545044,9.714323997497559,30.115510940551758,-12.55938720703125,-13.785000801086426
-0.5554547905921936,1.8803461790084839,9.497648239135742,30.115510940551758,-12.55938720703125,-13.785000801086426
-0.5554547905921936,1.8803461790084839,9.497648239135742,30.328338623046875,-12.35442066192627,-13.953003883361816
-0.25498247146606445,1.8707693815231323,9.290550231933594,30.328338623046875,-12.35442066192627,-13.953003883361816
-0.04908113554120064,1.8695722818374634,9.731082916259766,30.328338623046875,-12.35442066192627,-13.953003883361816
-0.04908113554120064,1.8695722818374634,9.731082916259766,30.511341094970703,-12.099686622619629,-14.165931701660156
0.15682020783424377,1.7917606830596924,10.171616554260254,30.511341094970703,-12.099686622619629,-14.165931701660156
0.15682020783424377,1.7917606830596924,10.171616554260254,30.6872615814209,-11.716028213500977,-14.408549308776855
0.8032546639442444,-0.11881226301193237,12.861501693725586,30.6872615814209,-11.716028213500977,-14.408549308776855
0.8032546639442444,-0.11881226301193237,12.861501693725586,30.785842895507813,-11.1746187210083,-14.808077812194824
-0.34356793761253357,1.103427767753601,7.782203197479248,30.785842895507813,-11.1746187210083,-14.808077812194824
-0.34356793761253357,1.103427767753601,7.782203197479248,30.722803115844727,-10.53415584564209,-15.468716621398926
0.047884032130241394,0.7945756912231445,8.756643295288086,30.722803115844727,-10.53415584564209,-15.468716621398926
0.047884032130241394,0.7945756912231445,8.756643295288086,30.597063064575195,-9.899977684020996,-16.198875427246094
0.5135562419891357,0.30137014389038086,10.734253883361816,30.597063064575195,-9.899977684020996,-16.198875427246094
0.5135562419891357,0.30137014389038086,10.734253883361816,30.526029586791992,-9.329339027404785,-16.74471092224121
0.30885201692581177,1.3955203294754028,8.217947959899902,30.526029586791992,-9.329339027404785,-16.74471092224121
0.30885201692581177,1.3955203294754028,8.217947959899902,30.513713836669922,-8.845221519470215,-17.079191207885742
0.6165069341659546,1.5295956134796143,8.621370315551758,30.513713836669922,-8.845221519470215,-17.079191207885742
0.5913678407669067,1.5882534980773926,9.988459587097168,30.513713836669922,-8.845221519470215,-17.079191207885742
0.5913678407669067,1.5882534980773926,9.988459587097168,30.533382415771484,-8.49897289276123,-17.280427932739258
0.2777273952960968,1.943792462348938,9.661651611328125,30.533382415771484,-8.49897289276123,-17.280427932739258
0.2777273952960968,1.943792462348938,9.661651611328125,30.5649356842041,-8.254364013671875,-17.411495208740234
0.2082955539226532,2.216731548309326,9.416245460510254,30.5649356842041,-8.254364013671875,-17.411495208740234
0.2082955539226532,2.216731548309326,9.416245460510254,30.595914840698242,-8.057231903076172,-17.483102798461914
0.39863458275794983,2.2945430278778076,9.290550231933594,30.595914840698242,-8.057231903076172,-17.483102798461914
0.39863458275794983,2.2945430278778076,9.290550231933594,30.62923812866211,-7.913773536682129,-17.47944450378418
0.30047231912612915,2.288557529449463,9.358784675598145,30.62923812866211,-7.913773536682129,-17.47944450378418
0.30047231912612915,2.288557529449463,9.358784675598145,30.67506980895996,-7.825007438659668,-17.424962997436523
0.365115761756897,2.2586300373077393,9.69277572631836,30.67506980895996,-7.825007438659668,-17.424962997436523
0.365115761756897,2.2586300373077393,9.69277572631836,30.769203186035156,-7.82203483581543,-17.341623306274414
-0.7457938194274902,2.8715455532073975,8.369979858398438,30.769203186035156,-7.82203483581543,-17.341623306274414
-0.22744916379451752,-0.5988497138023376,13.923330307006836,30.769203186035156,-7.82203483581543,-17.341623306274414
-0.22744916379451752,-0.5988497138023376,13.923330307006836,30.960296630859375,-7.960428237915039,-17.204269409179688
0.18076223134994507,-0.15233108401298523,9.163657188415527,30.960296630859375,-7.960428237915039,-17.204269409179688
0.18076223134994507,-0.15233108401298523,9.163657188415527,31.211078643798828,-8.238737106323242,-17.019746780395508
-1.1851298809051514,1.4062942266464233,6.902333736419678,31.211078643798828,-8.238737106323242,-17.019746780395508
-1.1851298809051514,1.4062942266464233,6.902333736419678,31.47539710998535,-8.694568634033203,-16.726333618164063
-0.2322375625371933,0.10863690078258514,11.982830047607422,31.47539710998535,-8.694568634033203,-16.726333618164063
-0.2322375625371933,0.10863690078258514,11.982830047607422,31.819177627563477,-9.434443473815918,-16.117897033691406
0.6009446382522583,0.9980828166007996,8.125770568847656,31.819177627563477,-9.434443473815918,-16.117897033691406
0.6009446382522583,0.9980828166007996,8.125770568847656,32.20857620239258,-10.395254135131836,-15.290148735046387
0.06464344263076782,1.5068507194519043,8.51602554321289,32.20857620239258,-10.395254135131836,-15.290148735046387
0.06464344263076782,1.5068507194519043,8.51602554321289,32.45341491699219,-11.412459373474121,-14.612740516662598
-0.1951274424791336,1.1668740510940552,10.554688453674316,32.45341491699219,-11.412459373474121,-14.612740516662598
-0.1951274424791336,1.1668740510940552,10.554688453674316,32.49972152709961,-12.37161922454834,-14.216031074523926
-0.33039984107017517,1.9868881702423096,9.18281078338623,32.49972152709961,-12.37161922454834,-14.216031074523926
-0.33039984107017517,1.9868881702423096,9.18281078338623,32.44346237182617,-13.114089012145996,-14.040726661682129
-0.4704606235027313,2.41545033454895,9.568277359008789,32.44346237182617,-13.114089012145996,-14.040726661682129
-0.1041477769613266,2.598606586456299,9.265411376953125,32.44346237182617,-13.114089012145996,-14.040726661682129
-0.1041477769613266,2.598606586456299,9.265411376953125,32.36729049682617,-13.516251564025879,-14.039437294006348
0.013168109580874443,2.6572647094726563,9.11697006225586,32.36729049682617,-13.516251564025879,-14.039437294006348
0.013168109580874443,2.6572647094726563,9.11697006225586,32.30599594116211,-13.577940940856934,-14.204429626464844
-0.06584054976701736,2.2933459281921387,9.389909744262695,32.30599594116211,-13.577940940856934,-14.204429626464844
-0.06584054976701736,2.2933459281921387,9.389909744262695,32.3055305480957,-13.366045951843262,-14.47406005859375
0.41778820753097534,-0.21458032727241516,14.389002799987793,32.3055305480957,-13.366045951843262,-14.47406005859375
0.41778820753097534,-0.21458032727241516,14.389002799987793,32.37544631958008,-12.958215713500977,-14.798025131225586
0.2106897532939911,0.7431003451347351,7.52123498916626,32.37544631958008,-12.958215713500977,-14.798025131225586
0.2106897532939911,0.7431003451347351,7.52123498916626,32.43214797973633,-12.463310241699219,-15.174534797668457
0.4991910457611084,0.6976104974746704,8.567501068115234,32.43214797973633,-12.463310241699219,-15.174534797668457
0.4991910457611084,0.6976104974746704,8.567501068115234,32.4878044128418,-12.00004768371582,-15.468610763549805
-0.9612720012664795,1.1453262567520142,9.838822364807129,32.4878044128418,-12.00004768371582,-15.468610763549805
-0.9612720012664795,1.1453262567520142,9.838822364807129,32.64741516113281,-11.552879333496094,-15.566131591796875
-1.3395558595657349,2.440589427947998,7.312939643859863,32.64741516113281,-11.552879333496094,-15.566131591796875
-0.790086567401886,2.3376386165618896,9.215132713317871,32.64741516113281,-11.552879333496094,-15.566131591796875
-0.790086567401886,2.3376386165618896,9.215132713317871,32.9570426940918,-11.020463943481445,-15.459745407104492
-0.5626373887062073,2.4286184310913086,9.838822364807129,32.9570426940918,-11.020463943481445,-15.459745407104492
-0.5626373887062073,2.4286184310913086,9.838822364807129,33.3430061340332,-10.371282577514648,-15.211055755615234
-0.6045359373092651,2.6716299057006836,9.447370529174805,33.3430061340332,-10.371282577514648,-15.211055755615234
-0.6045359373092651,2.6716299057006836,9.447370529174805,33.6807746887207,-9.654631614685059,-14.951879501342773
-0.7972691655158997,2.634519577026367,9.629329681396484,33.6807746887207,-9.654631614685059,-14.951879501342773
-0.7972691655158997,2.634519577026367,9.629329681396484,33.96165084838867,-8.998139381408691,-14.730754852294922
-0.6177040338516235,2.5399487018585205,9.719112396240234,33.96165084838867,-8.998139381408691,-14.730754852294922
-0.6177040338516235,2.5399487018585205,9.719112396240234,34.217491149902344,-8.533329010009766,-14.522088050842285
-0.3878606855869293,2.6261398792266846,9.769390106201172,34.217491149902344,-8.533329010009766,-14.522088050842285
-0.3878606855869293,2.6261398792266846,9.769390106201172,34.460205078125,-8.301565170288086,-14.327690124511719
0.2585737705230713,1.171662449836731,11.586589813232422,34.460205078125,-8.301565170288086,-14.327690124511719
0.2585737705230713,1.171662449836731,11.586589813232422,34.67335510253906,-8.235231399536133,-14.211576461791992
-0.17238251864910126,0.5455787181854248,9.729886054992676,34.67335510253906,-8.235231399536133,-14.211576461791992
-1.9333178997039795,0.6401496529579163,8.05394458770752,34.67335510253906,-8.235231399536133,-14.211576461791992
-1.9333178997039795,0.6401496529579163,8.05394458770752,34.76420593261719,-8.195052146911621,-14.287805557250977
-1.7334020137786865,-0.024241292849183083,10.91142463684082,34.76420593261719,-8.195052146911621,-14.287805557250977
-1.7334020137786865,-0.024241292849183083,10.91142463684082,34.76216506958008,-8.076346397399902,-14.548026084899902
-0.6440402865409851,0.8951321840286255,8.53877067565918,34.76216506958008,-8.076346397399902,-14.548026084899902
-0.6440402865409851,0.8951321840286255,8.53877067565918,34.75740432739258,-7.861156463623047,-14.902341842651367
-0.090979665517807,1.415871024131775,8.385541915893555,34.75740432739258,-7.861156463623047,-14.902341842651367
-0.090979665517807,1.415871024131775,8.385541915893555,34.67805862426758,-7.708468437194824,-15.412907600402832
0.1735796183347702,1.193210244178772,9.443778991699219,34.67805862426758,-7.708468437194824,-15.412907600402832
0.1735796183347702,1.193210244178772,9.443778991699219,34.48807144165039,-7.888034343719482,-16.061983108520508
0.3998316824436188,1.2039841413497925,9.751434326171875,34.48807144165039,-7.888034343719482,-16.061983108520508
0.3998316824436188,1.2039841413497925,9.751434326171875,34.21686935424805,-8.479409217834473,-16.648717880249023
0.20350714027881622,1.8408418893814087,9.774178504943848,34.21686935424805,-8.479409217834473,-16.648717880249023
0.20350714027881622,1.8408418893814087,9.774178504943848,33.91107940673828,-9.29885482788086,-17.056541442871094
0.13168109953403473,2.0084359645843506,10.02796459197998,33.91107940673828,-9.29885482788086,-17.056541442871094
1.0115501880645752,2.524386405944824,9.365967750549316,33.91107940673828,-9.29885482788086,-17.056541442871094
1.0115501880645752,2.524386405944824,9.365967750549316,33.698795318603516,-10.122740745544434,-17.26519012451172
0.5566518902778625,0.5467758178710938,13.837139129638672,33.698795318603516,-10.122740745544434,-17.26519012451172
0.5566518902778625,0.5467758178710938,13.837139129638672,33.63092803955078,-10.868131637573242,-17.27143096923828
0.33039984107017517,0.7754220962524414,9.373149871826172,33.63092803955078,-10.868131637573242,-17.27143096923828
0.33039984107017517,0.7754220962524414,9.373149871826172,33.64546203613281,-11.428473472595215,-17.204509735107422
0.48482584953308105,0.7694365978240967,7.407510280609131,33.64546203613281,-11.428473472595215,-17.204509735107422
0.48482584953308105,0.7694365978240967,7.407510280609131,33.655242919921875,-11.665796279907227,-17.272602081298828
0.24181437492370605,0.6114192605018616,8.776993751525879,33.655242919921875,-11.665796279907227,-17.272602081298828
0.24181437492370605,0.6114192605018616,8.776993751525879,33.63606262207031,-11.660629272460938,-17.457679748535156
0.11252748221158981,1.0184335708618164,9.157671928405762,33.63606262207031,-11.660629272460938,-17.457679748535156
0.11252748221158981,1.0184335708618164,9.157671928405762,33.62335205078125,-11.61490249633789,-17.645496368408203
0.3687070608139038,0.8747814297676086,10.329633712768555,33.62335205078125,-11.61490249633789,-17.645496368408203
0.3687070608139038,0.8747814297676086,10.329633712768555,33.59975051879883,-11.633088111877441,-17.813936233520508
0.18555063009262085,1.4661492109298706,9.79333209991455,33.59975051879883,-11.633088111877441,-17.813936233520508
0.25258827209472656,1.979705572128296,9.253439903259277,33.59975051879883,-11.633088111877441,-17.813936233520508
0.25258827209472656,1.979705572128296,9.253439903259277,33.56736755371094,-11.760674476623535,-17.89029312133789
0.21188685297966003,2.3795371055603027,8.980501174926758,33.56736755371094,-11.760674476623535,-17.89029312133789
0.21188685297966003,2.3795371055603027,8.980501174926758,33.561946868896484,-12.030723571777344,-17.81682586669922
0.24779987335205078,2.439392328262329,8.949376106262207,33.561946868896484,-12.030723571777344,-17.81682586669922
0.24779987335205078,2.439392328262329,8.949376106262207,33.59522247314453,-12.364839553833008,-17.62036895751953
0.18914192914962769,2.4561517238616943,9.009231567382813,33.59522247314453,-12.364839553833008,-17.62036895751953
0.18914192914962769,2.4561517238616943,9.009231567382813,33.698123931884766,-12.688157081604004,-17.32158088684082
0.09696517139673233,2.1927895545959473,9.946560859680176,33.698123931884766,-12.688157081604004,-17.32158088684082
0.09696517139673233,2.1927895545959473,9.946560859680176,33.86339569091797,-13.082523345947266,-16.950590133666992
-1.2509703636169434,3.2929251194000244,7.8145246505737305,33.86339569091797,-13.082523345947266,-16.950590133666992
-1.2509703636169434,3.2929251194000244,7.8145246505737305,34.03398513793945,-13.638952255249023,-16.51133918762207
-0.9002198576927185,-0.09247604012489319,15.404144287109375,34.03398513793945,-13.638952255249023,-16.51133918762207
-0.9002198576927185,-0.09247604012489319,15.404144287109375,34.18159103393555,-14.344079971313477,-15.953234672546387
0.21308395266532898,1.007659673690796,7.5511627197265625,34.18159103393555,-14.344079971313477,-15.953234672546387
-1.3706804513931274,1.3524247407913208,8.996063232421875,34.18159103393555,-14.344079971313477,-15.953234672546387
-1.3706804513931274,1.3524247407913208,8.996063232421875,34.28075408935547,-15.137349128723145,-15.308636665344238
-0.43694180250167847,1.0088567733764648,9.403077125549316,34.28075408935547,-15.137349128723145,-15.308636665344238
-0.43694180250167847,1.0088567733764648,9.403077125549316,34.32890319824219,-15.89815616607666,-14.659607887268066
-0.5997475385665894,1.8384475708007813,8.046762466430664,34.32890319824219,-15.89815616607666,-14.659607887268066
-0.5997475385665894,1.8384475708007813,8.046762466430664,34.33490753173828,-16.542335510253906,-14.062715530395508
-0.8355764150619507,1.776198387145996,9.211541175842285,34.33490753173828,-16.542335510253906,-14.062715530395508
-0.8355764150619507,1.776198387145996,9.211541175842285,34.261863708496094,-17.04453468322754,-13.650123596191406
-0.7086837291717529,2.1616649627685547,9.593416213989258,34.261863708496094,-17.04453468322754,-13.650123596191406
-0.7086837291717529,2.1616649627685547,9.593416213989258,34.15727615356445,-17.321773529052734,-13.497953414916992
-0.22625206410884857,2.289754629135132,9.744251251220703,34.15727615356445,-17.321773529052734,-13.497953414916992
-0.22625206410884857,2.289754629135132,9.744251251220703,34.0913200378418,-17.345964431762695,-13.566265106201172
-0.0071826050989329815,2.3579893112182617,9.521590232849121,34.0913200378418,-17.345964431762695,-13.566265106201172
-0.0071826050989329815,2.3579893112182617,9.521590232849121,34.02387619018555,-17.13728904724121,-13.883064270019531
0.047884032130241394,2.3903110027313232,9.304915428161621,34.02387619018555,-17.13728904724121,-13.883064270019531
-0.0011971008498221636,3.1540615558624268,9.134926795959473,34.02387619018555,-17.13728904724121,-13.883064270019531
-0.0011971008498221636,3.1540615558624268,9.134926795959473,33.91134262084961,-16.693754196166992,-14.470268249511719
0.6967126727104187,-0.023044191300868988,12.837559700012207,33.91134262084961,-16.693754196166992,-14.470268249511719
0.6967126727104187,-0.023044191300868988,12.837559700012207,33.75830841064453,-16.08563995361328,-15.23532772064209
0.6775590777397156,-0.25647884607315063,10.396671295166016,33.75830841064453,-16.08563995361328,-15.23532772064209
0.6775590777397156,-0.25647884607315063,10.396671295166016,33.50900650024414,-15.329608917236328,-16.148324966430664
0.02992752194404602,1.3476362228393555,6.372018337249756,33.50900650024414,-15.329608917236328,-16.148324966430664
0.02992752194404602,1.3476362228393555,6.372018337249756,33.147613525390625,-14.44640064239502,-17.10794448852539
0.5494692921638489,-0.08170213550329208,10.557083129882813,33.147613525390625,-14.44640064239502,-17.10794448852539
0.5494692921638489,-0.08170213550329208,10.557083129882813,32.878456115722656,-13.6278076171875,-17.78439712524414
-0.028730420395731926,0.9956886172294617,9.230694770812988,32.878456115722656,-13.6278076171875,-17.78439712524414
-0.028730420395731926,0.9956886172294617,9.230694770812988,32.79735565185547,-12.95263385772705,-18.05148696899414
0.1388636976480484,1.5379753112792969,8.373570442199707,32.79735565185547,-12.95263385772705,-18.05148696899414
0.1388636976480484,1.5379753112792969,8.373570442199707,32.79737854003906,-12.4136323928833,-18.02895736694336
0.5111620426177979,1.393126130104065,10.05310344696045,32.79737854003906,-12.4136323928833,-18.02895736694336
0.5315127968788147,1.6469115018844604,9.822062492370605,32.79737854003906,-12.4136323928833,-18.02895736694336
0.5315127968788147,1.6469115018844604,9.822062492370605,32.869136810302734,-12.029868125915527,-17.831327438354492
0.23942017555236816,1.9509750604629517,9.498846054077148,32.869136810302734,-12.029868125915527,-17.831327438354492
0.23942017555236816,1.9509750604629517,9.498846054077148,33.043426513671875,-11.74672794342041,-17.572694778442383
0.008379706181585789,1.9306243658065796,9.589825630187988,33.043426513671875,-11.74672794342041,-17.572694778442383
0.008379706181585789,1.9306243658065796,9.589825630187988,33.27342224121094,-11.551200866699219,-17.278396606445313
-0.22864626348018646,1.8839374780654907,9.69397258758545,33.27342224121094,-11.551200866699219,-17.278396606445313
-0.22864626348018646,1.8839374780654907,9.69397258758545,33.52573013305664,-11.452717781066895,-16.9016056060791
-0.33039984107017517,1.9617490768432617,9.491662979125977,33.52573013305664,-11.452717781066895,-16.9016056060791
-0.33039984107017517,1.9617490768432617,9.491662979125977,33.796485900878906,-11.477813720703125,-16.44453239440918
-0.48602294921875,3.0535049438476563,7.903110027313232,33.796485900878906,-11.477813720703125,-16.44453239440918
-0.48602294921875,3.0535049438476563,7.903110027313232,33.99770736694336,-11.763157844543457,-15.948878288269043
-0.2717418968677521,-0.6670844554901123,14.365060806274414,33.99770736694336,-11.763157844543457,-15.948878288269043
0.8212111592292786,-0.6670844554901123,10.87910270690918,33.99770736694336,-11.763157844543457,-15.948878288269043
0.8212111592292786,-0.6670844554901123,10.87910270690918,34.04340744018555,-12.306005477905273,-15.450438499450684
-0.8140285611152649,1.4481927156448364,5.829731464385986,34.04340744018555,-12.306005477905273,-15.450438499450684
-0.8140285611152649,1.4481927156448364,5.829731464385986,33.981040954589844,-12.922110557556152,-14.983356475830078
-1.8411411046981812,-0.008678981103003025,11.498003959655762,33.981040954589844,-12.922110557556152,-14.983356475830078
-1.8411411046981812,-0.008678981103003025,11.498003959655762,33.91240692138672,-13.566705703735352,-14.499995231628418
-1.1623848676681519,0.5491700172424316,9.65686321258545,33.91240692138672,-13.566705703735352,-14.499995231628418
-1.1623848676681519,0.5491700172424316,9.65686321258545,33.92033767700195,-14.229269981384277,-13.881856918334961
-0.1951274424791336,1.558326005935669,7.045986175537109,33.92033767700195,-14.229269981384277,-13.881856918334961
-0.1951274424791336,1.558326005935669,7.045986175537109,33.96327209472656,-14.835238456726074,-13.247485160827637
0.15083470940589905,1.4493898153305054,9.069086074829102,33.96327209472656,-14.835238456726074,-13.247485160827637
0.15083470940589905,1.4493898153305054,9.069086074829102,33.89895248413086,-15.384943962097168,-12.904143333435059
0.1975216418504715,1.53438401222229,9.992051124572754,33.89895248413086,-15.384943962097168,-12.904143333435059
0.1975216418504715,1.53438401222229,9.992051124572754,33.69717025756836,-15.807208061218262,-12.990458488464355
0.08140286058187485,2.091035842895508,9.72629451751709,33.69717025756836,-15.807208061218262,-12.990458488464355
0.02992752194404602,2.2526445388793945,10.181193351745605,33.69717025756836,-15.807208061218262,-12.990458488464355
0.02992752194404602,2.2526445388793945,10.181193351745605,33.420196533203125,-15.944803237915039,-13.438087463378906
0.24899697303771973,2.0551228523254395,10.584615707397461,33.420196533203125,-15.944803237915039,-13.438087463378906
0.24899697303771973,2.0551228523254395,10.584615707397461,33.096153259277344,-15.72950267791748,-14.118127822875977
0.6572083830833435,2.373551607131958,9.771784782409668,33.096153259277344,-15.72950267791748,-14.118127822875977
0.6572083830833435,2.373551607131958,9.771784782409668,32.73955154418945,-15.190337181091309,-14.931253433227539
1.2401964664459229,0.44262802600860596,11.823615074157715,32.73955154418945,-15.190337181091309,-14.931253433227539
1.2401964664459229,0.44262802600860596,11.823615074157715,32.36376190185547,-14.438271522521973,-15.828425407409668
1.1803414821624756,0.22355858981609344,9.162460327148438,32.36376190185547,-14.438271522521973,-15.828425407409668
1.1803414821624756,0.22355858981609344,9.162460327148438,31.954221725463867,-13.568451881408691,-16.78607940673828
1.3491326570510864,0.6605004072189331,7.030423641204834,31.954221725463867,-13.568451881408691,-16.78607940673828
1.3491326570510864,0.6605004072189331,7.030423641204834,31.57664680480957,-12.674367904663086,-17.673768997192383
1.1971008777618408,0.20799627900123596,10.256610870361328,31.57664680480957,-12.674367904663086,-17.673768997192383
0.6548141837120056,0.8915408849716187,8.838046073913574,31.57664680480957,-12.674367904663086,-17.673768997192383
0.4082113802433014,1.4793174266815186,7.804947853088379,31.57664680480957,-12.674367904663086,-17.673768997192383
0.4082113802433014,1.4793174266815186,7.804947853088379,31.363313674926758,-11.821969032287598,-18.29458236694336
0.33518823981285095,1.7738041877746582,7.049577236175537,31.363313674926758,-11.821969032287598,-18.29458236694336
0.3471592366695404,1.9114707708358765,6.892756938934326,31.363313674926758,-11.821969032287598,-18.29458236694336
0.36990416049957275,1.9162591695785522,7.354837894439697,31.363313674926758,-11.821969032287598,-18.29458236694336
0.30047231912612915,1.9413982629776,8.251466751098633,31.363313674926758,-11.821969032287598,-18.29458236694336
0.30047231912612915,1.9413982629776,8.251466751098633,31.328386306762695,-10.985018730163574,-18.566070556640625
0.3519476354122162,1.9952678680419922,9.066692352294922,31.328386306762695,-10.985018730163574,-18.566070556640625
0.4728548228740692,1.9402011632919312,9.59940242767334,31.328386306762695,-10.985018730163574,-18.566070556640625
0.569819986820221,1.9066823720932007,9.652074813842773,31.328386306762695,-10.985018730163574,-18.566070556640625
0.7110779285430908,1.8288707733154297,9.677213668823242,31.328386306762695,-10.985018730163574,-18.566070556640625
0.7110779285430908,1.8288707733154297,9.677213668823242,31.393831253051758,-10.180912017822266,-18.501506805419922
0.7637503147125244,1.7474679946899414,9.990854263305664,31.393831253051758,-10.180912017822266,-18.501506805419922
0.7781155705451965,1.7462708950042725,10.315268516540527,31.393831253051758,-10.180912017822266,-18.501506805419922
0.6655880808830261,1.8348562717437744,10.44814682006836,31.393831253051758,-10.180912017822266,-18.501506805419922
0.5638344883918762,1.9114707708358765,10.366744041442871,31.393831253051758,-10.180912017822266,-18.501506805419922
0.5638344883918762,1.9114707708358765,10.366744041442871,31.51899528503418,-9.394966125488281,-18.20675277709961
0.35075053572654724,2.025195360183716,10.039935111999512,31.51899528503418,-9.394966125488281,-18.20675277709961
0.22385786473751068,2.107795238494873,9.796923637390137,31.51899528503418,-9.394966125488281,-18.20675277709961
0.26575639843940735,2.091035842895508,9.810091972351074,31.51899528503418,-9.394966125488281,-18.20675277709961
0.38067805767059326,2.045546054840088,9.831639289855957,31.51899528503418,-9.394966125488281,-18.20675277709961
0.38067805767059326,2.045546054840088,9.831639289855957,31.705638885498047,-8.616570472717285,-17.827415466308594
0.3411737382411957,2.0575170516967773,9.874734878540039,31.705638885498047,-8.616570472717285,-17.827415466308594
0.16400282084941864,2.0706851482391357,9.94057559967041,31.705638885498047,-8.616570472717285,-17.827415466308594
0.07182604819536209,1.9473837614059448,9.88431167602539,31.705638885498047,-8.616570472717285,-17.827415466308594
-0.06823474913835526,1.802534580230713,9.948955535888672,31.705638885498047,-8.616570472717285,-17.827415466308594
-0.06823474913835526,1.802534580230713,9.948955535888672,31.95068359375,-7.962879180908203,-17.408552169799805
-0.09935937076807022,1.8468273878097534,10.190770149230957,31.95068359375,-7.962879180908203,-17.408552169799805
-0.05386953800916672,2.5184009075164795,9.500042915344238,31.95068359375,-7.962879180908203,-17.408552169799805
-0.8786720037460327,2.644096612930298,8.136545181274414,31.95068359375,-7.962879180908203,-17.408552169799805
-1.5897499322891235,1.8061258792877197,7.891139030456543,31.95068359375,-7.962879180908203,-17.408552169799805
-1.5897499322891235,1.8061258792877197,7.891139030456543,32.2410888671875,-7.572381496429443,-16.905261993408203
-1.5897499322891235,1.8061258792877197,7.891139030456543,32.57815170288086,-7.533346652984619,-16.246841430664063
-0.2693476974964142,1.5188217163085938,5.660940170288086,32.57815170288086,-7.533346652984619,-16.246841430664063
-0.6596025824546814,2.0048446655273438,4.7870564460754395,32.57815170288086,-7.533346652984619,-16.246841430664063
-0.6596025824546814,2.0048446655273438,4.7870564460754395,32.928504943847656,-7.826603889465332,-15.479714393615723
-0.7733271718025208,1.6684592962265015,5.443068027496338,32.928504943847656,-7.826603889465332,-15.479714393615723
-1.315613865852356,0.5790975093841553,7.869591236114502,32.928504943847656,-7.826603889465332,-15.479714393615723
-1.8638859987258911,-0.31034839153289795,11.201123237609863,32.928504943847656,-7.826603889465332,-15.479714393615723
-1.6124948263168335,-0.651522159576416,14.49315071105957,32.928504943847656,-7.826603889465332,-15.479714393615723
-1.6124948263168335,-0.651522159576416,14.49315071105957,33.207603454589844,-8.352474212646484,-14.73005199432373
-0.9804255962371826,-0.6443395614624023,15.243732452392578,33.207603454589844,-8.352474212646484,-14.73005199432373
-0.9217676520347595,-0.26485857367515564,12.309638023376465,33.207603454589844,-8.352474212646484,-14.73005199432373
-1.0582371950149536,0.38397011160850525,8.853608131408691,33.207603454589844,-8.352474212646484,-14.73005199432373
-1.070208191871643,1.1668740510940552,6.539612293243408,33.207603454589844,-8.352474212646484,-14.73005199432373
-1.070208191871643,1.1668740510940552,6.539612293243408,33.43041229248047,-8.967813491821289,-13.963929176330566
-0.8774749040603638,1.6026188135147095,5.250334739685059,33.43041229248047,-8.967813491821289,-13.963929176330566
-0.8619126081466675,1.7965490818023682,5.590311527252197,33.43041229248047,-8.967813491821289,-13.963929176330566
-0.7948749661445618,1.7091606855392456,7.1716814041137695,33.43041229248047,-8.967813491821289,-13.963929176330566
-0.7038952708244324,1.5631144046783447,8.343643188476563,33.43041229248047,-8.967813491821289,-13.963929176330566
-0.7038952708244324,1.5631144046783447,8.343643188476563,33.631710052490234,-9.545310020446777,-13.201394081115723
-0.7194576263427734,1.5176246166229248,9.041553497314453,33.631710052490234,-9.545310020446777,-13.201394081115723
-0.8212111592292786,1.5092449188232422,9.5670804977417,33.631710052490234,-9.545310020446777,-13.201394081115723
-0.8822633028030396,1.492485523223877,9.93937873840332,33.631710052490234,-9.545310020446777,-13.201394081115723
-0.7481880187988281,1.3835493326187134,10.298508644104004,33.631710052490234,-9.545310020446777,-13.201394081115723
-0.7481880187988281,1.3835493326187134,10.298508644104004,33.7334098815918,-10.089385986328125,-12.674001693725586
-0.49320554733276367,1.456572413444519,10.582221984863281,33.7334098815918,-10.089385986328125,-12.674001693725586
-0.4141969084739685,1.5942391157150269,10.670806884765625,33.7334098815918,-10.089385986328125,-12.674001693725586
-0.3100491166114807,1.8276736736297607,10.201543807983398,33.7334098815918,-10.089385986328125,-12.674001693725586
-0.25737667083740234,2.039560556411743,9.614964485168457,33.7334098815918,-10.089385986328125,-12.674001693725586
-0.25737667083740234,2.039560556411743,9.614964485168457,33.69317626953125,-10.575778007507324,-12.503528594970703
-0.1388636976480484,2.225111246109009,9.393500328063965,33.69317626953125,-10.575778007507324,-12.503528594970703
-0.1041477769613266,2.2957401275634766,9.406668663024902,33.69317626953125,-10.575778007507324,-12.503528594970703
0.04668693244457245,2.310105323791504,9.707140922546387,33.69317626953125,-10.575778007507324,-12.503528594970703
0.061052143573760986,2.3244705200195313,9.789741516113281,33.69317626953125,-10.575778007507324,-12.503528594970703
0.061052143573760986,2.3244705200195313,9.789741516113281,33.56837463378906,-10.897095680236816,-12.60324478149414
-0.03711012750864029,2.3005285263061523,9.862764358520508,33.56837463378906,-10.897095680236816,-12.60324478149414
-0.11611878126859665,2.3136966228485107,9.792135238647461,33.56837463378906,-10.897095680236816,-12.60324478149414
-0.02513911761343479,2.2478561401367188,9.854384422302246,33.56837463378906,-10.897095680236816,-12.60324478149414
0.0933738648891449,2.180818557739258,9.99683952331543,33.56837463378906,-10.897095680236816,-12.60324478149414
0.0933738648891449,2.180818557739258,9.99683952331543,33.3784065246582,-10.976990699768066,-12.894740104675293
0.02513911761343479,2.130540132522583,10.17879867553711,33.3784065246582,-10.976990699768066,-12.894740104675293
0.043095629662275314,2.354398012161255,10.201543807983398,33.3784065246582,-10.976990699768066,-12.894740104675293
0.04189852997660637,2.5890297889709473,9.7837553024292,33.3784065246582,-10.976990699768066,-12.894740104675293
0.1975216418504715,2.17842435836792,9.540743827819824,33.3784065246582,-10.976990699768066,-12.894740104675293
0.1975216418504715,2.17842435836792,9.540743827819824,33.11243438720703,-10.777311325073242,-13.376832962036133
0.973242998123169,1.4398130178451538,10.20872688293457,33.11243438720703,-10.777311325073242,-13.376832962036133
1.523909330368042,0.7981669902801514,11.503989219665527,33.11243438720703,-10.777311325073242,-13.376832962036133
1.502361536026001,0.34685996174812317,11.865513801574707,33.11243438720703,-10.777311325073242,-13.376832962036133
1.1432312726974487,0.07870937883853912,11.641655921936035,33.11243438720703,-10.777311325073242,-13.376832962036133
1.1432312726974487,0.07870937883853912,11.641655921936035,32.81333923339844,-10.35167121887207,-14.01122760772705
1.0079588890075684,0.08708908408880234,11.395052909851074,32.81333923339844,-10.35167121887207,-14.01122760772705
1.0630255937576294,0.12419921159744263,10.709115028381348,32.81333923339844,-10.35167121887207,-14.01122760772705
0.9696516990661621,0.4007295072078705,9.502436637878418,32.81333923339844,-10.35167121887207,-14.01122760772705
0.7362170219421387,0.8113350868225098,8.190414428710938,32.81333923339844,-10.35167121887207,-14.01122760772705
0.7362170219421387,0.8113350868225098,8.190414428710938,32.45040512084961,-9.778656005859375,-14.790721893310547
0.6344634294509888,1.1584943532943726,7.087884426116943,32.45040512084961,-9.778656005859375,-14.790721893310547
0.690727174282074,1.370381236076355,6.7526960372924805,32.45040512084961,-9.778656005859375,-14.790721893310547
0.790086567401886,1.2458827495574951,7.172878742218018,32.45040512084961,-9.778656005859375,-14.790721893310547
1.0630255937576294,0.905906081199646,8.081478118896484,32.45040512084961,-9.778656005859375,-14.790721893310547
1.0630255937576294,0.905906081199646,8.081478118896484,32.00511169433594,-9.116724014282227,-15.674907684326172
1.1887211799621582,0.4653729498386383,9.263016700744629,32.00511169433594,-9.116724014282227,-15.674907684326172
0.8738836050033569,0.18285715579986572,10.298508644104004,32.00511169433594,-9.116724014282227,-15.674907684326172
0.39624038338661194,0.24151510000228882,10.925789833068848,32.00511169433594,-9.116724014282227,-15.674907684326172
0.17717093229293823,0.5743091106414795,11.1149320602417,32.00511169433594,-9.116724014282227,-15.674907684326172
0.17717093229293823,0.5743091106414795,11.1149320602417,31.625133514404297,-8.485629081726074,-16.392820358276367
0.05027823522686958,0.987308919429779,10.355969429016113,31.625133514404297,-8.485629081726074,-16.392820358276367
-0.21547815203666687,1.4793174266815186,8.958952903747559,31.625133514404297,-8.485629081726074,-16.392820358276367
-0.3447650372982025,1.9461866617202759,7.880365371704102,31.625133514404297,-8.485629081726074,-16.392820358276367
-0.36152446269989014,2.2143373489379883,7.12499475479126,31.625133514404297,-8.485629081726074,-16.392820358276367
-0.36152446269989014,2.2143373489379883,7.12499475479126,31.45054054260254,-7.961199760437012,-16.724246978759766
-0.1280897855758667,2.1880011558532715,7.182455539703369,31.45054054260254,-7.961199760437012,-16.724246978759766
-0.0586579404771328,2.1856069564819336,7.893533229827881,31.45054054260254,-7.961199760437012,-16.724246978759766
-0.02513911761343479,2.0994155406951904,8.871564865112305,31.45054054260254,-7.961199760437012,-16.724246978759766
0.27413609623908997,2.0144214630126953,9.662848472595215,31.45054054260254,-7.961199760437012,-16.724246978759766
0.27413609623908997,2.0144214630126953,9.662848472595215,31.515823364257813,-7.53379487991333,-16.673519134521484
0.4692635238170624,1.8264765739440918,10.002824783325195,31.515823364257813,-7.53379487991333,-16.673519134521484
0.5985504388809204,1.7726070880889893,10.284143447875977,31.515823364257813,-7.53379487991333,-16.673519134521484
0.5710170865058899,1.7750012874603271,10.498424530029297,31.515823364257813,-7.53379487991333,-16.673519134521484
0.5770025849342346,1.8312649726867676,10.414628028869629,31.515823364257813,-7.53379487991333,-16.673519134521484
0.5770025849342346,1.8312649726867676,10.414628028869629,31.756975173950195,-7.17960262298584,-16.351343154907227
0.5710170865058899,1.9318214654922485,10.162039756774902,31.756975173950195,-7.17960262298584,-16.351343154907227
0.424970805644989,2.0144214630126953,9.799318313598633,31.756975173950195,-7.17960262298584,-16.351343154907227
0.27413609623908997,2.135328531265259,9.6664400100708,31.756975173950195,-7.17960262298584,-16.351343154907227
0.18555063009262085,2.2071547508239746,9.550320625305176,31.756975173950195,-7.17960262298584,-16.351343154907227
0.13766659796237946,2.240673542022705,9.395895004272461,31.756975173950195,-7.17960262298584,-16.351343154907227
0.13766659796237946,2.240673542022705,9.395895004272461,32.0261344909668,-6.831518650054932,-15.946812629699707
0.08259996026754379,2.2694039344787598,9.321674346923828,32.0261344909668,-6.831518650054932,-15.946812629699707
-0.05626374110579491,2.378340005874634,9.349207878112793,32.0261344909668,-6.831518650054932,-15.946812629699707
-0.1604115068912506,2.417844533920288,9.412653923034668,32.0261344909668,-6.831518650054932,-15.946812629699707
-0.18315643072128296,2.416647434234619,9.45215892791748,32.0261344909668,-6.831518650054932,-15.946812629699707
-0.18315643072128296,2.416647434234619,9.45215892791748,32.24713897705078,-6.505770206451416,-15.541787147521973
-0.2908954918384552,2.3651719093322754,9.689184188842773,32.24713897705078,-6.505770206451416,-15.541787147521973
-0.43095630407333374,2.3448212146759033,10.007613182067871,32.24713897705078,-6.505770206451416,-15.541787147521973
-0.5351040959358215,2.2993314266204834,10.136899948120117,32.24713897705078,-6.505770206451416,-15.541787147521973
-0.5363011956214905,2.2957401275634766,10.24344253540039,32.24713897705078,-6.505770206451416,-15.541787147521973
-0.5363011956214905,2.2957401275634766,10.24344253540039,32.45913314819336,-6.312910079956055,-15.10948371887207
-0.4405331015586853,2.4106619358062744,10.203937530517578,32.45913314819336,-6.312910079956055,-15.10948371887207
-0.42377370595932007,2.6261398792266846,10.166828155517578,32.45913314819336,-6.312910079956055,-15.10948371887207
-0.39384618401527405,3.104980230331421,9.539546966552734,32.45913314819336,-6.312910079956055,-15.10948371887207
-0.6775590777397156,3.5395278930664063,8.216750144958496,32.45913314819336,-6.312910079956055,-15.10948371887207
-0.6775590777397156,3.5395278930664063,8.216750144958496,32.682586669921875,-6.287676811218262,-14.650757789611816
-1.1623848676681519,3.3144729137420654,8.135347366333008,32.682586669921875,-6.287676811218262,-14.650757789611816
-1.0079588890075684,2.6979660987854004,9.698760986328125,32.682586669921875,-6.287676811218262,-14.650757789611816
-0.26815059781074524,1.2003928422927856,11.755380630493164,32.682586669921875,-6.287676811218262,-14.650757789611816
0.6572083830833435,-0.07212532311677933,13.333159446716309,32.682586669921875,-6.287676811218262,-14.650757789611816
0.6572083830833435,-0.07212532311677933,13.333159446716309,32.90852355957031,-6.429974555969238,-14.162999153137207
0.9588778018951416,-0.5653308629989624,14.053813934326172,32.90852355957031,-6.429974555969238,-14.162999153137207
0.8008604645729065,-0.3510498106479645,13.413365364074707,32.90852355957031,-6.429974555969238,-14.162999153137207
0.4489128291606903,0.14933833479881287,11.36512565612793,32.90852355957031,-6.429974555969238,-14.162999153137207
-0.015562310814857483,0.6796540021896362,8.548347473144531,32.90852355957031,-6.429974555969238,-14.162999153137207
-0.015562310814857483,0.6796540021896362,8.548347473144531,33.12390899658203,-6.772575378417969,-13.68370246887207
-0.5398924946784973,1.2183493375778198,6.349273204803467,33.12390899658203,-6.772575378417969,-13.68370246887207
-1.0989385843276978,1.4709376096725464,5.125836372375488,33.12390899658203,-6.772575378417969,-13.68370246887207
-1.5873557329177856,1.6600795984268188,5.4526448249816895,33.12390899658203,-6.772575378417969,-13.68370246887207
-2.1930887699127197,1.4027029275894165,7.403919219970703,33.12390899658203,-6.772575378417969,-13.68370246887207
-2.1930887699127197,1.4027029275894165,7.403919219970703,33.26687240600586,-7.349214553833008,-13.303326606750488
-2.0614075660705566,0.7526771426200867,9.891494750976563,33.26687240600586,-7.349214553833008,-13.303326606750488
-1.4269442558288574,0.17088614404201508,12.260557174682617,33.26687240600586,-7.349214553833008,-13.303326606750488
-0.706289529800415,-0.039803601801395416,13.121273040771484,33.26687240600586,-7.349214553833008,-13.303326606750488
-0.22266076505184174,0.2834136188030243,11.810447692871094,33.26687240600586,-7.349214553833008,-13.303326606750488
-0.22266076505184174,0.2834136188030243,11.810447692871094,33.3139533996582,-8.15441608428955,-13.004256248474121
0.14006079733371735,0.7730278968811035,9.288155555725098,33.3139533996582,-8.15441608428955,-13.004256248474121
0.15921440720558167,1.4434043169021606,7.235127925872803,33.3139533996582,-8.15441608428955,-13.004256248474121
0.1149216815829277,2.1137807369232178,5.949441432952881,33.3139533996582,-8.15441608428955,-13.004256248474121
0.3495534360408783,2.3651719093322754,5.696853160858154,33.3139533996582,-8.15441608428955,-13.004256248474121
0.3495534360408783,2.3651719093322754,5.696853160858154,33.32242202758789,-9.13206958770752,-12.687748908996582
0.6596025824546814,2.3687632083892822,6.610241413116455,33.32242202758789,-9.13206958770752,-12.687748908996582
0.7613561153411865,2.068290948867798,8.156895637512207,33.32242202758789,-9.13206958770752,-12.687748908996582
0.8583213090896606,1.7390882968902588,9.26062297821045,33.32242202758789,-9.13206958770752,-12.687748908996582
0.6979097723960876,1.6696563959121704,10.0626802444458,33.32242202758789,-9.13206958770752,-12.687748908996582
0.6979097723960876,1.6696563959121704,10.0626802444458,33.28602600097656,-10.188249588012695,-12.466811180114746
0.6763619780540466,1.614589810371399,10.418218612670898,33.28602600097656,-10.188249588012695,-12.466811180114746
0.8044517636299133,1.5702970027923584,10.1799955368042,33.28602600097656,-10.188249588012695,-12.466811180114746
0.7230489253997803,1.699583888053894,9.860369682312012,33.28602600097656,-10.188249588012695,-12.466811180114746
0.4381389021873474,2.0120272636413574,9.641300201416016,33.28602600097656,-10.188249588012695,-12.466811180114746
0.4381389021873474,2.0120272636413574,9.641300201416016,33.17767333984375,-11.09759521484375,-12.50845718383789
0.25977087020874023,2.245461940765381,9.458144187927246,33.17767333984375,-11.09759521484375,-12.50845718383789
0.16879121959209442,2.398690938949585,9.29653549194336,33.17767333984375,-11.09759521484375,-12.50845718383789
0.19393034279346466,2.4465749263763428,9.405471801757813,33.17767333984375,-11.09759521484375,-12.50845718383789
0.15921440720558167,2.527977705001831,9.69397258758545,33.17767333984375,-11.09759521484375,-12.50845718383789
0.15921440720558167,2.527977705001831,9.69397258758545,33.015167236328125,-11.59184455871582,-12.807478904724121
0.09696517139673233,2.593818187713623,9.831639289855957,33.015167236328125,-11.59184455871582,-12.807478904724121
0.016759412363171577,2.533963203430176,9.881917953491211,33.015167236328125,-11.59184455871582,-12.807478904724121
-0.06464344263076782,2.50642991065979,9.971700668334961,33.015167236328125,-11.59184455871582,-12.807478904724121
-0.08499415963888168,2.4561517238616943,10.0626802444458,33.015167236328125,-11.59184455871582,-12.807478904724121
-0.08499415963888168,2.4561517238616943,10.0626802444458,32.79298400878906,-11.583808898925781,-13.318690299987793
0.015562310814857483,2.375945806503296,10.168025016784668,32.79298400878906,-11.583808898925781,-13.318690299987793
0.07182604819536209,2.289754629135132,10.226682662963867,32.79298400878906,-11.583808898925781,-13.318690299987793
0.07182604819536209,2.2358851432800293,10.1428861618042,32.79298400878906,-11.583808898925781,-13.318690299987793
0.1867477297782898,2.2263083457946777,10.024373054504395,32.79298400878906,-11.583808898925781,-13.318690299987793
0.1867477297782898,2.2263083457946777,10.024373054504395,32.53679656982422,-11.147777557373047,-13.978500366210938
0.28969839215278625,2.8308441638946533,9.687987327575684,32.53679656982422,-11.147777557373047,-13.978500366210938
0.24660277366638184,2.702754497528076,9.101408004760742,32.53679656982422,-11.147777557373047,-13.978500366210938
0.7398083209991455,1.8037316799163818,9.23907470703125,32.53679656982422,-11.147777557373047,-13.978500366210938
1.2114660739898682,0.7059902548789978,10.827627182006836,32.53679656982422,-11.147777557373047,-13.978500366210938
1.2114660739898682,0.7059902548789978,10.827627182006836,32.290340423583984,-10.461688995361328,-14.718878746032715
1.258152961730957,-0.021847089752554893,12.602928161621094,32.290340423583984,-10.461688995361328,-14.718878746032715
0.6560112833976746,-0.23014263808727264,13.352313041687012,32.290340423583984,-10.461688995361328,-14.718878746032715
0.043095629662275314,-0.04339490458369255,12.559832572937012,32.290340423583984,-10.461688995361328,-14.718878746032715
0.1173158809542656,0.27982231974601746,10.24583625793457,32.290340423583984,-10.461688995361328,-14.718878746032715
0.1173158809542656,0.27982231974601746,10.24583625793457,32.089073181152344,-9.6682767868042,-15.441896438598633
0.2406172752380371,0.8077437877655029,8.223933219909668,32.089073181152344,-9.6682767868042,-15.441896438598633
0.16160862147808075,1.334468126296997,6.741922378540039,32.089073181152344,-9.6682767868042,-15.441896438598633
0.04429273307323456,1.734299898147583,5.993734359741211,32.089073181152344,-9.6682767868042,-15.441896438598633
-0.08858546614646912,1.876754879951477,6.4881367683410645,32.089073181152344,-9.6682767868042,-15.441896438598633
-0.08858546614646912,1.876754879951477,6.4881367683410645,31.998714447021484,-8.815712928771973,-15.98050308227539
0.26815059781074524,1.5068507194519043,7.752275466918945,31.998714447021484,-8.815712928771973,-15.98050308227539
0.8918401598930359,0.7646481394767761,9.11337947845459,31.998714447021484,-8.815712928771973,-15.98050308227539
1.3287819623947144,0.05357026308774948,10.24463939666748,31.998714447021484,-8.815712928771973,-15.98050308227539
1.1827356815338135,-0.30555999279022217,11.324424743652344,31.998714447021484,-8.815712928771973,-15.98050308227539
1.1827356815338135,-0.30555999279022217,11.324424743652344,32.06169128417969,-8.037692070007324,-16.20069694519043
0.669179379940033,0.057161565870046616,12.485611915588379,32.06169128417969,-8.037692070007324,-16.20069694519043
0.26096799969673157,0.7263409495353699,12.203096389770508,32.06169128417969,-8.037692070007324,-16.20069694519043
0.12449848651885986,1.0902595520019531,10.524761199951172,32.06169128417969,-8.037692070007324,-16.20069694519043
-0.0347159244120121,1.5068507194519043,8.711153030395508,32.06169128417969,-8.037692070007324,-16.20069694519043
-0.03711012750864029,1.8049287796020508,7.729530334472656,32.06169128417969,-8.037692070007324,-16.20069694519043
-0.03711012750864029,1.8049287796020508,7.729530334472656,32.19368362426758,-7.432792663574219,-16.192235946655273
-0.020350715145468712,1.9378069639205933,7.368006229400635,32.19368362426758,-7.432792663574219,-16.192235946655273
0.02513911761343479,1.9629461765289307,7.673266887664795,32.19368362426758,-7.432792663574219,-16.192235946655273
-0.03232172131538391,1.944989562034607,8.295759201049805,32.19368362426758,-7.432792663574219,-16.192235946655273
0.026336219161748886,1.8695722818374634,9.028385162353516,32.19368362426758,-7.432792663574219,-16.192235946655273
0.026336219161748886,1.8695722818374634,9.028385162353516,32.316009521484375,-6.890107154846191,-16.125736236572266
0.2214636504650116,1.7307085990905762,9.653271675109863,32.316009521484375,-6.890107154846191,-16.125736236572266
0.37828385829925537,1.578676700592041,9.919028282165527,32.316009521484375,-6.890107154846191,-16.125736236572266
0.3256114423274994,1.5415666103363037,10.132111549377441,32.316009521484375,-6.890107154846191,-16.125736236572266
0.3172317147254944,1.57987380027771,10.292523384094238,32.316009521484375,-6.890107154846191,-16.125736236572266
0.3172317147254944,1.57987380027771,10.292523384094238,32.475486755371094,-6.336104869842529,-15.978697776794434
0.456095427274704,1.6217724084854126,10.035146713256836,32.475486755371094,-6.336104869842529,-15.978697776794434
0.5949591398239136,1.679233193397522,9.522788047790527,32.475486755371094,-6.336104869842529,-15.978697776794434
0.5207388401031494,1.822885274887085,9.219921112060547,32.475486755371094,-6.336104869842529,-15.978697776794434
0.4189853072166443,1.998859167098999,9.243863105773926,32.475486755371094,-6.336104869842529,-15.978697776794434
0.4189853072166443,1.998859167098999,9.243863105773926,32.645877838134766,-5.853375434875488,-15.772818565368652
0.40940847992897034,2.046743154525757,9.41983699798584,32.645877838134766,-5.853375434875488,-15.772818565368652
0.35075053572654724,2.0299837589263916,9.496451377868652,32.645877838134766,-5.853375434875488,-15.772818565368652
0.22744916379451752,2.2071547508239746,9.507225036621094,32.645877838134766,-5.853375434875488,-15.772818565368652
0.07302315533161163,2.3136966228485107,9.39709186553955,32.645877838134766,-5.853375434875488,-15.772818565368652
0.07302315533161163,2.3136966228485107,9.39709186553955,32.787750244140625,-5.491999626159668,-15.579588890075684
-0.016759412363171577,2.2765865325927734,9.344419479370117,32.787750244140625,-5.491999626159668,-15.579588890075684
-0.36990416049957275,2.395099639892578,9.466524124145508,32.787750244140625,-5.491999626159668,-15.579588890075684
-0.41778820753097534,2.4501662254333496,9.72270393371582,32.787750244140625,-5.491999626159668,-15.579588890075684
-0.3363853394985199,2.377142906188965,9.837625503540039,32.787750244140625,-5.491999626159668,-15.579588890075684
-0.3363853394985199,2.377142906188965,9.837625503540039,32.945655822753906,-5.243622303009033,-15.356423377990723
-0.3363853394985199,2.308908224105835,9.787346839904785,32.945655822753906,-5.243622303009033,-15.356423377990723
-0.4297592043876648,2.245461940765381,9.765799522399902,32.945655822753906,-5.243622303009033,-15.356423377990723
-0.47644615173339844,2.243067741394043,9.860369682312012,32.945655822753906,-5.243622303009033,-15.356423377990723
-0.5027823448181152,2.3029227256774902,10.163236618041992,32.945655822753906,-5.243622303009033,-15.356423377990723
-0.5027823448181152,2.3029227256774902,10.163236618041992,33.10470199584961,-5.131371974945068,-15.097155570983887
-0.38307225704193115,2.5866355895996094,10.329633712768555,33.10470199584961,-5.131371974945068,-15.097155570983887
-0.29807811975479126,3.2019455432891846,9.23668098449707,33.10470199584961,-5.131371974945068,-15.097155570983887
-0.7338228225708008,2.861968755722046,8.116193771362305,33.10470199584961,-5.131371974945068,-15.097155570983887
-0.8236053586006165,2.395099639892578,8.432229042053223,33.10470199584961,-5.131371974945068,-15.097155570983887
-0.8236053586006165,2.395099639892578,8.432229042053223,33.24105453491211,-5.180587291717529,-14.822484016418457
-0.7864952683448792,2.1161749362945557,10.494833946228027,33.24105453491211,-5.180587291717529,-14.822484016418457
-0.507570743560791,1.679233193397522,12.06303596496582,33.24105453491211,-5.180587291717529,-14.822484016418457
-0.40701428055763245,1.1441291570663452,12.321609497070313,33.24105453491211,-5.180587291717529,-14.822484016418457
-0.09696517139673233,0.7718307971954346,11.662006378173828,33.24105453491211,-5.180587291717529,-14.822484016418457
-0.09696517139673233,0.7718307971954346,11.662006378173828,33.38906478881836,-5.396148204803467,-14.487607955932617
0.3148375153541565,0.40551790595054626,10.97008228302002,33.38906478881836,-5.396148204803467,-14.487607955932617
0.5518634915351868,0.3073556423187256,10.310480117797852,33.38906478881836,-5.396148204803467,-14.487607955932617
0.5518634915351868,0.3073556423187256,10.310480117797852,33.55458450317383,-5.722712516784668,-14.091297149658203
-0.424970805644989,1.2734160423278809,7.379977226257324,33.55458450317383,-5.722712516784668,-14.091297149658203
-0.424970805644989,1.2734160423278809,7.379977226257324,33.679203033447266,-6.103627681732178,-13.785337448120117
-0.4991910457611084,0.142155721783638,10.917409896850586,33.679203033447266,-6.103627681732178,-13.785337448120117
-0.4991910457611084,0.142155721783638,10.917409896850586,33.726627349853516,-6.583555221557617,-13.599591255187988
-0.23822307586669922,1.3392565250396729,8.873958587646484,33.726627349853516,-6.583555221557617,-13.599591255187988
-0.23822307586669922,1.3392565250396729,8.873958587646484,33.686553955078125,-7.155976295471191,-13.491535186767578
0.06823474913835526,2.2586300373077393,8.103026390075684,33.686553955078125,-7.155976295471191,-13.491535186767578
0.7445967197418213,1.457769513130188,9.832837104797363,33.686553955078125,-7.155976295471191,-13.491535186767578
0.7445967197418213,1.457769513130188,9.832837104797363,33.554893493652344,-7.6839985847473145,-13.573936462402344
0.2932897210121155,1.6421231031417847,9.964517593383789,33.554893493652344,-7.6839985847473145,-13.573936462402344
0.2932897210121155,1.6421231031417847,9.964517593383789,33.38905715942383,-8.10278606414795,-13.8217134475708
0.08140286058187485,1.9940707683563232,9.527576446533203,33.38905715942383,-8.10278606414795,-13.8217134475708
0.08140286058187485,1.9940707683563232,9.527576446533203,33.23973083496094,-8.452482223510742,-14.107673645019531
0.29568392038345337,1.9928736686706543,9.495254516601563,33.23973083496094,-8.452482223510742,-14.107673645019531
0.29568392038345337,1.9928736686706543,9.495254516601563,33.0948600769043,-8.741194725036621,-14.388248443603516
0.24779987335205078,2.4274213314056396,9.920225143432617,33.0948600769043,-8.741194725036621,-14.388248443603516
0.24779987335205078,2.4274213314056396,9.920225143432617,32.98078918457031,-8.910636901855469,-14.643701553344727
0.017956512048840523,1.291372537612915,10.942549705505371,32.98078918457031,-8.910636901855469,-14.643701553344727
0.017956512048840523,1.291372537612915,10.942549705505371,32.937007904052734,-8.857608795166016,-14.877827644348145
-0.06344634294509888,0.9861118197441101,10.399065017700195,32.937007904052734,-8.857608795166016,-14.877827644348145
-0.06344634294509888,0.9861118197441101,10.399065017700195,32.8859748840332,-8.552119255065918,-15.1214017868042
0.8343793153762817,1.3260884284973145,8.148515701293945,32.8859748840332,-8.552119255065918,-15.1214017868042
0.7529764175415039,0.9178770780563354,9.325265884399414,32.8859748840332,-8.552119255065918,-15.1214017868042
0.7529764175415039,0.9178770780563354,9.325265884399414,32.783843994140625,-8.137042999267578,-15.337766647338867
-0.05267243832349777,1.1740566492080688,10.953323364257813,32.783843994140625,-8.137042999267578,-15.337766647338867
-0.05267243832349777,1.1740566492080688,10.953323364257813,32.68577194213867,-7.743549823760986,-15.42407512664795
0.39145198464393616,1.9749171733856201,8.191611289978027,32.68577194213867,-7.743549823760986,-15.42407512664795
0.39145198464393616,1.9749171733856201,8.191611289978027,32.6338005065918,-7.289800643920898,-15.422932624816895
0.5482721924781799,1.9653403759002686,8.689605712890625,32.6338005065918,-7.289800643920898,-15.422932624816895
0.5482721924781799,1.9653403759002686,8.689605712890625,32.63888168334961,-6.748636245727539,-15.437989234924316
0.22625206410884857,1.9042881727218628,9.549123764038086,32.63888168334961,-6.748636245727539,-15.437989234924316
0.22625206410884857,1.9042881727218628,9.549123764038086,32.6536979675293,-6.256356716156006,-15.499038696289063
0.10654197633266449,2.0778677463531494,9.318083763122559,32.6536979675293,-6.256356716156006,-15.499038696289063
0.10654197633266449,2.0778677463531494,9.318083763122559,32.62900161743164,-5.851884365081787,-15.602962493896484
0.04668693244457245,2.3412299156188965,9.459341049194336,32.62900161743164,-5.851884365081787,-15.602962493896484
0.04668693244457245,2.3412299156188965,9.459341049194336,32.59031677246094,-5.552920818328857,-15.665548324584961
0.10055647045373917,2.350806713104248,9.7837553024292,32.59031677246094,-5.552920818328857,-15.665548324584961
-0.18914192914962769,2.5004444122314453,9.820865631103516,32.59031677246094,-5.552920818328857,-15.665548324584961
-0.18914192914962769,2.5004444122314453,9.820865631103516,32.610347747802734,-5.446009635925293,-15.621773719787598
-0.47165772318840027,2.533963203430176,9.7035493850708,32.610347747802734,-5.446009635925293,-15.621773719787598
-0.47165772318840027,2.533963203430176,9.7035493850708,32.71218490600586,-5.559206962585449,-15.46988296508789
-0.5542576909065247,2.374748706817627,8.817695617675781,32.71218490600586,-5.559206962585449,-15.46988296508789
-0.5542576909065247,2.374748706817627,8.817695617675781,32.882423400878906,-5.878834247589111,-15.139719009399414
0.031124621629714966,1.1728595495224,11.7278470993042,32.882423400878906,-5.878834247589111,-15.139719009399414
0.031124621629714966,1.1728595495224,11.7278470993042,33.11761474609375,-6.3987345695495605,-14.534088134765625
1.0570400953292847,0.9777321219444275,9.257031440734863,33.11761474609375,-6.3987345695495605,-14.534088134765625
1.0570400953292847,0.9777321219444275,9.257031440734863,33.32901382446289,-7.051577091217041,-13.809566497802734
-0.10055647045373917,0.9729437232017517,9.652074813842773,33.32901382446289,-7.051577091217041,-13.809566497802734
-0.10055647045373917,0.9729437232017517,9.652074813842773,33.41297912597656,-7.688162326812744,-13.278909683227539
-1.0630255937576294,1.2542624473571777,8.729109764099121,33.41297912597656,-7.688162326812744,-13.278909683227539
-1.0630255937576294,1.2542624473571777,8.729109764099121,33.40296173095703,-8.19096565246582,-12.987129211425781
-1.2042834758758545,0.9944915175437927,10.160841941833496,33.40296173095703,-8.19096565246582,-12.987129211425781
-0.038307227194309235,1.6169840097427368,9.23668098449707,33.40296173095703,-8.19096565246582,-12.987129211425781
-0.038307227194309235,1.6169840097427368,9.23668098449707,33.4160270690918,-8.530339241027832,-12.718735694885254
0.38067805767059326,1.8635867834091187,9.110984802246094,33.4160270690918,-8.530339241027832,-12.718735694885254
0.38067805767059326,1.8635867834091187,9.110984802246094,33.47052001953125,-8.732726097106934,-12.440410614013672
-0.17956513166427612,1.8133084774017334,9.428216934204102,33.47052001953125,-8.732726097106934,-12.440410614013672
-0.17956513166427612,1.8133084774017334,9.428216934204102,33.4680290222168,-8.813130378723145,-12.42688274383545
-0.5710170865058899,1.8707693815231323,10.03155517578125,33.4680290222168,-8.813130378723145,-12.42688274383545
-0.5710170865058899,1.8707693815231323,10.03155517578125,33.38933181762695,-8.74512767791748,-12.72395133972168
-0.3794809579849243,1.9509750604629517,9.610176086425781,33.38933181762695,-8.74512767791748,-12.72395133972168
-0.3794809579849243,1.9509750604629517,9.610176086425781,33.248573303222656,-8.528983116149902,-13.135293960571289
-0.10534487664699554,1.8037316799163818,10.158448219299316,33.248573303222656,-8.528983116149902,-13.135293960571289
-0.10534487664699554,1.8037316799163818,10.158448219299316,33.03181076049805,-8.218894004821777,-13.610509872436523
-0.21188685297966003,2.1389198303222656,10.042329788208008,33.03181076049805,-8.218894004821777,-13.610509872436523
-0.21188685297966003,2.1389198303222656,10.042329788208008,32.77217483520508,-7.8428425788879395,-14.17061710357666
-0.2932897210121155,2.1006126403808594,8.957756042480469,32.77217483520508,-7.8428425788879395,-14.17061710357666
-0.8451532125473022,1.6600795984268188,10.768969535827637,32.77217483520508,-7.8428425788879395,-14.17061710357666
-0.8451532125473022,1.6600795984268188,10.768969535827637,32.51046371459961,-7.386014938354492,-14.80885124206543
-0.5315127968788147,1.633743405342102,9.382726669311523,32.51046371459961,-7.386014938354492,-14.80885124206543
-0.5315127968788147,1.633743405342102,9.382726669311523,32.24183654785156,-6.898565292358398,-15.531258583068848
-0.06344634294509888,1.700780987739563,8.535179138183594,32.24183654785156,-6.898565292358398,-15.531258583068848
-0.06344634294509888,1.700780987739563,8.535179138183594,31.957103729248047,-6.501232624053955,-16.332307815551758
-0.569819986820221,1.4446014165878296,9.823260307312012,31.957103729248047,-6.501232624053955,-16.332307815551758
-0.569819986820221,1.4446014165878296,9.823260307312012,31.696298599243164,-6.324568748474121,-17.152555465698242
-0.706289529800415,1.6684592962265015,9.674818992614746,31.696298599243164,-6.324568748474121,-17.152555465698242
-0.706289529800415,1.6684592962265015,9.674818992614746,31.490304946899414,-6.436729431152344,-17.968055725097656
-0.16998831927776337,1.9964649677276611,8.453776359558105,31.490304946899414,-6.436729431152344,-17.968055725097656
-0.16998831927776337,1.9964649677276611,8.453776359558105,31.35126495361328,-6.903812885284424,-18.78481101989746
-0.12090718746185303,1.8671780824661255,9.464129447937012,31.35126495361328,-6.903812885284424,-18.78481101989746
-0.12090718746185303,1.8671780824661255,9.464129447937012,31.34596061706543,-7.885075569152832,-19.555950164794922
0.11971008777618408,1.656488299369812,9.977685928344727,31.34596061706543,-7.885075569152832,-19.555950164794922
0.2346317619085312,1.798943281173706,9.20435905456543,31.34596061706543,-7.885075569152832,-19.555950164794922
0.2346317619085312,1.798943281173706,9.20435905456543,31.570531845092773,-9.48675537109375,-20.218629837036133
-0.03950432687997818,1.6026188135147095,9.72390079498291,31.570531845092773,-9.48675537109375,-20.218629837036133
-0.03950432687997818,1.6026188135147095,9.72390079498291,32.0418815612793,-11.702754974365234,-20.706575393676758
-0.23582886159420013,1.9509750604629517,9.102604866027832,32.0418815612793,-11.702754974365234,-20.706575393676758
-0.23582886159420013,1.9509750604629517,9.102604866027832,32.6615104675293,-14.540518760681152,-20.940244674682617
-0.3387795388698578,0.6712743043899536,11.075427055358887,32.6615104675293,-14.540518760681152,-20.940244674682617
-0.3387795388698578,0.6712743043899536,11.075427055358887,33.221038818359375,-18.061967849731445,-20.849506378173828
0.10654197633266449,0.6652888059616089,9.920225143432617,33.221038818359375,-18.061967849731445,-20.849506378173828
0.10654197633266449,0.6652888059616089,9.920225143432617,33.36067581176758,-22.26030921936035,-20.481582641601563
-0.181959331035614,0.8759785294532776,9.392303466796875,33.36067581176758,-22.26030921936035,-20.481582641601563
-0.181959331035614,0.8759785294532776,9.392303466796875,32.670040130615234,-26.940563201904297,-19.95513916015625
-0.5746083855628967,1.0651204586029053,10.03155517578125,32.670040130615234,-26.940563201904297,-19.95513916015625
-0.5746083855628967,1.0651204586029053,10.03155517578125,31.01756477355957,-31.713790893554688,-19.24114227294922
-0.3208230137825012,1.4457985162734985,9.083451271057129,31.01756477355957,-31.713790893554688,-19.24114227294922
-0.11013327538967133,1.5679028034210205,9.306112289428711,31.01756477355957,-31.713790893554688,-19.24114227294922
-0.11013327538967133,1.5679028034210205,9.306112289428711,28.586685180664063,-36.180904388427734,-18.277114868164063
-0.40462008118629456,1.6708534955978394,9.825654029846191,28.586685180664063,-36.180904388427734,-18.277114868164063
-0.40462008118629456,1.6708534955978394,9.825654029846191,25.66783332824707,-40.06877136230469,-17.114206314086914
-0.768538773059845,1.6193782091140747,9.874734878540039,25.66783332824707,-40.06877136230469,-17.114206314086914
-0.768538773059845,1.6193782091140747,9.874734878540039,22.57097816467285,-43.14730453491211,-15.89911937713623
-0.7481880187988281,1.6912041902542114,10.135703086853027,22.57097816467285,-43.14730453491211,-15.89911937713623
-0.7481880187988281,1.6912041902542114,10.135703086853027,19.521135330200195,-45.318992614746094,-14.787004470825195
-0.2801215946674347,1.5882534980773926,9.11457633972168,19.521135330200195,-45.318992614746094,-14.787004470825195
-0.2801215946674347,1.5882534980773926,9.11457633972168,16.550947189331055,-46.75013732910156,-13.81546688079834
-0.6823474764823914,1.7235260009765625,9.136123657226563,16.550947189331055,-46.75013732910156,-13.81546688079834
-0.6823474764823914,1.7235260009765625,9.136123657226563,13.602946281433105,-47.65887451171875,-12.942071914672852
-1.0402805805206299,1.7522563934326172,9.450961112976074,13.602946281433105,-47.65887451171875,-12.942071914672852
-1.0402805805206299,1.7522563934326172,9.450961112976074,10.761165618896484,-48.15458679199219,-12.09481143951416
-0.30286651849746704,1.4865000247955322,9.987262725830078,10.761165618896484,-48.15458679199219,-12.09481143951416
0.20111294090747833,1.7498621940612793,9.043947219848633,10.761165618896484,-48.15458679199219,-12.09481143951416
0.20111294090747833,1.7498621940612793,9.043947219848633,8.201700210571289,-48.32253646850586,-11.25948715209961
0.015562310814857483,1.6708534955978394,10.4589204788208,8.201700210571289,-48.32253646850586,-11.25948715209961
0.015562310814857483,1.6708534955978394,10.4589204788208,5.9612555503845215,-48.23598098754883,-10.542763710021973
0.13168109953403473,1.7211318016052246,9.605387687683105,5.9612555503845215,-48.23598098754883,-10.542763710021973
0.13168109953403473,1.7211318016052246,9.605387687683105,3.9779462814331055,-47.964332580566406,-10.071211814880371
