9.99009532509
9.99009532509
9.99009532509
9.90041182442
9.90041182442
9.88156344622
9.88156344622
9.88156344622
9.86857444991
9.86857444991
9.86857444991
9.7567855686
9.7567855686
9.7567855686
9.75172494402
9.75172494402
9.75172494402
9.94565277306
9.94565277306
9.94565277306
9.76200454083
9.76200454083
9.76200454083
9.69115403147
9.69115403147
9.69115403147
9.97752033908
9.97752033908
9.80416104808
9.80416104808
9.80416104808
9.76648844746
9.76648844746
9.76648844746
9.82319053042
9.82319053042
9.82319053042
9.88786916911
9.88786916911
9.88786916911
9.82277900498
9.82277900498
9.82277900498
9.89616053269
9.89616053269
9.89616053269
9.8585763275
9.8585763275
9.8585763275
9.65875323134
9.65875323134
9.65875323134
9.87937432411
9.87937432411
10.0580698918
10.0580698918
10.0580698918
9.92112911552
9.92112911552
9.92112911552
9.62068757846
9.62068757846
9.62068757846
9.60307110811
9.60307110811
9.60307110811
9.90191057376
9.90191057376
9.90191057376
9.85831068767
9.85831068767
9.85831068767
9.84860192723
9.84860192723
9.84860192723
9.85602768572
9.85602768572
9.85602768572
9.85028869395
9.85028869395
9.7693328024
9.7693328024
9.7693328024
9.91829601907
9.91829601907
9.91829601907
9.91203013509
9.91203013509
9.91203013509
9.84371481268
9.84371481268
9.84371481268
9.78555108468
9.78555108468
9.78555108468
9.87811531336
9.87811531336
9.87811531336
9.82553234794
9.82553234794
9.82553234794
9.85126332049
9.85126332049
9.85126332049
9.8894116613
9.8894116613
9.77243898468
9.77243898468
9.77243898468
9.89342876508
9.89342876508
9.89342876508
9.88769235075
9.88769235075
9.88769235075
9.90210895809
9.90210895809
9.90210895809
9.89037503575
9.89037503575
9.89037503575
9.81527158401
9.81527158401
9.81527158401
9.85887833044
9.85887833044
9.85887833044
9.9350129018
9.9350129018
9.80085178154
9.80085178154
9.80085178154
9.83386555223
9.83386555223
9.83386555223
9.84089071432
9.84089071432
9.84089071432
9.84913872338
9.84913872338
9.84913872338
9.84704684594
9.84704684594
9.84704684594
9.81270029827
9.81270029827
9.81270029827
9.86253250472
9.86253250472
9.86253250472
9.80804160477
9.80804160477
9.80804160477
9.82932696793
9.82932696793
9.82932696793
9.80678834142
9.80678834142
9.87856172642
9.87856172642
9.87856172642
9.86381376799
9.86381376799
9.86381376799
9.81382618683
9.81382618683
9.81382618683
9.78261521935
9.78261521935
9.78261521935
9.81200030223
9.81200030223
9.81200030223
9.74174390938
9.74174390938
9.74174390938
9.75995929202
9.75995929202
9.75995929202
9.77080721561
9.77080721561
9.99149489906
9.99149489906
9.99149489906
10.0636094645
10.0636094645
10.0636094645
9.96901212212
9.96901212212
9.96901212212
9.36906125715
9.36906125715
9.36906125715
9.27947755624
9.27947755624
9.27947755624
10.211296477
10.211296477
10.211296477
9.27741992038
9.27741992038
9.27741992038
9.99553611765
9.99553611765
9.99553611765
10.2353645574
10.2353645574
9.97422859712
9.97422859712
9.97422859712
10.6587495343
10.6587495343
10.6587495343
10.6869336303
10.6869336303
10.6869336303
11.7611035881
11.7611035881
11.7611035881
9.78549484159
9.78549484159
9.78549484159
8.16762195798
8.16762195798
8.16762195798
9.78522709547
9.78522709547
9.78522709547
8.20270522363
8.20270522363
8.20270522363
8.9062527262
8.9062527262
9.99483859023
9.99483859023
9.99483859023
10.4616984282
10.4616984282
10.4616984282
10.8235163988
10.8235163988
10.8235163988
13.007790323
13.007790323
13.007790323
10.1045165162
10.1045165162
10.1045165162
8.04727963436
8.04727963436
8.04727963436
9.90438947838
9.90438947838
9.90438947838
7.86977853922
7.86977853922
7.86977853922
8.82679794779
8.82679794779
9.83273908503
9.83273908503
9.83273908503
10.5915944723
10.5915944723
10.5915944723
10.3349785157
10.3349785157
10.3349785157
12.8993303053
12.8993303053
12.8993303053
9.95416717306
9.95416717306
9.95416717306
9.76202858258
9.76202858258
9.76202858258
8.97299700953
8.97299700953
8.97299700953
7.99023695466
7.99023695466
7.99023695466
9.28202819069
9.28202819069
9.99032319854
9.99032319854
9.99032319854
11.3367866726
11.3367866726
11.3367866726
10.0619339654
10.0619339654
10.0619339654
12.647214253
12.647214253
12.647214253
7.35785160074
7.35785160074
7.35785160074
9.39971455543
9.39971455543
9.39971455543
8.70739081402
8.70739081402
8.70739081402
9.011059783
9.011059783
9.56135278997
9.56135278997
9.56135278997
10.339821328
10.339821328
10.339821328
11.0518201767
11.0518201767
11.0518201767
10.7178984493
10.7178984493
10.7178984493
10.858771933
10.858771933
10.858771933
10.2537614831
10.2537614831
10.2537614831
8.79772152288
8.79772152288
8.79772152288
8.4632335077
8.4632335077
8.4632335077
9.58694470449
9.58694470449
10.8130121165
10.8130121165
10.8130121165
11.0784862644
11.0784862644
11.0784862644
11.311633627
11.311633627
11.311633627
9.40725564722
9.40725564722
9.40725564722
8.66652380257
8.66652380257
8.66652380257
9.40947877715
9.40947877715
9.40947877715
8.16376571776
8.16376571776
8.16376571776
8.95382058993
8.95382058993
8.95382058993
10.5581155786
10.5581155786
11.7600558584
11.7600558584
11.7600558584
10.8136007494
10.8136007494
10.8136007494
11.0616925929
11.0616925929
11.0616925929
8.55640273803
8.55640273803
8.55640273803
9.77122074049
9.77122074049
9.77122074049
8.25694281927
8.25694281927
8.25694281927
9.31197707918
9.31197707918
9.31197707918
10.4653375854
10.4653375854
10.4653375854
10.8608507996
10.8608507996
10.4836961553
10.4836961553
10.4836961553
13.1793543586
13.1793543586
13.1793543586
8.19871863568
8.19871863568
8.19871863568
8.87819617735
8.87819617735
8.87819617735
8.58284822576
8.58284822576
8.58284822576
8.15327207363
8.15327207363
8.15327207363
9.38419678122
9.38419678122
9.38419678122
10.6673277188
10.6673277188
10.6673277188
11.1353946555
11.1353946555
9.95455052315
9.95455052315
9.95455052315
11.6255934172
11.6255934172
11.6255934172
8.56171045277
8.56171045277
8.56171045277
10.233179443
10.233179443
10.233179443
9.16181689925
9.16181689925
9.16181689925
8.79820228423
8.79820228423
8.79820228423
11.4920709753
11.4920709753
11.4920709753
10.2560810724
10.2560810724
8.32278846106
8.32278846106
8.32278846106
11.0585687976
11.0585687976
11.0585687976
9.57247701057
9.57247701057
9.57247701057
9.33673437397
9.33673437397
9.33673437397
9.98531965575
9.98531965575
9.98531965575
8.94127785425
8.94127785425
8.94127785425
8.4481519165
8.4481519165
8.4481519165
10.4850348885
10.4850348885
10.4850348885
11.3160150377
11.3160150377
12.2696446396
12.2696446396
12.2696446396
9.56595183497
9.56595183497
9.56595183497
9.12214749572
9.12214749572
9.12214749572
9.46927152134
9.46927152134
9.46927152134
8.49772588115
8.49772588115
8.49772588115
9.36554996511
9.36554996511
9.36554996511
10.5959488225
10.5959488225
10.5959488225
9.86750437
9.86750437
9.86750437
11.407334603
11.407334603
10.4702713622
10.4702713622
10.4702713622
10.2888191113
10.2888191113
10.2888191113
9.10996007628
9.10996007628
9.10996007628
9.33136239168
9.33136239168
9.33136239168
8.27573023775
8.27573023775
8.27573023775
9.32187839409
9.32187839409
9.32187839409
11.7071638629
11.7071638629
11.7071638629
10.691446247
10.691446247
10.691446247
11.2154755065
11.2154755065
7.69872760291
7.69872760291
7.69872760291
10.5570809167
10.5570809167
10.5570809167
9.65303191048
9.65303191048
9.65303191048
8.30165290506
8.30165290506
8.30165290506
10.2622665498
10.2622665498
10.2622665498
10.661357272
10.661357272
10.661357272
9.84023648943
9.84023648943
9.84023648943
12.7179891654
12.7179891654
12.7179891654
9.16289204231
9.16289204231
8.8821793202
8.8821793202
8.8821793202
8.37138825258
8.37138825258
8.37138825258
8.34234395993
8.34234395993
8.34234395993
9.52937598436
9.52937598436
9.52937598436
11.1705788932
11.1705788932
11.1705788932
9.98526214199
9.98526214199
9.98526214199
12.5344443137
12.5344443137
12.5344443137
9.0371333481
9.0371333481
9.40825639815
9.40825639815
9.40825639815
9.4607960076
9.4607960076
9.4607960076
8.46517934054
8.46517934054
8.46517934054
9.1555342516
9.1555342516
9.1555342516
10.4570776457
10.4570776457
10.4570776457
10.3295094033
10.3295094033
10.3295094033
12.7303131492
12.7303131492
12.7303131492
8.94078633427
8.94078633427
8.94078633427
9.28686994871
9.28686994871
8.65606424159
8.65606424159
8.65606424159
8.98646360627
8.98646360627
8.98646360627
9.29140663216
9.29140663216
9.29140663216
10.7716198945
10.7716198945
10.7716198945
10.4854952688
10.4854952688
10.4854952688
12.4707957772
12.4707957772
12.4707957772
10.0856345532
10.0856345532
10.0856345532
8.80984433402
8.80984433402
8.80984433402
10.0393580044
10.0393580044
8.38125353613
8.38125353613
8.38125353613
8.93531272264
8.93531272264
8.93531272264
10.4597736369
10.4597736369
10.4597736369
10.7192120714
10.7192120714
10.7192120714
9.73803350765
9.73803350765
9.73803350765
12.1508562445
12.1508562445
12.1508562445
8.38938865223
8.38938865223
8.38938865223
9.56139839155
9.56139839155
9.56139839155
8.99422457858
8.99422457858
9.31051961102
9.31051961102
9.31051961102
9.86358999287
9.86358999287
9.86358999287
11.3506329358
11.3506329358
11.3506329358
8.7072985203
8.7072985203
8.7072985203
12.1336242492
12.1336242492
12.1336242492
8.95172927006
8.95172927006
8.95172927006
9.00101491502
9.00101491502
9.00101491502
10.403363331
10.403363331
10.403363331
8.93403868773
8.93403868773
9.61111715389
9.61111715389
9.61111715389
10.0083795076
10.0083795076
10.0083795076
9.93000952019
9.93000952019
9.93000952019
11.6632365679
11.6632365679
11.6632365679
11.1657535141
11.1657535141
11.1657535141
8.92056635548
8.92056635548
8.92056635548
9.39751755073
9.39751755073
9.39751755073
8.74502127174
8.74502127174
8.74502127174
9.46504553408
9.46504553408
9.95039495682
9.95039495682
9.95039495682
9.71492964328
9.71492964328
9.71492964328
9.41180539451
9.41180539451
9.41180539451
11.0097357867
11.0097357867
11.0097357867
10.936750028
10.936750028
10.936750028
9.20546083986
9.20546083986
9.20546083986
10.2696348123
10.2696348123
10.2696348123
9.32913566671
9.32913566671
9.67806744914
9.67806744914
9.67806744914
9.82556969659
9.82556969659
9.82556969659
9.35520013919
9.35520013919
9.35520013919
10.1562429576
10.1562429576
10.1562429576
11.3662866121
11.3662866121
11.3662866121
8.54617314863
8.54617314863
8.54617314863
10.0631961161
10.0631961161
10.0631961161
9.31686317209
9.31686317209
9.31686317209
9.44535349897
9.44535349897
9.5975926108
9.5975926108
9.5975926108
9.67560565348
9.67560565348
9.67560565348
9.66660392992
9.66660392992
9.66660392992
9.8481317844
9.8481317844
9.8481317844
10.0182039552
10.0182039552
10.0182039552
9.83554714084
9.83554714084
9.83554714084
10.0001101453
10.0001101453
10.0001101453
10.6832259183
10.6832259183
10.6832259183
9.44037818997
