0.0,0.0,0.0,-1.2690582275390625,-33.40245056152344,-7.532013416290283
0.12195464968681335,0.6012439131736755,9.804854393005371,-1.2690582275390625,-33.40245056152344,-7.532013416290283
0.12195464968681335,0.6012439131736755,9.804854393005371,-1.2195712327957153,-33.44369125366211,-7.523764610290527
0.11477204412221909,0.5928642153739929,9.789292335510254,-1.2195712327957153,-33.44369125366211,-7.523764610290527
0.11477204412221909,0.5928642153739929,9.789292335510254,-1.0820157527923584,-33.578941345214844,-7.48021936416626
0.11357494443655014,0.5928642153739929,9.816825866699219,-1.0820157527923584,-33.578941345214844,-7.48021936416626
0.11357494443655014,0.5928642153739929,9.816825866699219,-0.9213821291923523,-33.81479263305664,-7.395445346832275
0.12075755000114441,0.591667115688324,9.812037467956543,-0.9213821291923523,-33.81479263305664,-7.395445346832275
0.11477204412221909,0.5868787169456482,9.803657531738281,-0.9213821291923523,-33.81479263305664,-7.395445346832275
0.11477204412221909,0.5868787169456482,9.803657531738281,-0.7650297284126282,-34.06024932861328,-7.316010475158691
0.11477204412221909,0.5976526141166687,9.800065994262695,-0.7650297284126282,-34.06024932861328,-7.316010475158691
0.11477204412221909,0.5976526141166687,9.800065994262695,-0.6004345417022705,-34.1627311706543,-7.263097286224365
0.10519523918628693,0.6024410128593445,9.812037467956543,-0.6004345417022705,-34.1627311706543,-7.263097286224365
0.10519523918628693,0.6024410128593445,9.812037467956543,-0.4562380313873291,-34.14365005493164,-7.208582401275635
0.11357494443655014,0.590470016002655,9.798869132995605,-0.4562380313873291,-34.14365005493164,-7.208582401275635
0.11357494443655014,0.590470016002655,9.798869132995605,-0.3255854845046997,-34.128021240234375,-7.1393513679504395
0.12075755000114441,0.6012439131736755,9.820416450500488,-0.3255854845046997,-34.128021240234375,-7.1393513679504395
0.12075755000114441,0.6012439131736755,9.820416450500488,-0.21901746094226837,-34.15837478637695,-7.101540565490723
0.11357494443655014,0.5976526141166687,9.812037467956543,-0.21901746094226837,-34.15837478637695,-7.101540565490723
0.11357494443655014,0.5976526141166687,9.812037467956543,-0.19453521072864532,-34.21293258666992,-7.135707855224609
0.11118074506521225,0.6024410128593445,9.801262855529785,-0.19453521072864532,-34.21293258666992,-7.135707855224609
0.11118074506521225,0.6024410128593445,9.801262855529785,-0.24709424376487732,-34.2599983215332,-7.189239501953125
0.1231517493724823,0.5928642153739929,9.807249069213867,-0.24709424376487732,-34.2599983215332,-7.189239501953125
0.1231517493724823,0.5928642153739929,9.807249069213867,-0.3177952170372009,-34.31890869140625,-7.233173370361328
0.11477204412221909,0.5952584147453308,9.810839653015137,-0.3177952170372009,-34.31890869140625,-7.233173370361328
0.11596914380788803,0.6012439131736755,9.810839653015137,-0.3177952170372009,-34.31890869140625,-7.233173370361328
0.11596914380788803,0.6012439131736755,9.810839653015137,-0.37491685152053833,-34.42131042480469,-7.280323505401611
0.11357494443655014,0.5928642153739929,9.79408073425293,-0.37491685152053833,-34.42131042480469,-7.280323505401611
0.11357494443655014,0.5928642153739929,9.79408073425293,-0.4142453372478485,-34.54070281982422,-7.319674491882324
0.12195464968681335,0.6036381125450134,9.809642791748047,-0.4142453372478485,-34.54070281982422,-7.319674491882324
0.12195464968681335,0.6036381125450134,9.809642791748047,-0.44553831219673157,-34.6115837097168,-7.355759143829346
0.11716624349355698,0.6000468134880066,9.79527759552002,-0.44553831219673157,-34.6115837097168,-7.355759143829346
0.11716624349355698,0.6000468134880066,9.79527759552002,-0.4585510492324829,-34.620521545410156,-7.391388893127441
0.11716624349355698,0.5952584147453308,9.79288387298584,-0.4585510492324829,-34.620521545410156,-7.391388893127441
0.11716624349355698,0.5952584147453308,9.79288387298584,-0.44376155734062195,-34.57335662841797,-7.419747829437256
0.11596914380788803,0.5892729163169861,9.803657531738281,-0.44376155734062195,-34.57335662841797,-7.419747829437256
0.11596914380788803,0.5892729163169861,9.803657531738281,-0.418621689081192,-34.500492095947266,-7.447268009185791
0.11477204412221909,0.6000468134880066,9.79647445678711,-0.418621689081192,-34.500492095947266,-7.447268009185791
0.11477204412221909,0.6000468134880066,9.79647445678711,-0.3687717914581299,-34.462772369384766,-7.4771881103515625
0.11956045031547546,0.5892729163169861,9.802460670471191,-0.3687717914581299,-34.462772369384766,-7.4771881103515625
0.12195464968681335,0.5988497138023376,9.808445930480957,-0.3687717914581299,-34.462772369384766,-7.4771881103515625
0.12195464968681335,0.5988497138023376,9.808445930480957,-0.30049318075180054,-34.457542419433594,-7.48583459854126
0.11357494443655014,0.591667115688324,9.815628051757813,-0.30049318075180054,-34.457542419433594,-7.48583459854126
0.11357494443655014,0.591667115688324,9.815628051757813,-0.28641653060913086,-34.42763137817383,-7.457867622375488
0.11716624349355698,0.5952584147453308,9.79527759552002,-0.28641653060913086,-34.42763137817383,-7.457867622375488
0.11716624349355698,0.5952584147453308,9.79527759552002,-0.3340042531490326,-34.342369079589844,-7.393205642700195
0.11477204412221909,0.6000468134880066,9.802460670471191,-0.3340042531490326,-34.342369079589844,-7.393205642700195
0.11477204412221909,0.6000468134880066,9.802460670471191,-0.3603827953338623,-34.255794525146484,-7.323820114135742
0.11956045031547546,0.5928642153739929,9.816825866699219,-0.3603827953338623,-34.255794525146484,-7.323820114135742
0.11956045031547546,0.5928642153739929,9.816825866699219,-0.33017101883888245,-34.218727111816406,-7.282409191131592
0.1231517493724823,0.5952584147453308,9.816825866699219,-0.33017101883888245,-34.218727111816406,-7.282409191131592
0.1231517493724823,0.5952584147453308,9.816825866699219,-0.2706650495529175,-34.229129791259766,-7.262556552886963
0.11357494443655014,0.5976526141166687,9.812037467956543,-0.2706650495529175,-34.229129791259766,-7.262556552886963
0.11357494443655014,0.5976526141166687,9.812037467956543,-0.18420469760894775,-34.25190353393555,-7.281673431396484
0.11716624349355698,0.5940613150596619,9.812037467956543,-0.18420469760894775,-34.25190353393555,-7.281673431396484
0.12195464968681335,0.5952584147453308,9.809642791748047,-0.18420469760894775,-34.25190353393555,-7.281673431396484
0.12195464968681335,0.5952584147453308,9.809642791748047,-0.060747694224119186,-34.28432083129883,-7.332112789154053
0.12434884905815125,0.6048352122306824,9.804854393005371,-0.060747694224119186,-34.28432083129883,-7.332112789154053
0.12434884905815125,0.6048352122306824,9.804854393005371,0.014699974097311497,-34.38090515136719,-7.371031284332275
0.11596914380788803,0.5976526141166687,9.819219589233398,0.014699974097311497,-34.38090515136719,-7.371031284332275
0.11596914380788803,0.5976526141166687,9.819219589233398,-0.013699429109692574,-34.522010803222656,-7.388494968414307
0.11477204412221909,0.5940613150596619,9.808445930480957,-0.013699429109692574,-34.522010803222656,-7.388494968414307
0.11477204412221909,0.5940613150596619,9.808445930480957,-0.036586519330739975,-34.61520767211914,-7.375760078430176
0.12075755000114441,0.5940613150596619,9.810839653015137,-0.036586519330739975,-34.61520767211914,-7.375760078430176
0.12075755000114441,0.5940613150596619,9.810839653015137,-0.019318951293826103,-34.63408279418945,-7.309883117675781
0.10878653824329376,0.591667115688324,9.809642791748047,-0.019318951293826103,-34.63408279418945,-7.309883117675781
0.10878653824329376,0.591667115688324,9.809642791748047,-0.01928340643644333,-34.613731384277344,-7.2234206199646
0.12075755000114441,0.5892729163169861,9.824007987976074,-0.01928340643644333,-34.613731384277344,-7.2234206199646
0.12075755000114441,0.5892729163169861,9.824007987976074,-0.03573260456323624,-34.57041931152344,-7.168985366821289
0.11716624349355698,0.6012439131736755,9.824007987976074,-0.03573260456323624,-34.57041931152344,-7.168985366821289
0.10998363792896271,0.6036381125450134,9.806051254272461,-0.03573260456323624,-34.57041931152344,-7.168985366821289
0.10998363792896271,0.6036381125450134,9.806051254272461,-0.07329414784908295,-34.53297424316406,-7.140621662139893
0.11357494443655014,0.6012439131736755,9.808445930480957,-0.07329414784908295,-34.53297424316406,-7.140621662139893
0.11357494443655014,0.6012439131736755,9.808445930480957,-0.09700747579336166,-34.5222282409668,-7.122076988220215
0.12195464968681335,0.5952584147453308,9.807249069213867,-0.09700747579336166,-34.5222282409668,-7.122076988220215
0.12195464968681335,0.5952584147453308,9.807249069213867,-0.08466923236846924,-34.51811981201172,-7.12838888168335
0.11956045031547546,0.5988497138023376,9.802460670471191,-0.08466923236846924,-34.51811981201172,-7.12838888168335
0.11956045031547546,0.5988497138023376,9.802460670471191,-0.07405116409063339,-34.468505859375,-7.170065879821777
0.11956045031547546,0.6024410128593445,9.802460670471191,-0.07405116409063339,-34.468505859375,-7.170065879821777
0.11956045031547546,0.6024410128593445,9.802460670471191,-0.041613128036260605,-34.38223648071289,-7.195638656616211
0.11118074506521225,0.5880758166313171,9.810839653015137,-0.041613128036260605,-34.38223648071289,-7.195638656616211
0.11118074506521225,0.5880758166313171,9.810839653015137,0.019568003714084625,-34.34502410888672,-7.183714389801025
0.10878653824329376,0.591667115688324,9.814431190490723,0.019568003714084625,-34.34502410888672,-7.183714389801025
0.10878653824329376,0.591667115688324,9.814431190490723,0.049373917281627655,-34.37984848022461,-7.189233779907227
0.11716624349355698,0.5928642153739929,9.79408073425293,0.049373917281627655,-34.37984848022461,-7.189233779907227
0.11716624349355698,0.5880758166313171,9.801262855529785,0.049373917281627655,-34.37984848022461,-7.189233779907227
0.11716624349355698,0.5880758166313171,9.801262855529785,0.03355143219232559,-34.458675384521484,-7.234982967376709
0.11596914380788803,0.5940613150596619,9.809642791748047,0.03355143219232559,-34.458675384521484,-7.234982967376709
0.11596914380788803,0.5940613150596619,9.809642791748047,-0.009178437292575836,-34.52642059326172,-7.299137115478516
0.11716624349355698,0.5952584147453308,9.797672271728516,-0.009178437292575836,-34.52642059326172,-7.299137115478516
0.11716624349355698,0.5952584147453308,9.797672271728516,-0.05630026012659073,-34.52597427368164,-7.359381198883057
0.12434884905815125,0.6024410128593445,9.82759952545166,-0.05630026012659073,-34.52597427368164,-7.359381198883057
0.12434884905815125,0.6024410128593445,9.82759952545166,-0.09619142860174179,-34.46006393432617,-7.389337062835693
0.11357494443655014,0.6048352122306824,9.79647445678711,-0.09619142860174179,-34.46006393432617,-7.389337062835693
0.11357494443655014,0.6048352122306824,9.79647445678711,-0.13298025727272034,-34.38418197631836,-7.374153137207031
0.1123778447508812,0.5988497138023376,9.812037467956543,-0.13298025727272034,-34.38418197631836,-7.374153137207031
0.1123778447508812,0.5988497138023376,9.812037467956543,-0.14450907707214355,-34.368038177490234,-7.356912612915039
0.10758943855762482,0.6072294116020203,9.808445930480957,-0.14450907707214355,-34.368038177490234,-7.356912612915039
0.10758943855762482,0.6072294116020203,9.808445930480957,-0.10045257210731506,-34.40837097167969,-7.3503499031066895
0.11596914380788803,0.6000468134880066,9.803657531738281,-0.10045257210731506,-34.40837097167969,-7.3503499031066895
0.10878653824329376,0.591667115688324,9.800065994262695,-0.10045257210731506,-34.40837097167969,-7.3503499031066895
0.10878653824329376,0.591667115688324,9.800065994262695,-0.022074710577726364,-34.44294357299805,-7.333690166473389
0.11716624349355698,0.5964555144309998,9.816825866699219,-0.022074710577726364,-34.44294357299805,-7.333690166473389
0.11716624349355698,0.5964555144309998,9.816825866699219,0.03243563696742058,-34.46792221069336,-7.332003116607666
0.11596914380788803,0.591667115688324,9.814431190490723,0.03243563696742058,-34.46792221069336,-7.332003116607666
0.11596914380788803,0.591667115688324,9.814431190490723,0.0235170666128397,-34.48337173461914,-7.354295253753662
0.12075755000114441,0.5952584147453308,9.801262855529785,0.0235170666128397,-34.48337173461914,-7.354295253753662
0.12075755000114441,0.5952584147453308,9.801262855529785,-0.07166389375925064,-34.466468811035156,-7.391875267028809
0.11477204412221909,0.5940613150596619,9.808445930480957,-0.07166389375925064,-34.466468811035156,-7.391875267028809
0.11477204412221909,0.5940613150596619,9.808445930480957,-0.21394455432891846,-34.437461853027344,-7.4045729637146
0.10519523918628693,0.5952584147453308,9.820416450500488,-0.21394455432891846,-34.437461853027344,-7.4045729637146
0.10519523918628693,0.5952584147453308,9.820416450500488,-0.32581040263175964,-34.416664123535156,-7.353387832641602
0.11956045031547546,0.5892729163169861,9.812037467956543,-0.32581040263175964,-34.416664123535156,-7.353387832641602
0.11956045031547546,0.5892729163169861,9.812037467956543,-0.3762619197368622,-34.38740539550781,-7.306568145751953
0.10758943855762482,0.5892729163169861,9.812037467956543,-0.3762619197368622,-34.38740539550781,-7.306568145751953
0.11118074506521225,0.5928642153739929,9.810839653015137,-0.3762619197368622,-34.38740539550781,-7.306568145751953
0.11118074506521225,0.5928642153739929,9.810839653015137,-0.3544037938117981,-34.310420989990234,-7.320589065551758
0.11357494443655014,0.5964555144309998,9.808445930480957,-0.3544037938117981,-34.310420989990234,-7.320589065551758
0.11357494443655014,0.5964555144309998,9.808445930480957,-0.2940903306007385,-34.209381103515625,-7.352643013000488
0.10998363792896271,0.591667115688324,9.813234329223633,-0.2940903306007385,-34.209381103515625,-7.352643013000488
0.10998363792896271,0.591667115688324,9.813234329223633,-0.252094030380249,-34.133358001708984,-7.378717422485352
0.12434884905815125,0.6084265112876892,9.801262855529785,-0.252094030380249,-34.133358001708984,-7.378717422485352
0.12434884905815125,0.6084265112876892,9.801262855529785,-0.22715938091278076,-34.08432388305664,-7.421516418457031
0.11836334317922592,0.5964555144309998,9.800065994262695,-0.22715938091278076,-34.08432388305664,-7.421516418457031
0.11836334317922592,0.5964555144309998,9.800065994262695,-0.19881372153759003,-34.08262634277344,-7.463830947875977
0.10878653824329376,0.6036381125450134,9.79647445678711,-0.19881372153759003,-34.08262634277344,-7.463830947875977
0.10878653824329376,0.6036381125450134,9.79647445678711,-0.14145897328853607,-34.13687515258789,-7.472794055938721
0.11836334317922592,0.590470016002655,9.79527759552002,-0.14145897328853607,-34.13687515258789,-7.472794055938721
0.11836334317922592,0.590470016002655,9.79527759552002,-0.06510799378156662,-34.22359085083008,-7.480550289154053
0.11596914380788803,0.591667115688324,9.802460670471191,-0.06510799378156662,-34.22359085083008,-7.480550289154053
0.1231517493724823,0.5976526141166687,9.808445930480957,-0.06510799378156662,-34.22359085083008,-7.480550289154053
0.1231517493724823,0.5976526141166687,9.808445930480957,-0.027790280058979988,-34.308650970458984,-7.502689838409424
0.11118074506521225,0.5952584147453308,9.807249069213867,-0.027790280058979988,-34.308650970458984,-7.502689838409424
0.11118074506521225,0.5952584147453308,9.807249069213867,-0.08248454332351685,-34.367835998535156,-7.502573490142822
0.12195464968681335,0.6000468134880066,9.819219589233398,-0.08248454332351685,-34.367835998535156,-7.502573490142822
0.12195464968681335,0.6000468134880066,9.819219589233398,-0.2032870352268219,-34.394691467285156,-7.483602523803711
0.11956045031547546,0.5976526141166687,9.803657531738281,-0.2032870352268219,-34.394691467285156,-7.483602523803711
0.11956045031547546,0.5976526141166687,9.803657531738281,-0.3152526319026947,-34.384300231933594,-7.459383010864258
0.11118074506521225,0.590470016002655,9.815628051757813,-0.3152526319026947,-34.384300231933594,-7.459383010864258
0.11118074506521225,0.590470016002655,9.815628051757813,-0.41732871532440186,-34.35816955566406,-7.4127068519592285
0.10639233887195587,0.591667115688324,9.816825866699219,-0.41732871532440186,-34.35816955566406,-7.4127068519592285
0.10639233887195587,0.591667115688324,9.816825866699219,-0.49447473883628845,-34.313201904296875,-7.348049640655518
0.11118074506521225,0.5928642153739929,9.797672271728516,-0.49447473883628845,-34.313201904296875,-7.348049640655518
0.11118074506521225,0.5928642153739929,9.797672271728516,-0.48670777678489685,-34.2433967590332,-7.295852184295654
0.11357494443655014,0.5880758166313171,9.810839653015137,-0.48670777678489685,-34.2433967590332,-7.295852184295654
0.10758943855762482,0.5988497138023376,9.812037467956543,-0.48670777678489685,-34.2433967590332,-7.295852184295654
0.10758943855762482,0.5988497138023376,9.812037467956543,-0.39868542551994324,-34.20854187011719,-7.276434421539307
0.11357494443655014,0.591667115688324,9.818022727966309,-0.39868542551994324,-34.20854187011719,-7.276434421539307
0.11357494443655014,0.591667115688324,9.818022727966309,-0.2815108001232147,-34.23027038574219,-7.284763813018799
0.11836334317922592,0.5964555144309998,9.819219589233398,-0.2815108001232147,-34.23027038574219,-7.284763813018799
0.11836334317922592,0.5964555144309998,9.819219589233398,-0.21484826505184174,-34.26647186279297,-7.288200378417969
0.1123778447508812,0.5964555144309998,9.812037467956543,-0.21484826505184174,-34.26647186279297,-7.288200378417969
0.1123778447508812,0.5964555144309998,9.812037467956543,-0.20200203359127045,-34.28593063354492,-7.272124767303467
0.11357494443655014,0.5952584147453308,9.810839653015137,-0.20200203359127045,-34.28593063354492,-7.272124767303467
0.11357494443655014,0.5952584147453308,9.810839653015137,-0.151418536901474,-34.28528594970703,-7.249912261962891
0.11956045031547546,0.6012439131736755,9.809642791748047,-0.151418536901474,-34.28528594970703,-7.249912261962891
0.11956045031547546,0.6012439131736755,9.809642791748047,-0.08457768708467484,-34.291664123535156,-7.21267032623291
0.11118074506521225,0.5976526141166687,9.800065994262695,-0.08457768708467484,-34.291664123535156,-7.21267032623291
0.11118074506521225,0.5976526141166687,9.800065994262695,-0.056195542216300964,-34.30838394165039,-7.150880336761475
0.10998363792896271,0.590470016002655,9.806051254272461,-0.056195542216300964,-34.30838394165039,-7.150880336761475
0.11836334317922592,0.5880758166313171,9.820416450500488,-0.056195542216300964,-34.30838394165039,-7.150880336761475
0.11836334317922592,0.5880758166313171,9.820416450500488,-0.035303857177495956,-34.29373550415039,-7.097845077514648
0.11716624349355698,0.591667115688324,9.820416450500488,-0.035303857177495956,-34.29373550415039,-7.097845077514648
0.11716624349355698,0.591667115688324,9.820416450500488,-0.005629627499729395,-34.24226760864258,-7.092480182647705
0.11836334317922592,0.5964555144309998,9.803657531738281,-0.005629627499729395,-34.24226760864258,-7.092480182647705
0.11836334317922592,0.5964555144309998,9.803657531738281,0.005869128741323948,-34.21638870239258,-7.135689735412598
0.11956045031547546,0.5844845175743103,9.813234329223633,0.005869128741323948,-34.21638870239258,-7.135689735412598
0.11956045031547546,0.5844845175743103,9.813234329223633,-0.03482798486948013,-34.25735092163086,-7.2347822189331055
0.11836334317922592,0.5988497138023376,9.804854393005371,-0.03482798486948013,-34.25735092163086,-7.2347822189331055
0.11836334317922592,0.5988497138023376,9.804854393005371,-0.10889269411563873,-34.32211685180664,-7.357442855834961
0.11956045031547546,0.5940613150596619,9.806051254272461,-0.10889269411563873,-34.32211685180664,-7.357442855834961
0.11956045031547546,0.5940613150596619,9.806051254272461,-0.17598386108875275,-34.38544464111328,-7.434087753295898
0.12075755000114441,0.591667115688324,9.814431190490723,-0.17598386108875275,-34.38544464111328,-7.434087753295898
0.12075755000114441,0.591667115688324,9.814431190490723,-0.2099675089120865,-34.43553924560547,-7.448838233947754
0.11357494443655014,0.6036381125450134,9.821614265441895,-0.2099675089120865,-34.43553924560547,-7.448838233947754
0.11118074506521225,0.5880758166313171,9.810839653015137,-0.2099675089120865,-34.43553924560547,-7.448838233947754
0.11118074506521225,0.5880758166313171,9.810839653015137,-0.19666838645935059,-34.428165435791016,-7.406366348266602
0.11956045031547546,0.5976526141166687,9.812037467956543,-0.19666838645935059,-34.428165435791016,-7.406366348266602
0.11956045031547546,0.5976526141166687,9.812037467956543,-0.18816356360912323,-34.394798278808594,-7.344973087310791
0.1231517493724823,0.5952584147453308,9.804854393005371,-0.18816356360912323,-34.394798278808594,-7.344973087310791
0.1231517493724823,0.5952584147453308,9.804854393005371,-0.21662333607673645,-34.380367279052734,-7.327935218811035
0.11477204412221909,0.5868787169456482,9.802460670471191,-0.21662333607673645,-34.380367279052734,-7.327935218811035
0.11477204412221909,0.5868787169456482,9.802460670471191,-0.2406075894832611,-34.3613395690918,-7.351949214935303
0.10878653824329376,0.5952584147453308,9.818022727966309,-0.2406075894832611,-34.3613395690918,-7.351949214935303
0.10878653824329376,0.5952584147453308,9.818022727966309,-0.22471514344215393,-34.27790069580078,-7.366072177886963
0.11596914380788803,0.5832874178886414,9.824007987976074,-0.22471514344215393,-34.27790069580078,-7.366072177886963
0.11596914380788803,0.5832874178886414,9.824007987976074,-0.1599326729774475,-34.10599136352539,-7.339684009552002
0.11956045031547546,0.5928642153739929,9.806051254272461,-0.1599326729774475,-34.10599136352539,-7.339684009552002
0.11956045031547546,0.5928642153739929,9.806051254272461,-0.07637723535299301,-33.95884704589844,-7.2826762199401855
0.11357494443655014,0.5952584147453308,9.821614265441895,-0.07637723535299301,-33.95884704589844,-7.2826762199401855
0.11596914380788803,0.6012439131736755,9.802460670471191,-0.07637723535299301,-33.95884704589844,-7.2826762199401855
0.11596914380788803,0.6012439131736755,9.802460670471191,-0.04163568466901779,-33.93513870239258,-7.255321502685547
0.11596914380788803,0.5988497138023376,9.803657531738281,-0.04163568466901779,-33.93513870239258,-7.255321502685547
0.11596914380788803,0.5988497138023376,9.803657531738281,-0.07832381874322891,-33.98331832885742,-7.264039039611816
0.11477204412221909,0.5832874178886414,9.814431190490723,-0.07832381874322891,-33.98331832885742,-7.264039039611816
0.11477204412221909,0.5832874178886414,9.814431190490723,-0.11711996793746948,-34.064544677734375,-7.271764278411865
0.12075755000114441,0.5832874178886414,9.809642791748047,-0.11711996793746948,-34.064544677734375,-7.271764278411865
0.12075755000114441,0.5832874178886414,9.809642791748047,-0.10800370573997498,-34.153717041015625,-7.302228927612305
0.11956045031547546,0.5964555144309998,9.821614265441895,-0.10800370573997498,-34.153717041015625,-7.302228927612305
0.11956045031547546,0.5964555144309998,9.821614265441895,-0.069561667740345,-34.187801361083984,-7.345771312713623
0.11477204412221909,0.5928642153739929,9.818022727966309,-0.069561667740345,-34.187801361083984,-7.345771312713623
0.11477204412221909,0.5928642153739929,9.818022727966309,-0.03297167643904686,-34.18882751464844,-7.362197399139404
0.11477204412221909,0.6024410128593445,9.833584785461426,-0.03297167643904686,-34.18882751464844,-7.362197399139404
0.11477204412221909,0.6024410128593445,9.833584785461426,-0.029253022745251656,-34.2150993347168,-7.3541717529296875
0.10639233887195587,0.5880758166313171,9.816825866699219,-0.029253022745251656,-34.2150993347168,-7.3541717529296875
0.12195464968681335,0.5940613150596619,9.808445930480957,-0.029253022745251656,-34.2150993347168,-7.3541717529296875
0.12195464968681335,0.5940613150596619,9.808445930480957,-0.05021743103861809,-34.22348403930664,-7.327810764312744
0.12075755000114441,0.590470016002655,9.806051254272461,-0.05021743103861809,-34.22348403930664,-7.327810764312744
0.12075755000114441,0.590470016002655,9.806051254272461,-0.05407670885324478,-34.1639289855957,-7.281413555145264
0.1123778447508812,0.5964555144309998,9.803657531738281,-0.05407670885324478,-34.1639289855957,-7.281413555145264
0.1123778447508812,0.5964555144309998,9.803657531738281,-0.04075489193201065,-34.108463287353516,-7.234633445739746
0.11118074506521225,0.591667115688324,9.803657531738281,-0.04075489193201065,-34.108463287353516,-7.234633445739746
0.11118074506521225,0.591667115688324,9.803657531738281,-0.05485599488019943,-34.12366485595703,-7.221673965454102
0.11357494443655014,0.590470016002655,9.808445930480957,-0.05485599488019943,-34.12366485595703,-7.221673965454102
0.11357494443655014,0.590470016002655,9.808445930480957,-0.08751044422388077,-34.186092376708984,-7.243927955627441
0.12195464968681335,0.5880758166313171,9.798869132995605,-0.08751044422388077,-34.186092376708984,-7.243927955627441
0.12195464968681335,0.5880758166313171,9.798869132995605,-0.07307462394237518,-34.25048065185547,-7.2703471183776855
0.11357494443655014,0.590470016002655,9.819219589233398,-0.07307462394237518,-34.25048065185547,-7.2703471183776855
0.11357494443655014,0.590470016002655,9.819219589233398,0.010480365715920925,-34.31130599975586,-7.285276889801025
0.11596914380788803,0.6012439131736755,9.804854393005371,0.010480365715920925,-34.31130599975586,-7.285276889801025
0.11357494443655014,0.5940613150596619,9.803657531738281,0.010480365715920925,-34.31130599975586,-7.285276889801025
0.11357494443655014,0.5940613150596619,9.803657531738281,0.11875342577695847,-34.39962387084961,-7.275268077850342
0.11477204412221909,0.590470016002655,9.809642791748047,0.11875342577695847,-34.39962387084961,-7.275268077850342
0.11477204412221909,0.590470016002655,9.809642791748047,0.18440663814544678,-34.500091552734375,-7.230587005615234
0.10758943855762482,0.5880758166313171,9.797672271728516,0.18440663814544678,-34.500091552734375,-7.230587005615234
0.10758943855762482,0.5880758166313171,9.797672271728516,0.17546913027763367,-34.5369758605957,-7.186440467834473
0.10998363792896271,0.5952584147453308,9.815628051757813,0.17546913027763367,-34.5369758605957,-7.186440467834473
0.10998363792896271,0.5952584147453308,9.815628051757813,0.10793346166610718,-34.494956970214844,-7.1595354080200195
0.11357494443655014,0.5952584147453308,9.798869132995605,0.10793346166610718,-34.494956970214844,-7.1595354080200195
0.11357494443655014,0.5952584147453308,9.798869132995605,0.02578113041818142,-34.44831848144531,-7.121448040008545
0.10639233887195587,0.5964555144309998,9.816825866699219,0.02578113041818142,-34.44831848144531,-7.121448040008545
0.10639233887195587,0.5964555144309998,9.816825866699219,-0.038841329514980316,-34.42520523071289,-7.044320106506348
0.1123778447508812,0.5773018598556519,9.798869132995605,-0.038841329514980316,-34.42520523071289,-7.044320106506348
0.1123778447508812,0.5773018598556519,9.798869132995605,-0.09054683148860931,-34.41789627075195,-6.939072608947754
0.10519523918628693,0.5880758166313171,9.809642791748047,-0.09054683148860931,-34.41789627075195,-6.939072608947754
0.11477204412221909,0.590470016002655,9.821614265441895,-0.09054683148860931,-34.41789627075195,-6.939072608947754
0.11477204412221909,0.590470016002655,9.821614265441895,-0.10935203731060028,-34.42783737182617,-6.8742194175720215
0.11716624349355698,0.5880758166313171,9.807249069213867,-0.10935203731060028,-34.42783737182617,-6.8742194175720215
0.11716624349355698,0.5880758166313171,9.807249069213867,-0.09222600609064102,-34.45228958129883,-6.899233341217041
0.1255459487438202,0.591667115688324,9.808445930480957,-0.09222600609064102,-34.45228958129883,-6.899233341217041
0.1255459487438202,0.591667115688324,9.808445930480957,-0.06957756727933884,-34.46234130859375,-6.970461368560791
0.12195464968681335,0.5892729163169861,9.791686058044434,-0.06957756727933884,-34.46234130859375,-6.970461368560791
0.12195464968681335,0.5892729163169861,9.791686058044434,-0.024031681939959526,-34.397544860839844,-7.0166707038879395
0.11716624349355698,0.6000468134880066,9.807249069213867,-0.024031681939959526,-34.397544860839844,-7.0166707038879395
0.11716624349355698,0.6000468134880066,9.807249069213867,0.03168140724301338,-34.268577575683594,-7.050030708312988
0.11716624349355698,0.5988497138023376,9.806051254272461,0.03168140724301338,-34.268577575683594,-7.050030708312988
0.11716624349355698,0.5988497138023376,9.806051254272461,0.06472568958997726,-34.14274597167969,-7.103642463684082
0.11716624349355698,0.5880758166313171,9.821614265441895,0.06472568958997726,-34.14274597167969,-7.103642463684082
0.11716624349355698,0.5880758166313171,9.821614265441895,0.039162956178188324,-34.1010627746582,-7.172807693481445
0.11836334317922592,0.6012439131736755,9.813234329223633,0.039162956178188324,-34.1010627746582,-7.172807693481445
0.11716624349355698,0.5964555144309998,9.818022727966309,0.039162956178188324,-34.1010627746582,-7.172807693481445
0.11716624349355698,0.5964555144309998,9.818022727966309,-0.042320918291807175,-34.17380142211914,-7.235710144042969
0.1123778447508812,0.5952584147453308,9.803657531738281,-0.042320918291807175,-34.17380142211914,-7.235710144042969
0.1123778447508812,0.5952584147453308,9.803657531738281,-0.06839919090270996,-34.27853012084961,-7.258426189422607
0.11836334317922592,0.6024410128593445,9.807249069213867,-0.06839919090270996,-34.27853012084961,-7.258426189422607
0.11836334317922592,0.6024410128593445,9.807249069213867,-0.03811025246977806,-34.344825744628906,-7.2409563064575195
0.1123778447508812,0.6000468134880066,9.800065994262695,-0.03811025246977806,-34.344825744628906,-7.2409563064575195
0.1123778447508812,0.6000468134880066,9.800065994262695,-0.0033924144227057695,-34.33014678955078,-7.199504852294922
0.1231517493724823,0.5940613150596619,9.803657531738281,-0.0033924144227057695,-34.33014678955078,-7.199504852294922
0.1231517493724823,0.5940613150596619,9.803657531738281,0.05131135880947113,-34.23021697998047,-7.163052082061768
0.1255459487438202,0.5952584147453308,9.810839653015137,0.05131135880947113,-34.23021697998047,-7.163052082061768
0.1255459487438202,0.5952584147453308,9.810839653015137,0.10473112761974335,-34.11760330200195,-7.152700424194336
0.11716624349355698,0.5880758166313171,9.818022727966309,0.10473112761974335,-34.11760330200195,-7.152700424194336
0.11716624349355698,0.5880758166313171,9.818022727966309,0.13871486485004425,-34.02946853637695,-7.140366077423096
0.1123778447508812,0.5952584147453308,9.813234329223633,0.13871486485004425,-34.02946853637695,-7.140366077423096
0.1123778447508812,0.5952584147453308,9.813234329223633,0.14019304513931274,-33.99521255493164,-7.113032817840576
0.11596914380788803,0.5928642153739929,9.819219589233398,0.14019304513931274,-33.99521255493164,-7.113032817840576
0.12075755000114441,0.5964555144309998,9.79408073425293,0.14019304513931274,-33.99521255493164,-7.113032817840576
0.12075755000114441,0.5964555144309998,9.79408073425293,0.10935854911804199,-34.051212310791016,-7.100441932678223
0.11836334317922592,0.6000468134880066,9.814431190490723,0.10935854911804199,-34.051212310791016,-7.100441932678223
0.11836334317922592,0.6000468134880066,9.814431190490723,0.05270012095570564,-34.16396713256836,-7.138622760772705
0.11716624349355698,0.5928642153739929,9.809642791748047,0.05270012095570564,-34.16396713256836,-7.138622760772705
0.11716624349355698,0.5928642153739929,9.809642791748047,-0.00507552083581686,-34.25677490234375,-7.209989547729492
0.11716624349355698,0.6012439131736755,9.810839653015137,-0.00507552083581686,-34.25677490234375,-7.209989547729492
0.11716624349355698,0.6012439131736755,9.810839653015137,-0.03545184060931206,-34.28043746948242,-7.258334636688232
0.11357494443655014,0.5892729163169861,9.800065994262695,-0.03545184060931206,-34.28043746948242,-7.258334636688232
0.11357494443655014,0.5892729163169861,9.800065994262695,-0.06322480738162994,-34.258140563964844,-7.277866840362549
0.11477204412221909,0.5892729163169861,9.812037467956543,-0.06322480738162994,-34.258140563964844,-7.277866840362549
0.11477204412221909,0.5892729163169861,9.812037467956543,-0.10075214505195618,-34.24306106567383,-7.3045148849487305
0.10878653824329376,0.5928642153739929,9.807249069213867,-0.10075214505195618,-34.24306106567383,-7.3045148849487305
0.10878653824329376,0.5928642153739929,9.807249069213867,-0.12726138532161713,-34.22615432739258,-7.337533950805664
0.11477204412221909,0.5976526141166687,9.815628051757813,-0.12726138532161713,-34.22615432739258,-7.337533950805664
0.11357494443655014,0.6036381125450134,9.810839653015137,-0.12726138532161713,-34.22615432739258,-7.337533950805664
0.11357494443655014,0.6036381125450134,9.810839653015137,-0.0937737450003624,-34.170494079589844,-7.3340678215026855
0.10639233887195587,0.5952584147453308,9.806051254272461,-0.0937737450003624,-34.170494079589844,-7.3340678215026855
0.10639233887195587,0.5952584147453308,9.806051254272461,-0.013517805375158787,-34.132080078125,-7.289119243621826
0.11477204412221909,0.5940613150596619,9.810839653015137,-0.013517805375158787,-34.132080078125,-7.289119243621826
0.11477204412221909,0.5940613150596619,9.810839653015137,0.02369992434978485,-34.117759704589844,-7.233257293701172
0.12075755000114441,0.6012439131736755,9.806051254272461,0.02369992434978485,-34.117759704589844,-7.233257293701172
0.12075755000114441,0.6012439131736755,9.806051254272461,0.016499681398272514,-34.06004333496094,-7.1914896965026855
0.10878653824329376,0.591667115688324,9.800065994262695,0.016499681398272514,-34.06004333496094,-7.1914896965026855
0.10878653824329376,0.591667115688324,9.800065994262695,0.014254582114517689,-34.01777267456055,-7.181216716766357
0.1231517493724823,0.591667115688324,9.815628051757813,0.014254582114517689,-34.01777267456055,-7.181216716766357
0.1231517493724823,0.591667115688324,9.815628051757813,-0.001675184117630124,-34.05722427368164,-7.188018798828125
0.11836334317922592,0.5940613150596619,9.822811126708984,-0.001675184117630124,-34.05722427368164,-7.188018798828125
0.11836334317922592,0.5940613150596619,9.822811126708984,-0.05397848039865494,-34.1443977355957,-7.185134410858154
0.11477204412221909,0.5964555144309998,9.797672271728516,-0.05397848039865494,-34.1443977355957,-7.185134410858154
0.11118074506521225,0.5892729163169861,9.810839653015137,-0.05397848039865494,-34.1443977355957,-7.185134410858154
0.11118074506521225,0.5892729163169861,9.810839653015137,-0.10505171865224838,-34.23710250854492,-7.169946670532227
0.11596914380788803,0.5844845175743103,9.820416450500488,-0.10505171865224838,-34.23710250854492,-7.169946670532227
0.11596914380788803,0.5844845175743103,9.820416450500488,-0.12068356573581696,-34.272857666015625,-7.160137176513672
0.11716624349355698,0.590470016002655,9.813234329223633,-0.12068356573581696,-34.272857666015625,-7.160137176513672
0.11716624349355698,0.590470016002655,9.813234329223633,-0.1245422437787056,-34.24134826660156,-7.1465911865234375
0.11477204412221909,0.5976526141166687,9.814431190490723,-0.1245422437787056,-34.24134826660156,-7.1465911865234375
0.11477204412221909,0.5976526141166687,9.814431190490723,-0.13850991427898407,-34.22518539428711,-7.117445945739746
0.12075755000114441,0.6084265112876892,9.810839653015137,-0.13850991427898407,-34.22518539428711,-7.117445945739746
0.12075755000114441,0.6084265112876892,9.810839653015137,-0.1545405238866806,-34.24429702758789,-7.103116035461426
0.12794014811515808,0.5928642153739929,9.812037467956543,-0.1545405238866806,-34.24429702758789,-7.103116035461426
0.12794014811515808,0.5928642153739929,9.812037467956543,-0.19312644004821777,-34.284725189208984,-7.131689548492432
0.11716624349355698,0.5964555144309998,9.812037467956543,-0.19312644004821777,-34.284725189208984,-7.131689548492432
0.11716624349355698,0.5964555144309998,9.812037467956543,-0.2513417601585388,-34.33557891845703,-7.191593170166016
0.11118074506521225,0.6060323119163513,9.79527759552002,-0.2513417601585388,-34.33557891845703,-7.191593170166016
0.11716624349355698,0.5952584147453308,9.809642791748047,-0.2513417601585388,-34.33557891845703,-7.191593170166016
0.11716624349355698,0.5952584147453308,9.809642791748047,-0.27441638708114624,-34.323604583740234,-7.221610069274902
0.11118074506521225,0.590470016002655,9.801262855529785,-0.27441638708114624,-34.323604583740234,-7.221610069274902
0.11118074506521225,0.590470016002655,9.801262855529785,-0.25139671564102173,-34.259254455566406,-7.214914798736572
0.11716624349355698,0.5868787169456482,9.809642791748047,-0.25139671564102173,-34.259254455566406,-7.214914798736572
0.11716624349355698,0.5868787169456482,9.809642791748047,-0.25215888023376465,-34.24861145019531,-7.241498947143555
0.11477204412221909,0.5880758166313171,9.791686058044434,-0.25215888023376465,-34.24861145019531,-7.241498947143555
0.11477204412221909,0.5880758166313171,9.791686058044434,-0.3053673207759857,-34.28221893310547,-7.286962509155273
0.11118074506521225,0.5844845175743103,9.818022727966309,-0.3053673207759857,-34.28221893310547,-7.286962509155273
0.11118074506521225,0.5844845175743103,9.818022727966309,-0.3648427128791809,-34.29731750488281,-7.299450874328613
0.11118074506521225,0.591667115688324,9.79527759552002,-0.3648427128791809,-34.29731750488281,-7.299450874328613
0.11118074506521225,0.591667115688324,9.79527759552002,-0.3825461268424988,-34.284088134765625,-7.285470485687256
0.10878653824329376,0.5952584147453308,9.809642791748047,-0.3825461268424988,-34.284088134765625,-7.285470485687256
0.10878653824329376,0.5952584147453308,9.809642791748047,-0.3273080885410309,-34.259952545166016,-7.245121002197266
0.12195464968681335,0.591667115688324,9.810839653015137,-0.3273080885410309,-34.259952545166016,-7.245121002197266
0.11357494443655014,0.591667115688324,9.804854393005371,-0.3273080885410309,-34.259952545166016,-7.245121002197266
0.11357494443655014,0.591667115688324,9.804854393005371,-0.2234252244234085,-34.28487014770508,-7.183669090270996
0.10639233887195587,0.5940613150596619,9.798869132995605,-0.2234252244234085,-34.28487014770508,-7.183669090270996
0.10639233887195587,0.5940613150596619,9.798869132995605,-0.10862676054239273,-34.36127471923828,-7.132552623748779
0.11716624349355698,0.6000468134880066,9.804854393005371,-0.10862676054239273,-34.36127471923828,-7.132552623748779
0.11716624349355698,0.6000468134880066,9.804854393005371,-0.011340555734932423,-34.42239761352539,-7.1129865646362305
0.10758943855762482,0.5832874178886414,9.821614265441895,-0.011340555734932423,-34.42239761352539,-7.1129865646362305
0.10758943855762482,0.5832874178886414,9.821614265441895,0.04182750731706619,-34.4641227722168,-7.145354270935059
0.11716624349355698,0.5940613150596619,9.815628051757813,0.04182750731706619,-34.4641227722168,-7.145354270935059
0.11716624349355698,0.5940613150596619,9.815628051757813,0.038656484335660934,-34.50482177734375,-7.229106903076172
0.1123778447508812,0.6012439131736755,9.79647445678711,0.038656484335660934,-34.50482177734375,-7.229106903076172
0.1123778447508812,0.6012439131736755,9.79647445678711,-0.02378520555794239,-34.495731353759766,-7.312575340270996
0.11477204412221909,0.6000468134880066,9.807249069213867,-0.02378520555794239,-34.495731353759766,-7.312575340270996
0.11477204412221909,0.6000468134880066,9.807249069213867,-0.10217314958572388,-34.398681640625,-7.3463921546936035
0.11836334317922592,0.5868787169456482,9.804854393005371,-0.10217314958572388,-34.398681640625,-7.3463921546936035
0.10998363792896271,0.591667115688324,9.814431190490723,-0.10217314958572388,-34.398681640625,-7.3463921546936035
0.10998363792896271,0.591667115688324,9.814431190490723,-0.11492449045181274,-34.278831481933594,-7.31680965423584
0.11836334317922592,0.5988497138023376,9.804854393005371,-0.11492449045181274,-34.278831481933594,-7.31680965423584
0.11836334317922592,0.5988497138023376,9.804854393005371,-0.060812752693891525,-34.21306610107422,-7.254557132720947
0.10758943855762482,0.5892729163169861,9.79408073425293,-0.060812752693891525,-34.21306610107422,-7.254557132720947
0.10758943855762482,0.5892729163169861,9.79408073425293,-0.0102231465280056,-34.202640533447266,-7.197272777557373
0.11357494443655014,0.5868787169456482,9.803657531738281,-0.0102231465280056,-34.202640533447266,-7.197272777557373
0.11357494443655014,0.5868787169456482,9.803657531738281,-0.004321679938584566,-34.2042121887207,-7.145453929901123
0.11716624349355698,0.5940613150596619,9.809642791748047,-0.004321679938584566,-34.2042121887207,-7.145453929901123
0.11716624349355698,0.5940613150596619,9.809642791748047,-0.037426821887493134,-34.18646240234375,-7.073511600494385
0.10519523918628693,0.5880758166313171,9.808445930480957,-0.037426821887493134,-34.18646240234375,-7.073511600494385
0.10519523918628693,0.5880758166313171,9.808445930480957,-0.05786426365375519,-34.16299819946289,-6.96496057510376
0.11716624349355698,0.5856816172599792,9.803657531738281,-0.05786426365375519,-34.16299819946289,-6.96496057510376
0.11716624349355698,0.5856816172599792,9.803657531738281,-0.059958092868328094,-34.182682037353516,-6.876911163330078
0.11716624349355698,0.5940613150596619,9.814431190490723,-0.059958092868328094,-34.182682037353516,-6.876911163330078
0.10519523918628693,0.5928642153739929,9.804854393005371,-0.059958092868328094,-34.182682037353516,-6.876911163330078
0.10519523918628693,0.5928642153739929,9.804854393005371,-0.09411578625440598,-34.26032638549805,-6.890312194824219
0.11716624349355698,0.6048352122306824,9.813234329223633,-0.09411578625440598,-34.26032638549805,-6.890312194824219
0.11716624349355698,0.6048352122306824,9.813234329223633,-0.15332072973251343,-34.33377456665039,-6.982504367828369
0.11956045031547546,0.5988497138023376,9.82879638671875,-0.15332072973251343,-34.33377456665039,-6.982504367828369
0.11956045031547546,0.5988497138023376,9.82879638671875,-0.22926348447799683,-34.33294677734375,-7.052836894989014
0.12195464968681335,0.6072294116020203,9.804854393005371,-0.22926348447799683,-34.33294677734375,-7.052836894989014
0.12195464968681335,0.6072294116020203,9.804854393005371,-0.35590124130249023,-34.255577087402344,-7.0658159255981445
0.11357494443655014,0.5964555144309998,9.814431190490723,-0.35590124130249023,-34.255577087402344,-7.0658159255981445
0.11357494443655014,0.5964555144309998,9.814431190490723,-0.5064247846603394,-34.1899528503418,-7.065328598022461
0.11357494443655014,0.5964555144309998,9.806051254272461,-0.5064247846603394,-34.1899528503418,-7.065328598022461
0.11357494443655014,0.5964555144309998,9.806051254272461,-0.6055670976638794,-34.16767501831055,-7.075002193450928
0.11716624349355698,0.6024410128593445,9.818022727966309,-0.6055670976638794,-34.16767501831055,-7.075002193450928
0.11716624349355698,0.6024410128593445,9.818022727966309,-0.6275526881217957,-34.1457633972168,-7.079366207122803
0.1123778447508812,0.590470016002655,9.82640266418457,-0.6275526881217957,-34.1457633972168,-7.079366207122803
0.12434884905815125,0.6072294116020203,9.809642791748047,-0.6275526881217957,-34.1457633972168,-7.079366207122803
0.12434884905815125,0.6072294116020203,9.809642791748047,-0.6000886559486389,-34.16136169433594,-7.0803303718566895
0.1231517493724823,0.6000468134880066,9.798869132995605,-0.6000886559486389,-34.16136169433594,-7.0803303718566895
0.1231517493724823,0.6000468134880066,9.798869132995605,-0.5297012329101563,-34.224769592285156,-7.079480171203613
0.10519523918628693,0.5940613150596619,9.815628051757813,-0.5297012329101563,-34.224769592285156,-7.079480171203613
0.10519523918628693,0.5940613150596619,9.815628051757813,-0.4280043840408325,-34.24897766113281,-7.044940948486328
0.11956045031547546,0.6036381125450134,9.818022727966309,-0.4280043840408325,-34.24897766113281,-7.044940948486328
0.11956045031547546,0.6036381125450134,9.818022727966309,-0.3562297224998474,-34.23317337036133,-7.017643451690674
0.12075755000114441,0.6024410128593445,9.807249069213867,-0.3562297224998474,-34.23317337036133,-7.017643451690674
0.12075755000114441,0.6024410128593445,9.807249069213867,-0.3541932702064514,-34.27561950683594,-7.065192699432373
0.11716624349355698,0.6096236109733582,9.822811126708984,-0.3541932702064514,-34.27561950683594,-7.065192699432373
0.11716624349355698,0.6096236109733582,9.822811126708984,-0.3858664035797119,-34.3704719543457,-7.122579097747803
0.12434884905815125,0.6036381125450134,9.802460670471191,-0.3858664035797119,-34.3704719543457,-7.122579097747803
0.12434884905815125,0.6036381125450134,9.802460670471191,-0.41087326407432556,-34.455081939697266,-7.1485595703125
0.12195464968681335,0.590470016002655,9.806051254272461,-0.41087326407432556,-34.455081939697266,-7.1485595703125
0.1231517493724823,0.6072294116020203,9.809642791748047,-0.41087326407432556,-34.455081939697266,-7.1485595703125
0.1231517493724823,0.6072294116020203,9.809642791748047,-0.4524895250797272,-34.48506164550781,-7.187389373779297
0.11956045031547546,0.5976526141166687,9.806051254272461,-0.4524895250797272,-34.48506164550781,-7.187389373779297
0.11956045031547546,0.5976526141166687,9.806051254272461,-0.5185434222221375,-34.441776275634766,-7.224668025970459
0.11836334317922592,0.6084265112876892,9.816825866699219,-0.5185434222221375,-34.441776275634766,-7.224668025970459
0.11836334317922592,0.6084265112876892,9.816825866699219,-0.5584490895271301,-34.413307189941406,-7.237332344055176
0.11836334317922592,0.6024410128593445,9.809642791748047,-0.5584490895271301,-34.413307189941406,-7.237332344055176
0.11836334317922592,0.6024410128593445,9.809642791748047,-0.5449754595756531,-34.430545806884766,-7.235732555389404
0.12674304842948914,0.5868787169456482,9.814431190490723,-0.5449754595756531,-34.430545806884766,-7.235732555389404
0.12674304842948914,0.5868787169456482,9.814431190490723,-0.5251712799072266,-34.44145202636719,-7.244132995605469
0.11596914380788803,0.590470016002655,9.810839653015137,-0.5251712799072266,-34.44145202636719,-7.244132995605469
0.11596914380788803,0.590470016002655,9.810839653015137,-0.5145118236541748,-34.45542526245117,-7.263895511627197
0.11956045031547546,0.591667115688324,9.822811126708984,-0.5145118236541748,-34.45542526245117,-7.263895511627197
0.11956045031547546,0.591667115688324,9.822811126708984,-0.48558658361434937,-34.46809768676758,-7.260427951812744
0.12075755000114441,0.5952584147453308,9.815628051757813,-0.48558658361434937,-34.46809768676758,-7.260427951812744
0.11836334317922592,0.591667115688324,9.814431190490723,-0.48558658361434937,-34.46809768676758,-7.260427951812744
0.11836334317922592,0.591667115688324,9.814431190490723,-0.45366376638412476,-34.45289993286133,-7.246552467346191
0.11118074506521225,0.5928642153739929,9.809642791748047,-0.45366376638412476,-34.45289993286133,-7.246552467346191
0.11118074506521225,0.5928642153739929,9.809642791748047,-0.4101330637931824,-34.435638427734375,-7.230452537536621
0.11118074506521225,0.5964555144309998,9.810839653015137,-0.4101330637931824,-34.435638427734375,-7.230452537536621
0.11118074506521225,0.5964555144309998,9.810839653015137,-0.32843679189682007,-34.42906188964844,-7.183486461639404
0.10758943855762482,0.5844845175743103,9.801262855529785,-0.32843679189682007,-34.42906188964844,-7.183486461639404
0.10758943855762482,0.5844845175743103,9.801262855529785,-0.2529332935810089,-34.42064666748047,-7.139324188232422
0.10519523918628693,0.591667115688324,9.822811126708984,-0.2529332935810089,-34.42064666748047,-7.139324188232422
0.10519523918628693,0.591667115688324,9.822811126708984,-0.2365732342004776,-34.42125701904297,-7.154730319976807
0.11836334317922592,0.5964555144309998,9.820416450500488,-0.2365732342004776,-34.42125701904297,-7.154730319976807
0.11836334317922592,0.5964555144309998,9.820416450500488,-0.2681938707828522,-34.417816162109375,-7.220279216766357
0.11716624349355698,0.5856816172599792,9.818022727966309,-0.2681938707828522,-34.417816162109375,-7.220279216766357
0.11716624349355698,0.5856816172599792,9.818022727966309,-0.3164701759815216,-34.413116455078125,-7.296799182891846
0.12075755000114441,0.591667115688324,9.821614265441895,-0.3164701759815216,-34.413116455078125,-7.296799182891846
0.10878653824329376,0.5952584147453308,9.812037467956543,-0.3164701759815216,-34.413116455078125,-7.296799182891846
0.10878653824329376,0.5952584147453308,9.812037467956543,-0.34664860367774963,-34.41699981689453,-7.363412380218506
0.12075755000114441,0.6012439131736755,9.825204849243164,-0.34664860367774963,-34.41699981689453,-7.363412380218506
0.12075755000114441,0.6012439131736755,9.825204849243164,-0.37045738101005554,-34.42420959472656,-7.387363910675049
0.11716624349355698,0.6108207106590271,9.814431190490723,-0.37045738101005554,-34.42420959472656,-7.387363910675049
0.11716624349355698,0.6108207106590271,9.814431190490723,-0.4195021688938141,-34.46457290649414,-7.353206634521484
0.11716624349355698,0.590470016002655,9.809642791748047,-0.4195021688938141,-34.46457290649414,-7.353206634521484
0.11716624349355698,0.590470016002655,9.809642791748047,-0.47089049220085144,-34.5457763671875,-7.314556121826172
0.11836334317922592,0.6048352122306824,9.816825866699219,-0.47089049220085144,-34.5457763671875,-7.314556121826172
0.11836334317922592,0.6048352122306824,9.816825866699219,-0.521473228931427,-34.638648986816406,-7.306152820587158
0.11956045031547546,0.5988497138023376,9.807249069213867,-0.521473228931427,-34.638648986816406,-7.306152820587158
0.11956045031547546,0.5988497138023376,9.807249069213867,-0.5864012241363525,-34.69397735595703,-7.313858509063721
0.11596914380788803,0.6000468134880066,9.833584785461426,-0.5864012241363525,-34.69397735595703,-7.313858509063721
0.11596914380788803,0.6000468134880066,9.833584785461426,-0.6123360395431519,-34.712158203125,-7.327733516693115
0.11836334317922592,0.6036381125450134,9.822811126708984,-0.6123360395431519,-34.712158203125,-7.327733516693115
0.11596914380788803,0.5964555144309998,9.806051254272461,-0.6123360395431519,-34.712158203125,-7.327733516693115
0.11596914380788803,0.5964555144309998,9.806051254272461,-0.5485313534736633,-34.70901107788086,-7.308815956115723
0.11716624349355698,0.5988497138023376,9.809642791748047,-0.5485313534736633,-34.70901107788086,-7.308815956115723
0.11716624349355698,0.5988497138023376,9.809642791748047,-0.45449861884117126,-34.63855743408203,-7.253238677978516
0.11716624349355698,0.590470016002655,9.809642791748047,-0.45449861884117126,-34.63855743408203,-7.253238677978516
0.11716624349355698,0.590470016002655,9.809642791748047,-0.3893872797489166,-34.459190368652344,-7.215899467468262
0.12075755000114441,0.6012439131736755,9.82640266418457,-0.3893872797489166,-34.459190368652344,-7.215899467468262
0.12075755000114441,0.6012439131736755,9.82640266418457,-0.3262345492839813,-34.230316162109375,-7.21115779876709
0.11596914380788803,0.5976526141166687,9.804854393005371,-0.3262345492839813,-34.230316162109375,-7.21115779876709
0.11596914380788803,0.5976526141166687,9.804854393005371,-0.2435276359319687,-34.10558319091797,-7.222923755645752
0.1231517493724823,0.5988497138023376,9.809642791748047,-0.2435276359319687,-34.10558319091797,-7.222923755645752
0.1231517493724823,0.5988497138023376,9.809642791748047,-0.18435010313987732,-34.129512786865234,-7.231995582580566
0.1255459487438202,0.5964555144309998,9.810839653015137,-0.18435010313987732,-34.129512786865234,-7.231995582580566
0.1255459487438202,0.5964555144309998,9.810839653015137,-0.20585957169532776,-34.23619842529297,-7.229736804962158
0.11118074506521225,0.6000468134880066,9.807249069213867,-0.20585957169532776,-34.23619842529297,-7.229736804962158
0.1123778447508812,0.6024410128593445,9.802460670471191,-0.20585957169532776,-34.23619842529297,-7.229736804962158
0.1123778447508812,0.6024410128593445,9.802460670471191,-0.28638994693756104,-34.369537353515625,-7.239010334014893
0.11956045031547546,0.5976526141166687,9.814431190490723,-0.28638994693756104,-34.369537353515625,-7.239010334014893
0.11956045031547546,0.5976526141166687,9.814431190490723,-0.3626708388328552,-34.48921203613281,-7.276698589324951
0.11716624349355698,0.5988497138023376,9.806051254272461,-0.3626708388328552,-34.48921203613281,-7.276698589324951
0.11716624349355698,0.5988497138023376,9.806051254272461,-0.4218217134475708,-34.59516525268555,-7.328744888305664
0.12434884905815125,0.5928642153739929,9.804854393005371,-0.4218217134475708,-34.59516525268555,-7.328744888305664
0.12434884905815125,0.5928642153739929,9.804854393005371,-0.4528340697288513,-34.6570930480957,-7.36909818649292
0.11956045031547546,0.6012439131736755,9.815628051757813,-0.4528340697288513,-34.6570930480957,-7.36909818649292
0.11956045031547546,0.6012439131736755,9.815628051757813,-0.40653371810913086,-34.63624954223633,-7.4041242599487305
0.11836334317922592,0.5952584147453308,9.79288387298584,-0.40653371810913086,-34.63624954223633,-7.4041242599487305
0.11836334317922592,0.5952584147453308,9.79288387298584,-0.2994837164878845,-34.58824920654297,-7.454417705535889
0.11716624349355698,0.5880758166313171,9.810839653015137,-0.2994837164878845,-34.58824920654297,-7.454417705535889
0.11716624349355698,0.5880758166313171,9.810839653015137,-0.2258508801460266,-34.56977462768555,-7.4773030281066895
0.11716624349355698,0.5964555144309998,9.813234329223633,-0.2258508801460266,-34.56977462768555,-7.4773030281066895
0.11716624349355698,0.5964555144309998,9.813234329223633,-0.2157454639673233,-34.58554458618164,-7.441328048706055
0.12195464968681335,0.5964555144309998,9.816825866699219,-0.2157454639673233,-34.58554458618164,-7.441328048706055
0.12195464968681335,0.6060323119163513,9.804854393005371,-0.2157454639673233,-34.58554458618164,-7.441328048706055
0.12195464968681335,0.6060323119163513,9.804854393005371,-0.2544763386249542,-34.63104248046875,-7.3761162757873535
0.11357494443655014,0.5964555144309998,9.806051254272461,-0.2544763386249542,-34.63104248046875,-7.3761162757873535
0.11357494443655014,0.5964555144309998,9.806051254272461,-0.33360740542411804,-34.6405029296875,-7.3016037940979
0.11118074506521225,0.5964555144309998,9.803657531738281,-0.33360740542411804,-34.6405029296875,-7.3016037940979
0.11118074506521225,0.5964555144309998,9.803657531738281,-0.43286409974098206,-34.58963394165039,-7.229149341583252
0.11956045031547546,0.6000468134880066,9.812037467956543,-0.43286409974098206,-34.58963394165039,-7.229149341583252
0.11956045031547546,0.6000468134880066,9.812037467956543,-0.5468273758888245,-34.52827453613281,-7.172022342681885
0.11596914380788803,0.5952584147453308,9.821614265441895,-0.5468273758888245,-34.52827453613281,-7.172022342681885
0.11596914380788803,0.5952584147453308,9.821614265441895,-0.6370062828063965,-34.457550048828125,-7.117028713226318
0.1231517493724823,0.6012439131736755,9.820416450500488,-0.6370062828063965,-34.457550048828125,-7.117028713226318
0.1231517493724823,0.6012439131736755,9.820416450500488,-0.6402395367622375,-34.41285705566406,-7.04094934463501
0.11596914380788803,0.6096236109733582,9.815628051757813,-0.6402395367622375,-34.41285705566406,-7.04094934463501
0.11596914380788803,0.6096236109733582,9.815628051757813,-0.543573260307312,-34.4141845703125,-6.953364372253418
0.12195464968681335,0.6072294116020203,9.800065994262695,-0.543573260307312,-34.4141845703125,-6.953364372253418
0.1231517493724823,0.5964555144309998,9.807249069213867,-0.543573260307312,-34.4141845703125,-6.953364372253418
0.1231517493724823,0.5964555144309998,9.807249069213867,-0.3853406310081482,-34.44547653198242,-6.902367115020752
0.11956045031547546,0.5928642153739929,9.801262855529785,-0.3853406310081482,-34.44547653198242,-6.902367115020752
0.11956045031547546,0.5928642153739929,9.801262855529785,-0.24552366137504578,-34.501380920410156,-6.911929130554199
0.12075755000114441,0.6060323119163513,9.816825866699219,-0.24552366137504578,-34.501380920410156,-6.911929130554199
0.12075755000114441,0.6060323119163513,9.816825866699219,-0.17517134547233582,-34.55796813964844,-6.965017318725586
0.12195464968681335,0.5952584147453308,9.812037467956543,-0.17517134547233582,-34.55796813964844,-6.965017318725586
0.12195464968681335,0.5952584147453308,9.812037467956543,-0.14367389678955078,-34.60369110107422,-7.061374664306641
0.11357494443655014,0.5976526141166687,9.814431190490723,-0.14367389678955078,-34.60369110107422,-7.061374664306641
0.11357494443655014,0.5976526141166687,9.814431190490723,-0.11222497373819351,-34.626914978027344,-7.17581844329834
0.11357494443655014,0.5964555144309998,9.812037467956543,-0.11222497373819351,-34.626914978027344,-7.17581844329834
0.11357494443655014,0.5964555144309998,9.812037467956543,-0.10352050513029099,-34.63479995727539,-7.259749889373779
0.11956045031547546,0.6048352122306824,9.803657531738281,-0.10352050513029099,-34.63479995727539,-7.259749889373779
