0.33114802837371826,1.5713444948196411,9.510517120361328,36.494632720947266,-7.487488269805908,-13.191268920898438
0.33114802837371826,1.5713444948196411,9.510517120361328,36.54487228393555,-7.504062652587891,-13.232977867126465
0.29403790831565857,1.376217007637024,10.16413402557373,36.54487228393555,-7.504062652587891,-13.232977867126465
0.29403790831565857,1.376217007637024,10.16413402557373,36.693931579589844,-7.558511734008789,-13.386809349060059
0.6495768427848816,1.0913070440292358,9.114276885986328,36.693931579589844,-7.558511734008789,-13.386809349060059
0.5813421010971069,0.30122050642967224,9.763105392456055,36.693931579589844,-7.558511734008789,-13.386809349060059
0.5813421010971069,0.30122050642967224,9.763105392456055,36.913116455078125,-7.661848068237305,-13.615165710449219
0.24735096096992493,0.05820902809500694,10.905139923095703,36.913116455078125,-7.661848068237305,-13.615165710449219
-0.017208324745297432,0.1695394068956375,11.483339309692383,36.913116455078125,-7.661848068237305,-13.615165710449219
-0.11896190047264099,0.26889878511428833,11.169698715209961,36.913116455078125,-7.661848068237305,-13.615165710449219
-0.0818517729640007,0.5214870572090149,10.24194622039795,36.913116455078125,-7.661848068237305,-13.615165710449219
-0.0818517729640007,0.5214870572090149,10.24194622039795,37.13351821899414,-7.826152801513672,-13.802743911743164
-0.027982233092188835,0.7944260239601135,9.018508911132813,37.13351821899414,-7.826152801513672,-13.802743911743164
0.05461772531270981,1.0996867418289185,7.836970329284668,37.13351821899414,-7.826152801513672,-13.802743911743164
0.24495676159858704,1.3941736221313477,7.300669193267822,37.13351821899414,-7.826152801513672,-13.802743911743164
0.5562030076980591,1.4803647994995117,7.299471855163574,37.13351821899414,-7.826152801513672,-13.802743911743164
0.5562030076980591,1.4803647994995117,7.299471855163574,37.297428131103516,-7.970865726470947,-13.861194610595703
0.7034463882446289,1.3833997249603271,7.827393531799316,37.297428131103516,-7.970865726470947,-13.861194610595703
0.4544494152069092,1.1715128421783447,8.810213088989258,37.297428131103516,-7.970865726470947,-13.861194610595703
0.32875382900238037,0.33354222774505615,10.441862106323242,37.297428131103516,-7.970865726470947,-13.861194610595703
0.5765537023544312,-0.3643675744533539,11.899930953979492,37.297428131103516,-7.970865726470947,-13.861194610595703
0.5765537023544312,-0.3643675744533539,11.899930953979492,37.40517044067383,-7.987061500549316,-13.740646362304688
0.762104332447052,-0.12614449858665466,12.417078018188477,37.40517044067383,-7.987061500549316,-13.740646362304688
0.5502174496650696,0.5107131600379944,11.569530487060547,37.40517044067383,-7.987061500549316,-13.740646362304688
0.3239654302597046,0.9093477129936218,9.819369316101074,37.40517044067383,-7.987061500549316,-13.740646362304688
0.49634793400764465,1.2062287330627441,8.534879684448242,37.40517044067383,-7.987061500549316,-13.740646362304688
0.49634793400764465,1.2062287330627441,8.534879684448242,37.459896087646484,-7.9223456382751465,-13.49378776550293
0.7860463261604309,1.432480812072754,7.857321262359619,37.459896087646484,-7.9223456382751465,-13.49378776550293
1.042225956916809,1.5114895105361938,7.655011177062988,37.459896087646484,-7.9223456382751465,-13.49378776550293
1.108066439628601,1.471985101699829,7.695712566375732,37.459896087646484,-7.9223456382751465,-13.49378776550293
0.9775824546813965,1.4420576095581055,8.198494911193848,37.459896087646484,-7.9223456382751465,-13.49378776550293
0.9775824546813965,1.4420576095581055,8.198494911193848,37.51399230957031,-7.840182781219482,-13.228193283081055
0.8183680772781372,1.4001591205596924,9.0005521774292,37.51399230957031,-7.840182781219482,-13.228193283081055
0.7561188340187073,1.3259388208389282,9.344120025634766,37.51399230957031,-7.840182781219482,-13.228193283081055
0.5777508020401001,1.2804490327835083,9.33693790435791,37.51399230957031,-7.840182781219482,-13.228193283081055
0.4125508666038513,1.2960113286972046,9.24954891204834,37.51399230957031,-7.840182781219482,-13.228193283081055
0.4125508666038513,1.2960113286972046,9.24954891204834,37.62389373779297,-7.716512203216553,-13.03953742980957
0.37903204560279846,1.3630489110946655,9.503334999084473,37.62389373779297,-7.716512203216553,-13.03953742980957
0.3479074239730835,1.5114895105361938,9.775076866149902,37.62389373779297,-7.716512203216553,-13.03953742980957
0.27727848291397095,1.6072574853897095,9.978583335876465,37.62389373779297,-7.716512203216553,-13.03953742980957
0.1479915976524353,1.649156093597412,10.022876739501953,37.62389373779297,-7.716512203216553,-13.03953742980957
0.1479915976524353,1.649156093597412,10.022876739501953,37.71394348144531,-7.564509868621826,-13.023947715759277
0.07377134263515472,1.6419734954833984,9.82296085357666,37.71394348144531,-7.564509868621826,-13.023947715759277
0.09053075313568115,1.6264111995697021,9.997736930847168,37.71394348144531,-7.564509868621826,-13.023947715759277
0.4209305942058563,1.5928922891616821,10.350882530212402,37.71394348144531,-7.564509868621826,-13.023947715759277
0.6914753913879395,1.737741470336914,10.336517333984375,37.71394348144531,-7.564509868621826,-13.023947715759277
0.6914753913879395,1.737741470336914,10.336517333984375,37.7362060546875,-7.404339790344238,-13.14389419555664
0.49634793400764465,2.1519384384155273,9.60867977142334,37.7362060546875,-7.404339790344238,-13.14389419555664
0.0043394905515015125,1.858648657798767,9.345317840576172,37.7362060546875,-7.404339790344238,-13.14389419555664
0.11088146269321442,0.9320926666259766,10.604667663574219,37.7362060546875,-7.404339790344238,-13.14389419555664
0.47001171112060547,0.18629881739616394,13.08027172088623,37.7362060546875,-7.404339790344238,-13.14389419555664
0.47001171112060547,0.18629881739616394,13.08027172088623,37.73223114013672,-7.255560398101807,-13.239790916442871
0.9488520622253418,-0.18480244278907776,14.2570219039917,37.73223114013672,-7.255560398101807,-13.239790916442871
0.7992144823074341,-0.13452421128749847,12.879158973693848,37.73223114013672,-7.255560398101807,-13.239790916442871
0.4819827377796173,0.23418284952640533,10.377218246459961,37.73223114013672,-7.255560398101807,-13.239790916442871
-0.002843114547431469,0.7644985318183899,8.211663246154785,37.73223114013672,-7.255560398101807,-13.239790916442871
-0.002843114547431469,0.7644985318183899,8.211663246154785,37.72772979736328,-7.166553020477295,-13.273530006408691
-0.6277297735214233,1.255309820175171,6.6099419593811035,37.72772979736328,-7.166553020477295,-13.273530006408691
-1.0826281309127808,1.5569792985916138,5.75521183013916,37.72772979736328,-7.166553020477295,-13.273530006408691
-1.308880090713501,1.5055040121078491,6.147861003875732,37.72772979736328,-7.166553020477295,-13.273530006408691
-1.3005003929138184,1.0326491594314575,7.47305154800415,37.72772979736328,-7.166553020477295,-13.273530006408691
-1.3005003929138184,1.0326491594314575,7.47305154800415,37.702030181884766,-7.181647777557373,-13.33010196685791
-0.9497498869895935,0.3503016233444214,9.43031120300293,37.702030181884766,-7.181647777557373,-13.33010196685791
-0.5774515271186829,-0.18959084153175354,11.360037803649902,37.702030181884766,-7.181647777557373,-13.33010196685791
-0.15607202053070068,-0.24944588541984558,12.113014221191406,37.702030181884766,-7.181647777557373,-13.33010196685791
-0.08903437852859497,0.015113398432731628,10.76268482208252,37.702030181884766,-7.181647777557373,-13.33010196685791
-0.08903437852859497,0.015113398432731628,10.76268482208252,37.64116668701172,-7.326217174530029,-13.420964241027832
-0.12375029921531677,0.4472668170928955,8.836549758911133,37.64116668701172,-7.326217174530029,-13.420964241027832
0.00793079286813736,0.6890811920166016,7.467066287994385,37.64116668701172,-7.326217174530029,-13.420964241027832
0.0043394905515015125,0.9416694641113281,7.1641998291015625,37.64116668701172,-7.326217174530029,-13.420964241027832
-0.05192425101995468,1.0937012434005737,7.705289363861084,37.64116668701172,-7.326217174530029,-13.420964241027832
-0.05192425101995468,1.0937012434005737,7.705289363861084,37.56192398071289,-7.545531272888184,-13.511824607849121
-0.09741408377885818,1.0817302465438843,8.543259620666504,37.56192398071289,-7.545531272888184,-13.511824607849121
-0.1381155103445053,1.0925041437149048,9.473406791687012,37.56192398071289,-7.545531272888184,-13.511824607849121
-0.18959084153175354,1.1379940509796143,10.130615234375,37.56192398071289,-7.545531272888184,-13.511824607849121
-0.13931261003017426,1.2457330226898193,10.134206771850586,37.56192398071289,-7.545531272888184,-13.511824607849121
-0.13931261003017426,1.2457330226898193,10.134206771850586,37.442970275878906,-7.815217971801758,-13.644254684448242
-0.15008652210235596,1.3810055255889893,9.799018859863281,37.442970275878906,-7.815217971801758,-13.644254684448242
-0.1512836217880249,1.530643105506897,9.534459114074707,37.442970275878906,-7.815217971801758,-13.644254684448242
-0.08424597233533859,1.6395792961120605,9.445874214172363,37.442970275878906,-7.815217971801758,-13.644254684448242
0.01750759966671467,1.7329530715942383,9.344120025634766,37.442970275878906,-7.815217971801758,-13.644254684448242
0.01750759966671467,1.7329530715942383,9.344120025634766,37.33952331542969,-8.130196571350098,-13.805136680603027
0.14200608432292938,1.8119617700576782,9.195679664611816,37.33952331542969,-8.130196571350098,-13.805136680603027
0.24735096096992493,1.7856255769729614,9.017312049865723,37.33952331542969,-8.130196571350098,-13.805136680603027
0.3084031045436859,1.8119617700576782,9.134627342224121,37.33952331542969,-8.130196571350098,-13.805136680603027
0.35987845063209534,1.7545009851455688,9.529670715332031,37.33952331542969,-8.130196571350098,-13.805136680603027
0.35987845063209534,1.7545009851455688,9.529670715332031,37.33167266845703,-8.454185485839844,-13.932387351989746
0.37903204560279846,1.6144400835037231,10.179697036743164,37.33167266845703,-8.454185485839844,-13.932387351989746
0.37065234780311584,1.498321294784546,10.621426582336426,37.33167266845703,-8.454185485839844,-13.932387351989746
0.5214870572090149,1.653944492340088,10.269479751586914,37.33167266845703,-8.454185485839844,-13.932387351989746
0.4233247935771942,1.9328689575195313,9.603891372680664,37.33167266845703,-8.454185485839844,-13.932387351989746
0.4712088108062744,1.5833154916763306,9.28306770324707,37.33167266845703,-8.454185485839844,-13.932387351989746
0.4712088108062744,1.5833154916763306,9.28306770324707,37.388038635253906,-8.767894744873047,-14.018694877624512
0.821959376335144,0.7333738803863525,9.832537651062012,37.388038635253906,-8.767894744873047,-14.018694877624512
1.0122984647750854,-0.06150105595588684,11.902324676513672,37.388038635253906,-8.767894744873047,-14.018694877624512
1.187075138092041,-0.5930138230323792,13.624953269958496,37.388038635253906,-8.767894744873047,-14.018694877624512
0.9919477105140686,-0.4505588412284851,13.018022537231445,37.388038635253906,-8.767894744873047,-14.018694877624512
0.9919477105140686,-0.4505588412284851,13.018022537231445,37.50515365600586,-9.014592170715332,-14.035371780395508
0.7609072327613831,-0.15487492084503174,10.639383316040039,37.50515365600586,-9.014592170715332,-14.035371780395508
0.5107131600379944,0.29882630705833435,8.585158348083496,37.50515365600586,-9.014592170715332,-14.035371780395508
0.38382047414779663,0.7656956315040588,7.501781940460205,37.50515365600586,-9.014592170715332,-14.035371780395508
0.4951508343219757,0.9093477129936218,7.456292152404785,37.50515365600586,-9.014592170715332,-14.035371780395508
0.4951508343219757,0.9093477129936218,7.456292152404785,37.611602783203125,-9.11446762084961,-14.056733131408691
0.5981014966964722,0.7477391362190247,8.120683670043945,37.611602783203125,-9.11446762084961,-14.056733131408691
0.4340986907482147,0.5957072973251343,9.120262145996094,37.611602783203125,-9.11446762084961,-14.056733131408691
0.22221185266971588,0.41853639483451843,9.79063892364502,37.611602783203125,-9.11446762084961,-14.056733131408691
0.09891045838594437,0.5023334622383118,10.172513961791992,37.611602783203125,-9.11446762084961,-14.056733131408691
0.09891045838594437,0.5023334622383118,10.172513961791992,37.60172653198242,-8.976066589355469,-14.241558074951172
0.09531915187835693,0.861463725566864,10.159345626831055,37.60172653198242,-8.976066589355469,-14.241558074951172
0.10848726332187653,1.185878038406372,9.353696823120117,37.60172653198242,-8.976066589355469,-14.241558074951172
0.0330699123442173,1.4564228057861328,8.40080451965332,37.60172653198242,-8.976066589355469,-14.241558074951172
0.09771335870027542,1.7317559719085693,7.799860000610352,37.60172653198242,-8.976066589355469,-14.241558074951172
0.09771335870027542,1.7317559719085693,7.799860000610352,37.5235710144043,-8.561766624450684,-14.543603897094727
0.21383213996887207,1.862239956855774,7.787889003753662,37.5235710144043,-8.561766624450684,-14.543603897094727
0.4233247935771942,1.7916110754013062,8.089558601379395,37.5235710144043,-8.561766624450684,-14.543603897094727
0.763301432132721,1.5234605073928833,8.719233512878418,37.5235710144043,-8.561766624450684,-14.543603897094727
1.228973627090454,1.2457330226898193,9.571569442749023,37.5235710144043,-8.561766624450684,-14.543603897094727
1.228973627090454,1.2457330226898193,9.571569442749023,37.439151763916016,-7.9824724197387695,-14.777835845947266
1.5162779092788696,1.167921543121338,10.082731246948242,37.439151763916016,-7.9824724197387695,-14.777835845947266
1.6060603857040405,1.2577041387557983,9.816975593566895,37.439151763916016,-7.9824724197387695,-14.777835845947266
1.4923357963562012,1.4600141048431396,9.102306365966797,37.439151763916016,-7.9824724197387695,-14.777835845947266
1.3271359205245972,1.6048632860183716,8.510937690734863,37.439151763916016,-7.9824724197387695,-14.777835845947266
1.3271359205245972,1.6048632860183716,8.510937690734863,37.362266540527344,-7.496944427490234,-14.893503189086914
1.0781389474868774,1.749712586402893,8.477418899536133,37.362266540527344,-7.496944427490234,-14.893503189086914
0.9261071681976318,1.8550573587417603,8.789862632751465,37.362266540527344,-7.496944427490234,-14.893503189086914
0.7980173826217651,1.9125182628631592,9.098714828491211,37.362266540527344,-7.496944427490234,-14.893503189086914
0.5442319512367249,1.981950044631958,9.472209930419922,37.362266540527344,-7.496944427490234,-14.893503189086914
0.5442319512367249,1.981950044631958,9.472209930419922,37.321388244628906,-7.267836093902588,-14.963098526000977
0.2784755825996399,1.9472341537475586,9.674520492553711,37.321388244628906,-7.267836093902588,-14.963098526000977
0.11207856982946396,1.7975965738296509,10.052803993225098,37.321388244628906,-7.267836093902588,-14.963098526000977
0.11447276920080185,1.6922516822814941,10.935067176818848,37.321388244628906,-7.267836093902588,-14.963098526000977
0.34192192554473877,1.6048632860183716,11.70959186553955,37.321388244628906,-7.267836093902588,-14.963098526000977
0.34192192554473877,1.6048632860183716,11.70959186553955,37.30580139160156,-7.231290817260742,-15.038151741027832
0.8578723669052124,1.7221791744232178,11.592275619506836,37.30580139160156,-7.231290817260742,-15.038151741027832
0.5693711042404175,2.1710920333862305,10.415525436401367,37.30580139160156,-7.231290817260742,-15.038151741027832
0.3239654302597046,2.0346224308013916,10.056395530700684,37.30580139160156,-7.231290817260742,-15.038151741027832
0.35987845063209534,1.2229881286621094,11.360037803649902,37.30580139160156,-7.231290817260742,-15.038151741027832
0.35987845063209534,1.2229881286621094,11.360037803649902,37.2806282043457,-7.335184574127197,-15.133946418762207
0.5131073594093323,0.33833062648773193,13.29455280303955,37.2806282043457,-7.335184574127197,-15.133946418762207
0.8997709155082703,0.012719196267426014,14.048727035522461,37.2806282043457,-7.335184574127197,-15.133946418762207
0.8040028810501099,0.18390461802482605,12.384756088256836,37.2806282043457,-7.335184574127197,-15.133946418762207
0.45684361457824707,0.578947901725769,9.850494384765625,37.2806282043457,-7.335184574127197,-15.133946418762207
0.45684361457824707,0.578947901725769,9.850494384765625,37.313602447509766,-7.601055145263672,-15.171196937561035
-0.011222820729017258,1.0003273487091064,7.717260360717773,37.313602447509766,-7.601055145263672,-15.171196937561035
-0.3655646741390228,1.2505214214324951,6.368127822875977,37.313602447509766,-7.601055145263672,-15.171196937561035
-0.43260231614112854,1.1056722402572632,6.182577133178711,37.313602447509766,-7.601055145263672,-15.171196937561035
-0.3535936772823334,0.7261912822723389,7.415590763092041,37.313602447509766,-7.601055145263672,-15.171196937561035
-0.3535936772823334,0.7261912822723389,7.415590763092041,37.475032806396484,-7.982377529144287,-15.05764389038086
-0.2793734073638916,0.33593642711639404,8.791059494018555,37.475032806396484,-7.982377529144287,-15.05764389038086
-0.20275895297527313,0.19108721613883972,9.453056335449219,37.475032806396484,-7.982377529144287,-15.05764389038086
-0.1967734545469284,0.3610755503177643,9.534459114074707,37.475032806396484,-7.982377529144287,-15.05764389038086
-0.012419921346008778,0.5083189606666565,8.88443374633789,37.475032806396484,-7.982377529144287,-15.05764389038086
-0.012419921346008778,0.5083189606666565,8.88443374633789,37.67410659790039,-8.368096351623535,-14.878049850463867
0.2593219578266144,0.7178115844726563,7.966257095336914,37.67410659790039,-8.368096351623535,-14.878049850463867
0.39698857069015503,0.9943419098854065,7.3605241775512695,37.67410659790039,-8.368096351623535,-14.878049850463867
0.35269585251808167,1.230170726776123,7.467066287994385,37.67410659790039,-8.368096351623535,-14.878049850463867
0.3131915032863617,1.3570634126663208,8.047659873962402,37.67410659790039,-8.368096351623535,-14.878049850463867
0.3131915032863617,1.3570634126663208,8.047659873962402,37.76927185058594,-8.712549209594727,-14.78494644165039
0.3215712010860443,1.452831506729126,8.429534912109375,37.76927185058594,-8.712549209594727,-14.78494644165039
0.4903624355792999,1.3917794227600098,8.99935531616211,37.76927185058594,-8.712549209594727,-14.78494644165039
0.6352116465568542,1.3917794227600098,9.469816207885742,37.76927185058594,-8.712549209594727,-14.78494644165039
0.7094318866729736,1.4396634101867676,9.840917587280273,37.76927185058594,-8.712549209594727,-14.78494644165039
0.7094318866729736,1.4396634101867676,9.840917587280273,37.73823547363281,-9.051584243774414,-14.842306137084961
0.5693711042404175,1.5713444948196411,10.103082656860352,37.73823547363281,-9.051584243774414,-14.842306137084961
0.3479074239730835,1.7114052772521973,9.979781150817871,37.73823547363281,-9.051584243774414,-14.842306137084961
0.22460605204105377,1.8694226741790771,9.917531967163086,37.73823547363281,-9.051584243774414,-14.842306137084961
0.1611597090959549,1.9424457550048828,9.867253303527832,37.73823547363281,-9.051584243774414,-14.842306137084961
0.1611597090959549,1.9424457550048828,9.867253303527832,37.653079986572266,-9.395147323608398,-15.009657859802246
0.17552490532398224,1.9699790477752686,9.891195297241211,37.653079986572266,-9.395147323608398,-15.009657859802246
0.2389712631702423,1.8550573587417603,9.979781150817871,37.653079986572266,-9.395147323608398,-15.009657859802246
0.35987845063209534,1.7880197763442993,10.148571968078613,37.653079986572266,-9.395147323608398,-15.009657859802246
0.32037410140037537,1.7221791744232178,10.140192031860352,37.653079986572266,-9.395147323608398,-15.009657859802246
0.32037410140037537,1.7221791744232178,10.140192031860352,37.60017013549805,-9.681108474731445,-15.163421630859375
0.3479074239730835,1.6623241901397705,10.027665138244629,37.60017013549805,-9.681108474731445,-15.163421630859375
0.47001171112060547,1.9448399543762207,9.793033599853516,37.60017013549805,-9.681108474731445,-15.163421630859375
0.2521393597126007,2.007089138031006,9.709236145019531,37.60017013549805,-9.681108474731445,-15.163421630859375
0.5945101976394653,1.384596824645996,9.868450164794922,37.60017013549805,-9.681108474731445,-15.163421630859375
0.5945101976394653,1.384596824645996,9.868450164794922,37.60612487792969,-9.858207702636719,-15.214274406433105
1.0494085550308228,0.4795885384082794,10.516081809997559,37.60612487792969,-9.858207702636719,-15.214274406433105
1.1523592472076416,-0.04833294823765755,11.770644187927246,37.60612487792969,-9.858207702636719,-15.214274406433105
1.0577882528305054,-0.23268647491931915,12.203993797302246,37.60612487792969,-9.858207702636719,-15.214274406433105
0.8063970804214478,-0.09023147821426392,11.360037803649902,37.60612487792969,-9.858207702636719,-15.214274406433105
0.5083189606666565,0.29403790831565857,9.846902847290039,37.60612487792969,-9.858207702636719,-15.214274406433105
0.5083189606666565,0.29403790831565857,9.846902847290039,37.60601806640625,-9.972999572753906,-15.214156150817871
0.2066495269536972,0.7549217343330383,8.479813575744629,37.60601806640625,-9.972999572753906,-15.214156150817871
0.3048118054866791,0.9871593117713928,7.823802471160889,37.60601806640625,-9.972999572753906,-15.214156150817871
0.5957072973251343,0.8889970183372498,7.889642715454102,37.60601806640625,-9.972999572753906,-15.214156150817871
0.8279448747634888,0.6854898929595947,8.630648612976074,37.60601806640625,-9.972999572753906,-15.214156150817871
0.8279448747634888,0.6854898929595947,8.630648612976074,37.61954116821289,-10.018814086914063,-15.21446704864502
0.9189245104789734,0.42811319231987,9.454253196716309,37.61954116821289,-10.018814086914063,-15.21446704864502
0.7668927311897278,0.21143794059753418,10.123433113098145,37.61954116821289,-10.018814086914063,-15.21446704864502
0.7357681393623352,0.2700958847999573,10.305392265319824,37.61954116821289,-10.018814086914063,-15.21446704864502
0.6100724935531616,0.5717653036117554,9.894786834716797,37.61954116821289,-10.018814086914063,-15.21446704864502
0.6100724935531616,0.5717653036117554,9.894786834716797,37.68637466430664,-9.89889907836914,-15.181927680969238
0.4867711365222931,0.861463725566864,8.995763778686523,37.68637466430664,-9.89889907836914,-15.181927680969238
0.4712088108062744,1.087715744972229,8.419958114624023,37.68637466430664,-9.89889907836914,-15.181927680969238
0.5035305619239807,1.2158055305480957,8.200888633728027,37.68637466430664,-9.89889907836914,-15.181927680969238
0.5514145493507385,1.2469301223754883,8.4247465133667,37.68637466430664,-9.89889907836914,-15.181927680969238
0.5514145493507385,1.2469301223754883,8.4247465133667,37.757198333740234,-9.624597549438477,-15.107150077819824
0.6160580515861511,1.2181997299194336,8.714445114135742,37.757198333740234,-9.624597549438477,-15.107150077819824
0.6962637901306152,1.1918635368347168,9.06758975982666,37.757198333740234,-9.624597549438477,-15.107150077819824
0.7884405255317688,1.1583447456359863,9.241169929504395,37.757198333740234,-9.624597549438477,-15.107150077819824
0.8710405230522156,1.2158055305480957,9.28306770324707,37.757198333740234,-9.624597549438477,-15.107150077819824
0.8710405230522156,1.2158055305480957,9.28306770324707,37.84889221191406,-9.256631851196289,-14.994012832641602
0.8806173205375671,1.2948142290115356,9.267505645751953,37.84889221191406,-9.256631851196289,-14.994012832641602
0.8734347224235535,1.3893852233886719,9.3967924118042,37.84889221191406,-9.256631851196289,-14.994012832641602
0.9153332114219666,1.4695909023284912,9.582343101501465,37.84889221191406,-9.256631851196289,-14.994012832641602
0.8423100709915161,1.594089388847351,9.619453430175781,37.84889221191406,-9.256631851196289,-14.994012832641602
0.8423100709915161,1.594089388847351,9.619453430175781,37.965396881103516,-8.817802429199219,-14.876700401306152
0.8159738779067993,1.675492286682129,9.739163398742676,37.965396881103516,-8.817802429199219,-14.876700401306152
0.6902782917022705,1.7485154867172241,9.807398796081543,37.965396881103516,-8.817802429199219,-14.876700401306152
0.49634793400764465,1.8658312559127808,9.887603759765625,37.965396881103516,-8.817802429199219,-14.876700401306152
0.4065653681755066,1.893364667892456,9.808595657348633,37.965396881103516,-8.817802429199219,-14.876700401306152
0.4065653681755066,1.893364667892456,9.808595657348633,38.06243896484375,-8.407256126403809,-14.846600532531738
0.41374799609184265,1.9005472660064697,9.870844841003418,38.06243896484375,-8.407256126403809,-14.846600532531738
0.5143044590950012,1.7820342779159546,9.945064544677734,38.06243896484375,-8.407256126403809,-14.846600532531738
0.6076782941818237,1.6575357913970947,9.97140121459961,38.06243896484375,-8.407256126403809,-14.846600532531738
0.6866869926452637,1.9663877487182617,9.775076866149902,38.06243896484375,-8.407256126403809,-14.846600532531738
0.6866869926452637,1.9663877487182617,9.775076866149902,38.130977630615234,-8.165719032287598,-14.930094718933105
0.16714520752429962,2.441636800765991,8.88563060760498,38.130977630615234,-8.165719032287598,-14.930094718933105
-0.7677905559539795,2.028636932373047,8.141034126281738,38.130977630615234,-8.165719032287598,-14.930094718933105
-0.7677905559539795,2.028636932373047,8.141034126281738,38.15583801269531,-8.118697166442871,-15.059560775756836
0.46163201332092285,-0.148889422416687,12.171672821044922,38.15583801269531,-8.118697166442871,-15.059560775756836
0.46163201332092285,-0.148889422416687,12.171672821044922,38.14667510986328,-8.190377235412598,-15.152361869812012
0.07257423549890518,0.4041711688041687,8.689306259155273,38.14667510986328,-8.190377235412598,-15.152361869812012
0.07257423549890518,0.4041711688041687,8.689306259155273,38.131309509277344,-8.312807083129883,-15.192785263061523
-0.25662848353385925,0.4676175117492676,9.287857055664063,38.131309509277344,-8.312807083129883,-15.192785263061523
-0.25662848353385925,0.4676175117492676,9.287857055664063,38.124290466308594,-8.492973327636719,-15.2084379196167
0.3993827700614929,1.3223475217819214,7.420379161834717,38.124290466308594,-8.492973327636719,-15.2084379196167
0.6735188364982605,1.0518027544021606,8.623465538024902,38.124290466308594,-8.492973327636719,-15.2084379196167
0.6735188364982605,1.0518027544021606,8.623465538024902,38.139129638671875,-8.747527122497559,-15.209162712097168
0.13003507256507874,1.1152490377426147,10.131813049316406,38.139129638671875,-8.747527122497559,-15.209162712097168
0.13003507256507874,1.1152490377426147,10.131813049316406,38.1367301940918,-9.003711700439453,-15.27684497833252
-0.08424597233533859,1.7461211681365967,9.73317813873291,38.1367301940918,-9.003711700439453,-15.27684497833252
-0.08424597233533859,1.7461211681365967,9.73317813873291,38.101829528808594,-9.168722152709961,-15.42909049987793
0.20066402852535248,1.8754081726074219,9.753528594970703,38.101829528808594,-9.168722152709961,-15.42909049987793
0.20066402852535248,1.8754081726074219,9.753528594970703,38.091304779052734,-9.199788093566895,-15.525601387023926
0.12165537476539612,2.1303906440734863,9.729586601257324,38.091304779052734,-9.199788093566895,-15.525601387023926
0.12165537476539612,2.1303906440734863,9.729586601257324,38.09450912475586,-9.119495391845703,-15.502158164978027
0.8399158716201782,0.30960020422935486,12.621782302856445,38.09450912475586,-9.119495391845703,-15.502158164978027
0.8399158716201782,0.30960020422935486,12.621782302856445,38.06239318847656,-8.985416412353516,-15.417816162109375
0.7776666283607483,0.09651625901460648,9.459041595458984,38.06239318847656,-8.985416412353516,-15.417816162109375
0.7776666283607483,0.09651625901460648,9.459041595458984,38.0197639465332,-8.802704811096191,-15.354079246520996
1.1751041412353516,0.16594810783863068,8.933514595031738,38.0197639465332,-8.802704811096191,-15.354079246520996
0.7896376252174377,0.49395373463630676,9.096320152282715,38.0197639465332,-8.802704811096191,-15.354079246520996
0.7896376252174377,0.49395373463630676,9.096320152282715,37.947566986083984,-8.55870532989502,-15.37053394317627
-0.0818517729640007,1.2457330226898193,8.051251411437988,37.947566986083984,-8.55870532989502,-15.37053394317627
-0.0818517729640007,1.2457330226898193,8.051251411437988,37.79305648803711,-8.251259803771973,-15.471518516540527
0.4305073916912079,1.1032780408859253,9.324966430664063,37.79305648803711,-8.251259803771973,-15.471518516540527
0.4305073916912079,1.1032780408859253,9.324966430664063,37.62157440185547,-7.900145530700684,-15.559890747070313
1.024269461631775,1.166724443435669,10.12941837310791,37.62157440185547,-7.900145530700684,-15.559890747070313
1.024269461631775,1.166724443435669,10.12941837310791,37.475929260253906,-7.5976786613464355,-15.534021377563477
0.30960020422935486,1.7975965738296509,9.182511329650879,37.475929260253906,-7.5976786613464355,-15.534021377563477
0.30960020422935486,1.7975965738296509,9.182511329650879,37.34672164916992,-7.427811622619629,-15.433967590332031
0.24974516034126282,1.9017443656921387,10.022876739501953,37.34672164916992,-7.427811622619629,-15.433967590332031
0.24974516034126282,1.9017443656921387,10.022876739501953,37.29217529296875,-7.36314582824707,-15.301794052124023
0.35509005188941956,0.5155015587806702,10.736348152160645,37.29217529296875,-7.36314582824707,-15.301794052124023
0.35509005188941956,0.5155015587806702,10.736348152160645,37.341819763183594,-7.353277683258057,-15.10621452331543
0.28805238008499146,0.03546411171555519,10.676493644714355,37.341819763183594,-7.353277683258057,-15.10621452331543
-0.19198505580425262,0.5562030076980591,8.923937797546387,37.341819763183594,-7.353277683258057,-15.10621452331543
-0.19198505580425262,0.5562030076980591,8.923937797546387,37.398406982421875,-7.4622602462768555,-14.919069290161133
0.13602058589458466,0.6172551512718201,9.168146133422852,37.398406982421875,-7.4622602462768555,-14.919069290161133
0.13602058589458466,0.6172551512718201,9.168146133422852,37.356388092041016,-7.7548909187316895,-14.805991172790527
0.740556538105011,1.1068693399429321,8.00576114654541,37.356388092041016,-7.7548909187316895,-14.805991172790527
0.740556538105011,1.1068693399429321,8.00576114654541,37.22610092163086,-8.15977954864502,-14.717680931091309
0.46402621269226074,1.0937012434005737,9.075969696044922,37.22610092163086,-8.15977954864502,-14.717680931091309
0.46402621269226074,1.0937012434005737,9.075969696044922,37.062957763671875,-8.579370498657227,-14.650434494018555
0.07496844232082367,1.4779706001281738,9.21603012084961,37.062957763671875,-8.579370498657227,-14.650434494018555
0.07496844232082367,1.4779706001281738,9.21603012084961,36.89991760253906,-8.972407341003418,-14.590063095092773
0.27727848291397095,1.5869067907333374,9.851691246032715,36.89991760253906,-8.972407341003418,-14.590063095092773
0.27727848291397095,1.5869067907333374,9.851691246032715,36.727962493896484,-9.291454315185547,-14.487191200256348
0.6759130954742432,1.5641618967056274,9.820566177368164,36.727962493896484,-9.291454315185547,-14.487191200256348
0.6759130954742432,1.5641618967056274,9.820566177368164,36.55281066894531,-9.454267501831055,-14.36789321899414
0.4412812888622284,1.4217069149017334,9.794230461120605,36.55281066894531,-9.454267501831055,-14.36789321899414
0.722599983215332,0.2545335590839386,12.208782196044922,36.55281066894531,-9.454267501831055,-14.36789321899414
0.722599983215332,0.2545335590839386,12.208782196044922,36.39429473876953,-9.427757263183594,-14.280858993530273
0.7920318245887756,0.7070376873016357,8.916755676269531,36.39429473876953,-9.427757263183594,-14.280858993530273
0.7920318245887756,0.7070376873016357,8.916755676269531,36.25037384033203,-9.225349426269531,-14.251209259033203
0.7321767807006836,0.3634697496891022,9.70205307006836,36.25037384033203,-9.225349426269531,-14.251209259033203
0.7321767807006836,0.3634697496891022,9.70205307006836,36.141902923583984,-8.85528564453125,-14.279577255249023
0.3503016233444214,1.0122984647750854,8.45706844329834,36.141902923583984,-8.85528564453125,-14.279577255249023
0.3503016233444214,1.0122984647750854,8.45706844329834,36.071842193603516,-8.387682914733887,-14.313541412353516
0.35149872303009033,1.4264953136444092,8.20687484741211,36.071842193603516,-8.387682914733887,-14.313541412353516
0.35149872303009033,1.4264953136444092,8.20687484741211,36.05048751831055,-7.900080680847168,-14.269225120544434
0.4628291130065918,1.4671967029571533,9.153780937194824,36.05048751831055,-7.900080680847168,-14.269225120544434
0.4628291130065918,1.4671967029571533,9.153780937194824,36.081363677978516,-7.441716194152832,-14.130314826965332
0.3886088728904724,1.6766893863677979,10.087519645690918,36.081363677978516,-7.441716194152832,-14.130314826965332
0.3886088728904724,1.6766893863677979,10.087519645690918,36.14756774902344,-7.055063247680664,-13.965476989746094
0.10848726332187653,2.028636932373047,9.505728721618652,36.14756774902344,-7.055063247680664,-13.965476989746094
0.26889878511428833,2.1435587406158447,9.327361106872559,36.14756774902344,-7.055063247680664,-13.965476989746094
0.26889878511428833,2.1435587406158447,9.327361106872559,36.25053405761719,-6.779199600219727,-13.829133987426758
0.6555623412132263,-0.14649522304534912,13.335254669189453,36.25053405761719,-6.779199600219727,-13.829133987426758
0.6555623412132263,-0.14649522304534912,13.335254669189453,36.33417510986328,-6.643850803375244,-13.700400352478027
0.01750759966671467,0.4329015910625458,8.501360893249512,36.33417510986328,-6.643850803375244,-13.700400352478027
0.01750759966671467,0.4329015910625458,8.501360893249512,36.317806243896484,-6.627145767211914,-13.58428955078125
-0.2231096774339676,0.34910452365875244,9.578752517700195,36.317806243896484,-6.627145767211914,-13.58428955078125
-0.2231096774339676,0.34910452365875244,9.578752517700195,36.21566390991211,-6.703404426574707,-13.513688087463379
-0.12375029921531677,0.8279448747634888,8.647407531738281,36.21566390991211,-6.703404426574707,-13.513688087463379
-0.12375029921531677,0.8279448747634888,8.647407531738281,36.10102844238281,-6.850203514099121,-13.454054832458496
0.11088146269321442,1.266083836555481,8.063222885131836,36.10102844238281,-6.850203514099121,-13.454054832458496
0.11088146269321442,1.266083836555481,8.063222885131836,36.00312423706055,-7.034624099731445,-13.403214454650879
0.10369886457920074,1.1930606365203857,9.146598815917969,36.00312423706055,-7.034624099731445,-13.403214454650879
0.10369886457920074,1.1930606365203857,9.146598815917969,35.940834045410156,-7.216999053955078,-13.39138412475586
-0.05431845039129257,1.6252140998840332,9.295039176940918,35.940834045410156,-7.216999053955078,-13.39138412475586
0.09412205219268799,2.0358195304870605,9.198074340820313,35.940834045410156,-7.216999053955078,-13.39138412475586
0.09412205219268799,2.0358195304870605,9.198074340820313,35.9326286315918,-7.387038230895996,-13.408772468566895
0.38741177320480347,1.5809212923049927,10.747122764587402,35.9326286315918,-7.387038230895996,-13.408772468566895
0.38741177320480347,1.5809212923049927,10.747122764587402,35.96837615966797,-7.53402042388916,-13.420178413391113
0.8794202208518982,1.4779706001281738,10.27666187286377,35.96837615966797,-7.53402042388916,-13.420178413391113
0.8794202208518982,1.4779706001281738,10.27666187286377,36.00153732299805,-7.6326470375061035,-13.442964553833008
0.8423100709915161,0.08215104788541794,11.503690719604492,36.00153732299805,-7.6326470375061035,-13.442964553833008
0.8423100709915161,0.08215104788541794,11.503690719604492,36.002166748046875,-7.713397979736328,-13.524410247802734
0.519092857837677,0.905756413936615,8.00336742401123,36.002166748046875,-7.713397979736328,-13.524410247802734
0.519092857837677,0.905756413936615,8.00336742401123,36.053104400634766,-7.736636638641357,-13.584755897521973
0.9296984672546387,0.41614219546318054,9.901968955993652,36.053104400634766,-7.736636638641357,-13.584755897521973
0.9296984672546387,0.41614219546318054,9.901968955993652,36.18397903442383,-7.620584011077881,-13.581839561462402
0.27727848291397095,1.1224316358566284,9.236381530761719,36.18397903442383,-7.620584011077881,-13.581839561462402
0.27727848291397095,1.1224316358566284,9.236381530761719,36.3023681640625,-7.386751174926758,-13.59052848815918
0.1479915976524353,1.6048632860183716,8.683320999145508,36.3023681640625,-7.386751174926758,-13.59052848815918
0.701052188873291,1.5246576070785522,8.947879791259766,36.3023681640625,-7.386751174926758,-13.59052848815918
0.701052188873291,1.5246576070785522,8.947879791259766,36.416107177734375,-7.093469619750977,-13.561798095703125
0.8063970804214478,1.695842981338501,9.24954891204834,36.416107177734375,-7.093469619750977,-13.561798095703125
0.8063970804214478,1.695842981338501,9.24954891204834,36.57109451293945,-6.805110454559326,-13.471399307250977
0.5621885061264038,1.5114895105361938,10.288633346557617,36.57109451293945,-6.805110454559326,-13.471399307250977
0.5621885061264038,1.5114895105361938,10.288633346557617,36.69860076904297,-6.60092830657959,-13.41068172454834
0.3155857026576996,1.8287211656570435,9.742754936218262,36.69860076904297,-6.60092830657959,-13.41068172454834
0.3155857026576996,1.8287211656570435,9.742754936218262,36.762996673583984,-6.5103607177734375,-13.35141372680664
0.09531915187835693,0.557400107383728,12.153716087341309,36.762996673583984,-6.5103607177734375,-13.35141372680664
0.09531915187835693,0.557400107383728,12.153716087341309,36.833988189697266,-6.508479118347168,-13.213848114013672
0.3431190252304077,0.7561188340187073,8.475025177001953,36.833988189697266,-6.508479118347168,-13.213848114013672
0.3431190252304077,0.7561188340187073,8.475025177001953,36.90232849121094,-6.582315921783447,-13.057870864868164
-0.4685153365135193,0.8051999807357788,8.463053703308105,36.90232849121094,-6.582315921783447,-13.057870864868164
-0.4685153365135193,0.8051999807357788,8.463053703308105,36.90638732910156,-6.694194793701172,-12.956968307495117
-0.007631517946720123,0.24016836285591125,11.144559860229492,36.90638732910156,-6.694194793701172,-12.956968307495117
0.1264437735080719,1.254112720489502,7.866898059844971,36.90638732910156,-6.694194793701172,-12.956968307495117
0.1264437735080719,1.254112720489502,7.866898059844971,36.90367889404297,-6.793846130371094,-12.869353294372559
0.12165537476539612,1.2756606340408325,8.892813682556152,36.90367889404297,-6.793846130371094,-12.869353294372559
0.12165537476539612,1.2756606340408325,8.892813682556152,36.89003372192383,-6.925665378570557,-12.821925163269043
-0.12135609984397888,1.4229040145874023,9.601496696472168,36.89003372192383,-6.925665378570557,-12.821925163269043
-0.12135609984397888,1.4229040145874023,9.601496696472168,36.75839614868164,-7.1209845542907715,-12.902050018310547
0.05581482872366905,1.627608299255371,9.867253303527832,36.75839614868164,-7.1209845542907715,-12.902050018310547
0.05581482872366905,1.627608299255371,9.867253303527832,36.563472747802734,-7.291469573974609,-13.060225486755371
0.40057986974716187,1.6790835857391357,9.862464904785156,36.563472747802734,-7.291469573974609,-13.060225486755371
0.40057986974716187,1.6790835857391357,9.862464904785156,36.442901611328125,-7.358608722686768,-13.199621200561523
0.7333738803863525,1.59528648853302,10.00611686706543,36.442901611328125,-7.358608722686768,-13.199621200561523
0.7333738803863525,1.59528648853302,10.00611686706543,36.35695266723633,-7.305365562438965,-13.351938247680664
0.7106289863586426,0.9895535111427307,10.623821258544922,36.35695266723633,-7.305365562438965,-13.351938247680664
0.7106289863586426,0.9895535111427307,10.623821258544922,36.21384048461914,-7.130939483642578,-13.62873649597168
0.5933130979537964,0.8494926691055298,9.48537826538086,36.21384048461914,-7.130939483642578,-13.62873649597168
0.7980173826217651,0.8051999807357788,8.619874000549316,36.21384048461914,-7.130939483642578,-13.62873649597168
0.7980173826217651,0.8051999807357788,8.619874000549316,36.05525588989258,-6.842439651489258,-14.017411231994629
0.6076782941818237,0.5370493531227112,10.27666187286377,36.05525588989258,-6.842439651489258,-14.017411231994629
0.6076782941818237,0.5370493531227112,10.27666187286377,35.98666000366211,-6.515332221984863,-14.308345794677734
0.701052188873291,1.2577041387557983,8.552836418151855,35.98666000366211,-6.515332221984863,-14.308345794677734
0.701052188873291,1.2577041387557983,8.552836418151855,36.08184051513672,-6.242786884307861,-14.338297843933105
1.130811333656311,1.0925041437149048,9.273490905761719,36.08184051513672,-6.242786884307861,-14.338297843933105
1.130811333656311,1.0925041437149048,9.273490905761719,36.27762985229492,-6.058502197265625,-14.188191413879395
1.1020809412002563,1.7006313800811768,8.88563060760498,36.27762985229492,-6.058502197265625,-14.188191413879395
0.9991303086280823,1.652747392654419,9.026888847351074,36.27762985229492,-6.058502197265625,-14.188191413879395
0.9991303086280823,1.652747392654419,9.026888847351074,36.44148254394531,-5.936354160308838,-14.006548881530762
0.8818144202232361,1.6910545825958252,9.374048233032227,36.44148254394531,-5.936354160308838,-14.006548881530762
0.701052188873291,1.7652748823165894,9.802610397338867,36.44148254394531,-5.936354160308838,-14.006548881530762
0.41614219546318054,1.9855413436889648,10.100687980651855,36.44148254394531,-5.936354160308838,-14.006548881530762
0.23418284952640533,2.2560861110687256,10.268281936645508,36.44148254394531,-5.936354160308838,-14.006548881530762
0.23418284952640533,2.2560861110687256,10.268281936645508,36.52465057373047,-5.769089221954346,-13.854049682617188
0.2413654625415802,2.1663036346435547,10.099491119384766,36.52465057373047,-5.769089221954346,-13.854049682617188
0.30960020422935486,1.9340660572052002,9.760711669921875,36.52465057373047,-5.769089221954346,-13.854049682617188
0.47480010986328125,1.7796400785446167,9.785850524902344,36.52465057373047,-5.769089221954346,-13.854049682617188
0.64000004529953,1.8323124647140503,9.94626235961914,36.52465057373047,-5.769089221954346,-13.854049682617188
0.64000004529953,1.8323124647140503,9.94626235961914,36.56106948852539,-5.5144147872924805,-13.762155532836914
0.7644985318183899,2.361431121826172,9.449464797973633,36.56106948852539,-5.5144147872924805,-13.762155532836914
0.2389712631702423,2.6307787895202637,8.42115592956543,36.56106948852539,-5.5144147872924805,-13.762155532836914
-0.5008370876312256,1.7904139757156372,8.050054550170898,36.56106948852539,-5.5144147872924805,-13.762155532836914
-0.09142857789993286,0.42931029200553894,10.517279624938965,36.56106948852539,-5.5144147872924805,-13.762155532836914
-0.09142857789993286,0.42931029200553894,10.517279624938965,36.61743927001953,-5.260161876678467,-13.733891487121582
0.6447884440422058,-0.3093009293079376,13.794940948486328,36.61743927001953,-5.260161876678467,-13.733891487121582
0.8530839681625366,-0.2314893752336502,14.676007270812988,36.61743927001953,-5.260161876678467,-13.733891487121582
0.6112695932388306,0.27727848291397095,12.497283935546875,36.61743927001953,-5.260161876678467,-13.733891487121582
0.6172551512718201,0.7154173851013184,9.751134872436523,36.61743927001953,-5.260161876678467,-13.733891487121582
0.6172551512718201,0.7154173851013184,9.751134872436523,36.705169677734375,-5.1224236488342285,-13.700371742248535
0.578947901725769,0.9632172584533691,7.66458797454834,36.705169677734375,-5.1224236488342285,-13.700371742248535
0.4065653681755066,0.8949825167655945,6.688950538635254,36.705169677734375,-5.1224236488342285,-13.700371742248535
0.22939445078372955,0.6711246371269226,7.383269309997559,36.705169677734375,-5.1224236488342285,-13.700371742248535
0.1743278056383133,0.3993827700614929,8.94309139251709,36.705169677734375,-5.1224236488342285,-13.700371742248535
0.1743278056383133,0.3993827700614929,8.94309139251709,36.74927520751953,-5.158325672149658,-13.646236419677734
0.13123218715190887,0.07257423549890518,10.408343315124512,36.74927520751953,-5.158325672149658,-13.646236419677734
0.12165537476539612,0.26650458574295044,11.211597442626953,36.74927520751953,-5.158325672149658,-13.646236419677734
0.25573065876960754,0.6986579895019531,10.364049911499023,36.74927520751953,-5.158325672149658,-13.646236419677734
0.48557403683662415,0.9261071681976318,8.823381423950195,36.74927520751953,-5.158325672149658,-13.646236419677734
0.48557403683662415,0.9261071681976318,8.823381423950195,36.6730842590332,-5.344279766082764,-13.650703430175781
0.5526117086410522,1.1164461374282837,7.830985069274902,36.6730842590332,-5.344279766082764,-13.650703430175781
0.4676175117492676,1.3917794227600098,7.5855793952941895,36.6730842590332,-5.344279766082764,-13.650703430175781
0.25573065876960754,1.5186721086502075,7.860912322998047,36.6730842590332,-5.344279766082764,-13.650703430175781
0.19228433072566986,1.528248906135559,8.439111709594727,36.6730842590332,-5.344279766082764,-13.650703430175781
0.19228433072566986,1.528248906135559,8.439111709594727,36.538028717041016,-5.606325626373291,-13.682276725769043
0.13003507256507874,1.450437307357788,9.028085708618164,36.538028717041016,-5.606325626373291,-13.682276725769043
0.1348234862089157,1.3953707218170166,9.39439868927002,36.538028717041016,-5.606325626373291,-13.682276725769043
0.17313070595264435,1.3678373098373413,9.918728828430176,36.538028717041016,-5.606325626373291,-13.682276725769043
0.09292495250701904,1.4683938026428223,10.12822151184082,36.538028717041016,-5.606325626373291,-13.682276725769043
0.09292495250701904,1.4683938026428223,10.12822151184082,36.459327697753906,-5.869333267211914,-13.687554359436035
-0.008828618563711643,1.6359879970550537,10.124629974365234,36.459327697753906,-5.869333267211914,-13.687554359436035
-0.12494739890098572,1.7233762741088867,9.588329315185547,36.459327697753906,-5.869333267211914,-13.687554359436035
0.015113398432731628,1.7102081775665283,9.329754829406738,36.459327697753906,-5.869333267211914,-13.687554359436035
0.1132756695151329,1.7616835832595825,9.262717247009277,36.459327697753906,-5.869333267211914,-13.687554359436035
0.1132756695151329,1.7616835832595825,9.262717247009277,36.41487503051758,-6.088983535766602,-13.720464706420898
0.15637129545211792,1.7449240684509277,9.348908424377441,36.41487503051758,-6.088983535766602,-13.720464706420898
0.1695394068956375,1.6647183895111084,9.563189506530762,36.41487503051758,-6.088983535766602,-13.720464706420898
0.14080898463726044,1.553387999534607,9.891195297241211,36.41487503051758,-6.088983535766602,-13.720464706420898
0.05222352594137192,1.6060603857040405,10.371232986450195,36.41487503051758,-6.088983535766602,-13.720464706420898
0.05222352594137192,1.6060603857040405,10.371232986450195,36.35433578491211,-6.17846155166626,-13.768308639526367
-0.07347206771373749,1.8203414678573608,10.55798053741455,36.35433578491211,-6.17846155166626,-13.768308639526367
-0.0471358448266983,2.163909435272217,10.166528701782227,36.35433578491211,-6.17846155166626,-13.768308639526367
-0.0016460136976093054,2.177077531814575,9.450662612915039,36.35433578491211,-6.17846155166626,-13.768308639526367
0.3957914710044861,1.6000748872756958,9.2794771194458,36.35433578491211,-6.17846155166626,-13.768308639526367
0.3957914710044861,1.6000748872756958,9.2794771194458,36.26511764526367,-6.039596080780029,-13.79731559753418
0.619649350643158,1.090109944343567,10.091111183166504,36.26511764526367,-6.039596080780029,-13.79731559753418
0.42691609263420105,1.0937012434005737,10.848875999450684,36.26511764526367,-6.039596080780029,-13.79731559753418
0.4436754882335663,1.0601824522018433,11.042806625366211,36.26511764526367,-6.039596080780029,-13.79731559753418
0.4676175117492676,0.8051999807357788,10.953023910522461,36.26511764526367,-6.039596080780029,-13.79731559753418
0.4676175117492676,0.8051999807357788,10.953023910522461,36.130367279052734,-5.695448398590088,-13.836328506469727
0.4113537669181824,0.8123825788497925,10.63818645477295,36.130367279052734,-5.695448398590088,-13.836328506469727
0.2868552803993225,0.9763853549957275,9.910348892211914,36.130367279052734,-5.695448398590088,-13.836328506469727
0.337133526802063,1.090109944343567,9.175329208374023,36.130367279052734,-5.695448398590088,-13.836328506469727
0.5550059080123901,1.1200374364852905,8.350526809692383,36.130367279052734,-5.695448398590088,-13.836328506469727
0.5550059080123901,1.1200374364852905,8.350526809692383,35.94281768798828,-5.238908767700195,-13.913637161254883
0.905756413936615,0.9859622120857239,7.605929851531982,35.94281768798828,-5.238908767700195,-13.913637161254883
1.3367127180099487,0.8351274728775024,7.7603559494018555,35.94281768798828,-5.238908767700195,-13.913637161254883
1.5833154916763306,0.6555623412132263,8.76352596282959,35.94281768798828,-5.238908767700195,-13.913637161254883
1.8813936710357666,0.03067570924758911,9.49734878540039,35.94281768798828,-5.238908767700195,-13.913637161254883
1.8813936710357666,0.03067570924758911,9.49734878540039,35.65995407104492,-4.744837284088135,-14.117647171020508
1.3438953161239624,0.14200608432292938,9.639803886413574,35.65995407104492,-4.744837284088135,-14.117647171020508
0.6304232478141785,0.3933972716331482,9.43031120300293,35.65995407104492,-4.744837284088135,-14.117647171020508
0.43170449137687683,0.5550059080123901,9.662549018859863,35.65995407104492,-4.744837284088135,-14.117647171020508
0.5526117086410522,0.6854898929595947,9.79183578491211,35.65995407104492,-4.744837284088135,-14.117647171020508
0.5526117086410522,0.6854898929595947,9.79183578491211,35.22261047363281,-4.223426342010498,-14.539732933044434
0.6352116465568542,0.8291419744491577,9.33574104309082,35.22261047363281,-4.223426342010498,-14.539732933044434
0.5849334001541138,0.9380781650543213,8.916755676269531,35.22261047363281,-4.223426342010498,-14.539732933044434
0.5370493531227112,0.9488520622253418,8.483405113220215,35.22261047363281,-4.223426342010498,-14.539732933044434
0.47001171112060547,0.9009680151939392,8.45706844329834,35.22261047363281,-4.223426342010498,-14.539732933044434
0.47001171112060547,0.9009680151939392,8.45706844329834,34.63310241699219,-3.602475881576538,-15.163864135742188
0.46642041206359863,0.7369652390480042,8.732401847839355,34.63310241699219,-3.602475881576538,-15.163864135742188
0.6160580515861511,0.6950666904449463,9.632621765136719,34.63310241699219,-3.602475881576538,-15.163864135742188
0.5753566026687622,0.6651391386985779,10.256311416625977,34.63310241699219,-3.602475881576538,-15.163864135742188
0.5490203499794006,0.7118260860443115,10.393978118896484,34.63310241699219,-3.602475881576538,-15.163864135742188
0.4783914387226105,0.7944260239601135,10.091111183166504,34.63310241699219,-3.602475881576538,-15.163864135742188
0.4783914387226105,0.7944260239601135,10.091111183166504,33.988651275634766,-2.8507144451141357,-15.876407623291016
0.5502174496650696,0.8028057813644409,9.662549018859863,33.988651275634766,-2.8507144451141357,-15.876407623291016
0.6423942446708679,1.043423056602478,9.522488594055176,33.988651275634766,-2.8507144451141357,-15.876407623291016
0.6926724910736084,1.0733505487442017,9.638607025146484,33.988651275634766,-2.8507144451141357,-15.876407623291016
0.6423942446708679,1.0781389474868774,10.050410270690918,33.988651275634766,-2.8507144451141357,-15.876407623291016
0.6423942446708679,1.0781389474868774,10.050410270690918,33.387794494628906,-2.02858829498291,-16.531360626220703
0.3826233446598053,1.331924319267273,10.30898380279541,33.387794494628906,-2.02858829498291,-16.531360626220703
0.7190086841583252,1.2624925374984741,9.94626235961914,33.387794494628906,-2.02858829498291,-16.531360626220703
