-3.7783496379852295,2.8453590869903564,9.832687377929688,31.289125442504883,-13.987281799316406,2.291839838027954
-3.7783496379852295,2.8453590869903564,9.832687377929688,32.82982635498047,-10.684206008911133,1.1148245334625244
-3.3366193771362305,2.3413796424865723,10.536581993103027,32.82982635498047,-10.684206008911133,1.1148245334625244
-3.3366193771362305,2.3413796424865723,10.536581993103027,33.919334411621094,-7.0799078941345215,-0.6029180288314819
-2.9774889945983887,3.2260372638702393,9.617208480834961,33.919334411621094,-7.0799078941345215,-0.6029180288314819
-2.9774889945983887,3.2260372638702393,9.617208480834961,34.407203674316406,-3.2241029739379883,-3.0792901515960693
-2.217329978942871,0.7348702549934387,12.839804649353027,34.407203674316406,-3.2241029739379883,-3.0792901515960693
-1.0872668027877808,1.7536031007766724,7.911340236663818,34.407203674316406,-3.2241029739379883,-3.0792901515960693
-1.0872668027877808,1.7536031007766724,7.911340236663818,34.295475006103516,0.6774720549583435,-6.042760372161865
-2.180219888687134,1.4926351308822632,8.478766441345215,34.295475006103516,0.6774720549583435,-6.042760372161865
-2.180219888687134,1.4926351308822632,8.478766441345215,33.673397064208984,4.339244842529297,-9.050073623657227
-3.3342251777648926,1.9571102857589722,7.486369609832764,33.673397064208984,4.339244842529297,-9.050073623657227
-3.3342251777648926,1.9571102857589722,7.486369609832764,32.62126541137695,7.638507843017578,-11.707464218139648
-3.7388453483581543,2.941127061843872,6.941688537597656,32.62126541137695,7.638507843017578,-11.707464218139648
-3.7388453483581543,2.941127061843872,6.941688537597656,31.379318237304688,10.586091041564941,-13.683267593383789
-3.173813581466675,3.166182041168213,8.514678955078125,31.379318237304688,10.586091041564941,-13.683267593383789
-3.173813581466675,3.166182041168213,8.514678955078125,30.257137298583984,13.049138069152832,-14.799602508544922
-2.0545244216918945,3.032106876373291,9.24491024017334,30.257137298583984,13.049138069152832,-14.799602508544922
-2.0545244216918945,3.032106876373291,9.24491024017334,29.38897132873535,14.904133796691895,-15.119234085083008
-3.1139585971832275,3.117100954055786,9.578901290893555,29.38897132873535,14.904133796691895,-15.119234085083008
-3.1139585971832275,3.117100954055786,9.578901290893555,28.7657470703125,16.188810348510742,-14.889023780822754
-4.562450408935547,2.851344585418701,10.712555885314941,28.7657470703125,16.188810348510742,-14.889023780822754
-5.848136901855469,2.4694693088531494,11.019014358520508,28.7657470703125,16.188810348510742,-14.889023780822754
-5.848136901855469,2.4694693088531494,11.019014358520508,28.377662658691406,16.977848052978516,-14.271240234375
-5.093963623046875,-0.019303251057863235,12.232873916625977,28.377662658691406,16.977848052978516,-14.271240234375
-5.093963623046875,-0.019303251057863235,12.232873916625977,28.265165328979492,17.3726806640625,-13.315211296081543
-3.2001497745513916,0.3182791769504547,6.7154364585876465,28.265165328979492,17.3726806640625,-13.315211296081543
-3.2001497745513916,0.3182791769504547,6.7154364585876465,28.379423141479492,17.413049697875977,-12.317691802978516
-3.0110080242156982,0.6570587158203125,7.209839344024658,28.379423141479492,17.413049697875977,-12.317691802978516
-3.0110080242156982,0.6570587158203125,7.209839344024658,28.56777000427246,16.982669830322266,-11.747145652770996
-2.268805503845215,1.054496169090271,7.987954616546631,28.56777000427246,16.982669830322266,-11.747145652770996
-2.268805503845215,1.054496169090271,7.987954616546631,28.704721450805664,16.099245071411133,-11.782134056091309
-1.9000983238220215,1.9307740926742554,8.009502410888672,28.704721450805664,16.099245071411133,-11.782134056091309
-1.9000983238220215,1.9307740926742554,8.009502410888672,28.674551010131836,15.067109107971191,-12.330336570739746
-2.0605099201202393,2.143857955932617,8.957606315612793,28.674551010131836,15.067109107971191,-12.330336570739746
-2.0605099201202393,2.143857955932617,8.957606315612793,28.43032455444336,14.23425579071045,-13.204822540283203
-2.3897125720977783,2.1103391647338867,9.712977409362793,28.43032455444336,14.23425579071045,-13.204822540283203
-2.375347375869751,1.9571102857589722,10.959158897399902,28.43032455444336,14.23425579071045,-13.204822540283203
-2.375347375869751,1.9571102857589722,10.959158897399902,28.024991989135742,13.859395980834961,-14.193990707397461
-1.6726491451263428,2.590376615524292,10.834660530090332,28.024991989135742,13.859395980834961,-14.193990707397461
-1.6726491451263428,2.590376615524292,10.834660530090332,27.44150161743164,14.024910926818848,-15.190577507019043
-1.955164909362793,-0.11028291285037994,12.297517776489258,27.44150161743164,14.024910926818848,-15.190577507019043
-1.955164909362793,-0.11028291285037994,12.297517776489258,26.608007431030273,14.638433456420898,-16.17487335205078
-0.8801683783531189,-0.23119010031223297,10.919654846191406,26.608007431030273,14.638433456420898,-16.17487335205078
-0.8801683783531189,-0.23119010031223297,10.919654846191406,25.506696701049805,15.666132926940918,-17.090415954589844
0.19243396818637848,0.8952817916870117,6.792050838470459,25.506696701049805,15.666132926940918,-17.090415954589844
0.19243396818637848,0.8952817916870117,6.792050838470459,24.05835723876953,17.1005859375,-17.95683479309082
-1.5553332567214966,0.3470095992088318,9.705794334411621,24.05835723876953,17.1005859375,-17.95683479309082
-1.5553332567214966,0.3470095992088318,9.705794334411621,22.219627380371094,18.750511169433594,-18.859220504760742
-1.9072809219360352,1.5225626230239868,8.567351341247559,22.219627380371094,18.750511169433594,-18.859220504760742
-1.9072809219360352,1.5225626230239868,8.567351341247559,20.096569061279297,20.415904998779297,-19.740358352661133
-2.3142952919006348,3.1075241565704346,6.849511623382568,20.096569061279297,20.415904998779297,-19.740358352661133
-1.9958664178848267,3.0225300788879395,8.298004150390625,20.096569061279297,20.415904998779297,-19.740358352661133
-1.9958664178848267,3.0225300788879395,8.298004150390625,17.895090103149414,21.956960678100586,-20.51114845275879
-2.9571382999420166,3.248782157897949,8.801982879638672,17.895090103149414,21.956960678100586,-20.51114845275879
-2.9571382999420166,3.248782157897949,8.801982879638672,15.861024856567383,23.290267944335938,-21.101394653320313
-4.313453674316406,2.745999813079834,10.85022258758545,15.861024856567383,23.290267944335938,-21.101394653320313
-4.313453674316406,2.745999813079834,10.85022258758545,14.185860633850098,24.384138107299805,-21.463825225830078
-4.543296813964844,3.05604887008667,10.003872871398926,14.185860633850098,24.384138107299805,-21.463825225830078
-4.543296813964844,3.05604887008667,10.003872871398926,13.054960250854492,25.163604736328125,-21.58797264099121
-5.3238067626953125,-0.10549451410770416,13.950714111328125,13.054960250854492,25.163604736328125,-21.58797264099121
-5.3238067626953125,-0.10549451410770416,13.950714111328125,12.59756851196289,25.721094131469727,-21.326305389404297
-3.082834005355835,0.2967313826084137,8.545804023742676,12.59756851196289,25.721094131469727,-21.326305389404297
-3.082834005355835,0.2967313826084137,8.545804023742676,12.783323287963867,26.17767333984375,-20.62700653076172
-3.0912137031555176,1.2879308462142944,6.790853977203369,12.783323287963867,26.17767333984375,-20.62700653076172
-3.0912137031555176,1.2879308462142944,6.790853977203369,13.536388397216797,26.297731399536133,-19.799396514892578
-2.2747910022735596,1.0760440826416016,8.772055625915527,13.536388397216797,26.297731399536133,-19.799396514892578
-0.339078813791275,1.375319242477417,7.969998359680176,13.536388397216797,26.297731399536133,-19.799396514892578
-0.339078813791275,1.375319242477417,7.969998359680176,14.658756256103516,25.91163444519043,-19.15682029724121
-0.7688380479812622,2.2695536613464355,7.552209854125977,14.658756256103516,25.91163444519043,-19.15682029724121
-0.7688380479812622,2.2695536613464355,7.552209854125977,15.702322959899902,25.269508361816406,-18.82879066467285
-1.3075333833694458,2.5341129302978516,8.3614501953125,15.702322959899902,25.269508361816406,-18.82879066467285
-1.3075333833694458,2.5341129302978516,8.3614501953125,16.42744255065918,24.57448387145996,-18.7901554107666
-1.7193361520767212,2.544886827468872,10.139144897460938,16.42744255065918,24.57448387145996,-18.7901554107666
-1.7193361520767212,2.544886827468872,10.139144897460938,16.91466522216797,23.925800323486328,-18.823150634765625
-1.9431939125061035,2.9782373905181885,12.121543884277344,16.91466522216797,23.925800323486328,-18.823150634765625
-1.9431939125061035,2.9782373905181885,12.121543884277344,17.191818237304688,23.52663803100586,-18.71886444091797
-1.2728174924850464,0.4655225872993469,15.151406288146973,17.191818237304688,23.52663803100586,-18.71886444091797
-1.2728174924850464,0.4655225872993469,15.151406288146973,17.132326126098633,23.523611068725586,-18.44594383239746
0.3672106862068176,0.013018472120165825,11.04056167602539,17.132326126098633,23.523611068725586,-18.44594383239746
0.3672106862068176,0.013018472120165825,11.04056167602539,16.395971298217773,23.98255157470703,-18.20424461364746
-0.38815996050834656,0.23687632381916046,8.311171531677246,16.395971298217773,23.98255157470703,-18.20424461364746
-1.6834230422973633,0.7588123083114624,7.296030521392822,16.395971298217773,23.98255157470703,-18.20424461364746
-1.6834230422973633,0.7588123083114624,7.296030521392822,14.739816665649414,24.802209854125977,-18.28098487854004
-2.75003981590271,1.7859247922897339,7.419332027435303,14.739816665649414,24.802209854125977,-18.28098487854004
-2.75003981590271,1.7859247922897339,7.419332027435303,12.419621467590332,25.656631469726563,-18.766799926757813
-3.2444424629211426,2.653822898864746,8.05858325958252,12.419621467590332,25.656631469726563,-18.766799926757813
-3.2444424629211426,2.653822898864746,8.05858325958252,9.94466781616211,26.32552146911621,-19.541513442993164
-2.8912978172302246,2.9327473640441895,8.705018043518066,9.94466781616211,26.32552146911621,-19.541513442993164
-2.8912978172302246,2.9327473640441895,8.705018043518066,7.720789432525635,26.789884567260742,-20.391565322875977
-2.8553848266601563,1.882889986038208,10.586860656738281,7.720789432525635,26.789884567260742,-20.391565322875977
-2.8553848266601563,1.882889986038208,10.586860656738281,5.974582195281982,27.08113670349121,-21.09282875061035
-2.4495675563812256,1.0951976776123047,11.97789192199707,5.974582195281982,27.08113670349121,-21.09282875061035
-2.4495675563812256,1.0951976776123047,11.97789192199707,5.024877548217773,27.207317352294922,-21.493478775024414
-4.516960620880127,2.325817346572876,9.149142265319824,5.024877548217773,27.207317352294922,-21.493478775024414
-4.516960620880127,2.325817346572876,9.149142265319824,5.311652660369873,27.03997802734375,-21.514541625976563
-1.6163854598999023,-0.9805752038955688,12.313079833984375,5.311652660369873,27.03997802734375,-21.514541625976563
0.6832453012466431,1.2472294569015503,8.084919929504395,5.311652660369873,27.03997802734375,-21.514541625976563
0.6832453012466431,1.2472294569015503,8.084919929504395,6.866247177124023,26.410926818847656,-21.119205474853516
1.3201029300689697,2.814234495162964,7.225401401519775,6.866247177124023,26.410926818847656,-21.119205474853516
1.3201029300689697,2.814234495162964,7.225401401519775,9.07325267791748,25.331233978271484,-20.479541778564453
0.31214404106140137,1.4232032299041748,9.522638320922852,9.07325267791748,25.331233978271484,-20.479541778564453
0.31214404106140137,1.4232032299041748,9.522638320922852,11.13020133972168,23.97787857055664,-19.932300567626953
-0.916081428527832,1.6901568174362183,8.830713272094727,11.13020133972168,23.97787857055664,-19.932300567626953
-0.916081428527832,1.6901568174362183,8.830713272094727,12.733034133911133,22.59677505493164,-19.545772552490234
-2.066495418548584,1.8493711948394775,8.681076049804688,12.733034133911133,22.59677505493164,-19.545772552490234
-2.066495418548584,1.8493711948394775,8.681076049804688,13.958398818969727,21.401592254638672,-19.18880271911621
-2.2113444805145264,2.3174376487731934,8.72417163848877,13.958398818969727,21.401592254638672,-19.18880271911621
-2.2113444805145264,2.3174376487731934,8.72417163848877,14.802151679992676,20.540050506591797,-18.867128372192383
-2.1251533031463623,2.481440305709839,9.258078575134277,14.802151679992676,20.540050506591797,-18.867128372192383
-2.1251533031463623,2.481440305709839,9.258078575134277,15.172903060913086,20.115625381469727,-18.625991821289063
-3.651456832885742,3.6593875885009766,10.541370391845703,15.172903060913086,20.115625381469727,-18.625991821289063
-5.086780548095703,4.710442066192627,11.775581359863281,15.172903060913086,20.115625381469727,-18.625991821289063
-5.086780548095703,4.710442066192627,11.775581359863281,14.980430603027344,20.1324462890625,-18.487546920776367
-2.643497943878174,0.9371803402900696,12.010213851928711,14.980430603027344,20.1324462890625,-18.487546920776367
-2.643497943878174,0.9371803402900696,12.010213851928711,14.227153778076172,20.472137451171875,-18.516279220581055
-1.645115852355957,-1.0500071048736572,10.841842651367188,14.227153778076172,20.472137451171875,-18.516279220581055
-1.645115852355957,-1.0500071048736572,10.841842651367188,13.08298397064209,20.87404441833496,-18.726388931274414
-2.4771008491516113,1.108365774154663,6.787262439727783,13.08298397064209,20.87404441833496,-18.726388931274414
-2.4771008491516113,1.108365774154663,6.787262439727783,11.937386512756348,20.904436111450195,-19.072256088256836
-2.952349901199341,0.16744448244571686,9.742904663085938,11.937386512756348,20.904436111450195,-19.072256088256836
-2.952349901199341,0.16744448244571686,9.742904663085938,11.306563377380371,20.240015029907227,-19.46398162841797
-2.702155828475952,0.767192006111145,8.500313758850098,11.306563377380371,20.240015029907227,-19.46398162841797
-2.702155828475952,0.767192006111145,8.500313758850098,11.524842262268066,18.971141815185547,-19.701087951660156
-1.590049147605896,1.517774224281311,7.2696943283081055,11.524842262268066,18.971141815185547,-19.701087951660156
-1.590049147605896,1.517774224281311,7.2696943283081055,12.625049591064453,17.268877029418945,-19.586471557617188
-1.5158289670944214,1.806275486946106,9.116820335388184,12.625049591064453,17.268877029418945,-19.586471557617188
-1.2201449871063232,1.3346178531646729,10.606014251708984,12.625049591064453,17.268877029418945,-19.586471557617188
-1.2201449871063232,1.3346178531646729,10.606014251708984,14.415283203125,15.19349193572998,-19.03788948059082
-0.6383540034294128,1.8721160888671875,9.893739700317383,14.415283203125,15.19349193572998,-19.03788948059082
-0.6383540034294128,1.8721160888671875,9.893739700317383,16.609560012817383,12.87237548828125,-18.044239044189453
-0.7077859044075012,1.5465046167373657,11.210550308227539,16.609560012817383,12.87237548828125,-18.044239044189453
-0.7077859044075012,1.5465046167373657,11.210550308227539,18.867595672607422,10.382023811340332,-16.754304885864258
-0.3761889338493347,1.7500118017196655,11.137527465820313,18.867595672607422,10.382023811340332,-16.754304885864258
-0.3761889338493347,1.7500118017196655,11.137527465820313,20.766817092895508,7.677000999450684,-15.470999717712402
-2.9822773933410645,1.940350890159607,9.599252700805664,20.766817092895508,7.677000999450684,-15.470999717712402
-2.9822773933410645,1.940350890159607,9.599252700805664,22.077465057373047,4.753360748291016,-14.321188926696777
-2.3202807903289795,-0.9793781042098999,11.770792961120605,22.077465057373047,4.753360748291016,-14.321188926696777
-2.3202807903289795,-0.9793781042098999,11.770792961120605,22.84755516052246,1.759717345237732,-13.256550788879395
-1.1483190059661865,1.43996262550354,6.796839237213135,22.84755516052246,1.759717345237732,-13.256550788879395
-1.1483190059661865,1.43996262550354,6.796839237213135,23.141050338745117,-1.0623857975006104,-12.360871315002441
-1.868973731994629,0.867748498916626,9.448417663574219,23.141050338745117,-1.0623857975006104,-12.360871315002441
-1.3075333833694458,0.6379051208496094,8.873808860778809,23.141050338745117,-1.0623857975006104,-12.360871315002441
-1.3075333833694458,0.6379051208496094,8.873808860778809,23.041606903076172,-3.557316303253174,-11.739686965942383
-2.061707019805908,1.1909656524658203,8.673893928527832,23.041606903076172,-3.557316303253174,-11.739686965942383
-2.061707019805908,1.1909656524658203,8.673893928527832,22.73294448852539,-5.666027069091797,-11.34782600402832
-2.332251787185669,1.539322018623352,9.405322074890137,22.73294448852539,-5.666027069091797,-11.34782600402832
-2.332251787185669,1.539322018623352,9.405322074890137,22.38546371459961,-7.2965593338012695,-11.151309967041016
-1.953967809677124,1.7559973001480103,10.64432144165039,22.38546371459961,-7.2965593338012695,-11.151309967041016
-1.953967809677124,1.7559973001480103,10.64432144165039,22.063488006591797,-8.433670997619629,-11.169468879699707
-2.727294921875,2.9088053703308105,10.291176795959473,22.063488006591797,-8.433670997619629,-11.169468879699707
-2.727294921875,2.9088053703308105,10.291176795959473,21.77619171142578,-9.16776180267334,-11.385533332824707
-3.081636905670166,2.4706664085388184,12.558485984802246,21.77619171142578,-9.16776180267334,-11.385533332824707
-3.081636905670166,2.4706664085388184,12.558485984802246,21.529342651367188,-9.588796615600586,-11.760566711425781
-1.380556583404541,2.880074977874756,8.9959135055542,21.529342651367188,-9.588796615600586,-11.760566711425781
-1.380556583404541,2.880074977874756,8.9959135055542,21.30943489074707,-9.785218238830566,-12.285740852355957
-0.6599018573760986,3.232022762298584,7.414543151855469,21.30943489074707,-9.785218238830566,-12.285740852355957
-0.4049193561077118,3.9000048637390137,7.4013752937316895,21.30943489074707,-9.785218238830566,-12.285740852355957
-0.4049193561077118,3.9000048637390137,7.4013752937316895,21.13768196105957,-9.860225677490234,-12.861137390136719
-1.3781623840332031,1.9008464813232422,12.815862655639648,21.13768196105957,-9.860225677490234,-12.861137390136719
-1.3781623840332031,1.9008464813232422,12.815862655639648,21.09715461730957,-9.969619750976563,-13.165160179138184
-0.03621229901909828,2.2432174682617188,8.988731384277344,21.09715461730957,-9.969619750976563,-13.165160179138184
-0.03621229901909828,2.2432174682617188,8.988731384277344,21.30052947998047,-10.065533638000488,-13.040207862854004
-0.5677250623703003,3.053654670715332,7.449259281158447,21.30052947998047,-10.065533638000488,-13.040207862854004
-0.5677250623703003,3.053654670715332,7.449259281158447,21.819311141967773,-9.880339622497559,-12.67737865447998
-2.8517935276031494,3.56481671333313,7.52467679977417,21.819311141967773,-9.880339622497559,-12.67737865447998
-2.8517935276031494,3.56481671333313,7.52467679977417,22.608728408813477,-9.333620071411133,-12.223281860351563
-5.267542839050293,-0.2479495108127594,13.412018775939941,22.608728408813477,-9.333620071411133,-12.223281860351563
-5.267542839050293,-0.2479495108127594,13.412018775939941,23.552574157714844,-8.4173002243042,-11.815488815307617
-5.770325183868408,0.7193079590797424,9.954791069030762,23.552574157714844,-8.4173002243042,-11.815488815307617
-5.770325183868408,0.7193079590797424,9.954791069030762,24.48230743408203,-7.118206977844238,-11.724980354309082
-3.680187225341797,1.5237597227096558,8.45123291015625,24.48230743408203,-7.118206977844238,-11.724980354309082
-3.9950249195098877,2.9590835571289063,7.455245018005371,24.48230743408203,-7.118206977844238,-11.724980354309082
-3.9950249195098877,2.9590835571289063,7.455245018005371,25.204757690429688,-5.662534236907959,-12.05135440826416
-2.222118377685547,1.4651018381118774,8.476371765136719,25.204757690429688,-5.662534236907959,-12.05135440826416
-2.222118377685547,1.4651018381118774,8.476371765136719,25.627456665039063,-4.3625102043151855,-12.660683631896973
-2.510619640350342,1.8876783847808838,9.800365447998047,25.627456665039063,-4.3625102043151855,-12.660683631896973
-2.510619640350342,1.8876783847808838,9.800365447998047,25.790328979492188,-3.352936267852783,-13.367003440856934
-1.5529390573501587,2.256385564804077,9.226954460144043,25.790328979492188,-3.352936267852783,-13.367003440856934
-1.5529390573501587,2.256385564804077,9.226954460144043,25.75562858581543,-2.533473014831543,-14.070549964904785
-1.4930840730667114,2.2683565616607666,9.24491024017334,25.75562858581543,-2.533473014831543,-14.070549964904785
-1.4930840730667114,2.2683565616607666,9.24491024017334,25.559206008911133,-1.7278393507003784,-14.806699752807617
-1.3709797859191895,2.653822898864746,8.702624320983887,25.559206008911133,-1.7278393507003784,-14.806699752807617
-1.3709797859191895,2.653822898864746,8.702624320983887,25.266698837280273,-0.8078675866127014,-15.585898399353027
-1.260846495628357,3.015347480773926,8.493131637573242,25.266698837280273,-0.8078675866127014,-15.585898399353027
-1.260846495628357,3.015347480773926,8.493131637573242,24.96146011352539,0.33925002813339233,-16.363372802734375
-1.2428900003433228,3.145831346511841,9.569324493408203,24.96146011352539,0.33925002813339233,-16.363372802734375
-1.2404958009719849,3.3241994380950928,10.97113037109375,24.96146011352539,0.33925002813339233,-16.363372802734375
-1.2404958009719849,3.3241994380950928,10.97113037109375,24.652830123901367,1.7224241495132446,-17.101581573486328
-0.7999626398086548,2.7088894844055176,10.386944770812988,24.652830123901367,1.7224241495132446,-17.101581573486328
-0.7999626398086548,2.7088894844055176,10.386944770812988,24.246971130371094,3.2661890983581543,-17.798620223999023
-0.9460089206695557,0.42362406849861145,12.783540725708008,24.246971130371094,3.2661890983581543,-17.798620223999023
-0.9460089206695557,0.42362406849861145,12.783540725708008,23.58634376525879,5.009933948516846,-18.494718551635742
0.32172083854675293,2.033724784851074,7.426514625549316,23.58634376525879,5.009933948516846,-18.494718551635742
0.32172083854675293,2.033724784851074,7.426514625549316,22.505931854248047,6.957626819610596,-19.27526092529297
-0.5102642178535461,1.1694178581237793,9.362226486206055,22.505931854248047,6.957626819610596,-19.27526092529297
-0.5102642178535461,1.1694178581237793,9.362226486206055,21.092504501342773,8.881089210510254,-20.172555923461914
-1.1447277069091797,1.3597569465637207,9.089287757873535,21.092504501342773,8.881089210510254,-20.172555923461914
-1.1447277069091797,1.3597569465637207,9.089287757873535,19.610136032104492,10.651397705078125,-21.030458450317383
-1.525405764579773,3.2870893478393555,6.710648059844971,19.610136032104492,10.651397705078125,-21.030458450317383
-1.525405764579773,3.2870893478393555,6.710648059844971,18.190338134765625,12.286785125732422,-21.683225631713867
-1.7995418310165405,3.6665701866149902,8.32912826538086,18.190338134765625,12.286785125732422,-21.683225631713867
-2.0964229106903076,3.451092004776001,10.674248695373535,18.190338134765625,12.286785125732422,-21.683225631713867
-2.0964229106903076,3.451092004776001,10.674248695373535,16.9412784576416,13.756685256958008,-22.0758056640625
-1.9994577169418335,2.9949967861175537,11.861773490905762,16.9412784576416,13.756685256958008,-22.0758056640625
-1.9994577169418335,2.9949967861175537,11.861773490905762,15.913801193237305,15.095756530761719,-22.20042610168457
-1.6319477558135986,3.119495153427124,10.726921081542969,15.913801193237305,15.095756530761719,-22.20042610168457
-1.6319477558135986,3.119495153427124,10.726921081542969,15.121320724487305,16.280467987060547,-22.122913360595703
-2.313098192214966,0.15906476974487305,13.732841491699219,15.121320724487305,16.280467987060547,-22.122913360595703
-2.313098192214966,0.15906476974487305,13.732841491699219,14.688675880432129,17.239408493041992,-21.90647315979004
-1.2297219038009644,1.0066121816635132,8.533832550048828,14.688675880432129,17.239408493041992,-21.90647315979004
-1.2297219038009644,1.0066121816635132,8.533832550048828,14.645500183105469,17.958425521850586,-21.56755828857422
-2.576460361480713,1.8721160888671875,6.459257125854492,14.645500183105469,17.958425521850586,-21.56755828857422
-2.576460361480713,1.8721160888671875,6.459257125854492,14.887603759765625,18.296804428100586,-21.220745086669922
-1.9922751188278198,1.1873743534088135,8.301594734191895,14.887603759765625,18.296804428100586,-21.220745086669922
-1.9922751188278198,1.1873743534088135,8.301594734191895,15.40772819519043,18.08948516845703,-20.963558197021484
-0.8119336366653442,1.8553566932678223,8.93964958190918,15.40772819519043,18.08948516845703,-20.963558197021484
-1.3135188817977905,3.206883430480957,8.227375030517578,15.40772819519043,18.08948516845703,-20.963558197021484
-1.3135188817977905,3.206883430480957,8.227375030517578,16.12262535095215,17.423397064208984,-20.81658172607422
-1.7492636442184448,3.2392053604125977,8.732551574707031,16.12262535095215,17.423397064208984,-20.81658172607422
-1.7492636442184448,3.2392053604125977,8.732551574707031,16.813766479492188,16.5793399810791,-20.792577743530273
-1.2919710874557495,3.366097927093506,9.356241226196289,16.813766479492188,16.5793399810791,-20.792577743530273
-1.2919710874557495,3.366097927093506,9.356241226196289,17.406230926513672,15.718401908874512,-20.823808670043945
-1.1878232955932617,3.7671267986297607,9.331101417541504,17.406230926513672,15.718401908874512,-20.823808670043945
-1.1878232955932617,3.7671267986297607,9.331101417541504,17.859025955200195,14.88786792755127,-20.883485794067383
-1.0441712141036987,4.053233623504639,9.987112998962402,17.859025955200195,14.88786792755127,-20.883485794067383
-1.0441712141036987,4.053233623504639,9.987112998962402,18.089500427246094,14.21152400970459,-21.02741050720215
0.002094926545396447,4.8768391609191895,8.398560523986816,18.089500427246094,14.21152400970459,-21.02741050720215
0.002094926545396447,4.8768391609191895,8.398560523986816,18.044450759887695,13.709717750549316,-21.331544876098633
-0.7927800416946411,1.5141829252243042,14.494197845458984,18.044450759887695,13.709717750549316,-21.331544876098633
-0.7927800416946411,1.5141829252243042,14.494197845458984,17.67878532409668,13.382357597351074,-21.83343505859375
1.433827519416809,1.9547160863876343,8.36384391784668,17.67878532409668,13.382357597351074,-21.83343505859375
0.8221089839935303,1.419611930847168,8.675090789794922,17.67878532409668,13.382357597351074,-21.83343505859375
0.8221089839935303,1.419611930847168,8.675090789794922,16.91071891784668,13.401063919067383,-22.511873245239258
-1.2333132028579712,2.2504000663757324,9.124003410339355,16.91071891784668,13.401063919067383,-22.511873245239258
-1.2333132028579712,2.2504000663757324,9.124003410339355,15.714868545532227,13.771045684814453,-23.321775436401367
-0.6850409507751465,3.20329213142395,8.204629898071289,15.714868545532227,13.771045684814453,-23.321775436401367
-0.6850409507751465,3.20329213142395,8.204629898071289,14.328751564025879,14.334525108337402,-24.08362579345703
-0.24929624795913696,3.697694778442383,8.525452613830566,14.328751564025879,14.334525108337402,-24.08362579345703
-0.24929624795913696,3.697694778442383,8.525452613830566,13.093168258666992,14.994341850280762,-24.605724334716797
-0.81672203540802,3.910778760910034,9.726144790649414,13.093168258666992,14.994341850280762,-24.605724334716797
-0.81672203540802,3.910778760910034,9.726144790649414,12.215313911437988,15.718011856079102,-24.81924057006836
-1.1124060153961182,3.8365585803985596,9.440037727355957,12.215313911437988,15.718011856079102,-24.81924057006836
-1.1124060153961182,3.8365585803985596,9.440037727355957,11.781061172485352,16.510374069213867,-24.694652557373047
-1.744475245475769,3.980210781097412,8.968379974365234,11.781061172485352,16.510374069213867,-24.694652557373047
-1.744475245475769,3.980210781097412,8.968379974365234,11.834332466125488,17.2116756439209,-24.284788131713867
-2.1407155990600586,3.8868367671966553,9.903316497802734,11.834332466125488,17.2116756439209,-24.284788131713867
-3.3198599815368652,2.4048259258270264,9.472359657287598,11.834332466125488,17.2116756439209,-24.284788131713867
-3.3198599815368652,2.4048259258270264,9.472359657287598,12.365580558776855,17.606943130493164,-23.68785285949707
-3.6275148391723633,0.9754875302314758,12.538134574890137,12.365580558776855,17.606943130493164,-23.68785285949707
-3.6275148391723633,0.9754875302314758,12.538134574890137,13.358098983764648,17.786048889160156,-22.864057540893555
-1.7708114385604858,1.2711714506149292,7.959224224090576,13.358098983764648,17.786048889160156,-22.864057540893555
-1.7708114385604858,1.2711714506149292,7.959224224090576,14.654866218566895,18.03265953063965,-21.806324005126953
-3.8453872203826904,1.232864260673523,9.888951301574707,14.654866218566895,18.03265953063965,-21.806324005126953
-3.8453872203826904,1.232864260673523,9.888951301574707,15.906214714050293,18.394655227661133,-20.73077964782715
-2.4483704566955566,1.9020435810089111,8.342296600341797,15.906214714050293,18.394655227661133,-20.73077964782715
-2.4483704566955566,1.9020435810089111,8.342296600341797,16.978879928588867,18.6823673248291,-19.801910400390625
-2.244863271713257,2.895637273788452,8.278850555419922,16.978879928588867,18.6823673248291,-19.801910400390625
-2.244863271713257,2.895637273788452,8.278850555419922,17.844589233398438,18.803409576416016,-19.10222625732422
-2.201767683029175,3.1805472373962402,8.949226379394531,17.844589233398438,18.803409576416016,-19.10222625732422
-2.201767683029175,3.1805472373962402,8.949226379394531,18.316364288330078,18.74666404724121,-18.790719985961914
-2.665045738220215,3.0213329792022705,9.893739700317383,18.316364288330078,18.74666404724121,-18.790719985961914
-2.1395184993743896,3.4905965328216553,9.407716751098633,18.316364288330078,18.74666404724121,-18.790719985961914
-2.1395184993743896,3.4905965328216553,9.407716751098633,18.300413131713867,18.55025863647461,-18.94071388244629
-1.4092869758605957,3.80184268951416,9.364620208740234,18.300413131713867,18.55025863647461,-18.94071388244629
-1.4092869758605957,3.80184268951416,9.364620208740234,17.914466857910156,18.235305786132813,-19.446380615234375
-0.5198410153388977,4.7882537841796875,9.596858024597168,17.914466857910156,18.235305786132813,-19.446380615234375
-0.5198410153388977,4.7882537841796875,9.596858024597168,17.304502487182617,17.711641311645508,-20.17852210998535
-0.10444705188274384,3.2128689289093018,9.104849815368652,17.304502487182617,17.711641311645508,-20.17852210998535
-0.10444705188274384,3.2128689289093018,9.104849815368652,16.568084716796875,16.94452476501465,-21.080087661743164
-2.236483573913574,2.3138463497161865,11.337442398071289,16.568084716796875,16.94452476501465,-21.080087661743164
-2.236483573913574,2.3138463497161865,11.337442398071289,15.809829711914063,16.056289672851563,-22.0078125
-0.3546411395072937,3.1087212562561035,7.82993745803833,15.809829711914063,16.056289672851563,-22.0078125
-0.3546411395072937,3.1087212562561035,7.82993745803833,15.133520126342773,15.261299133300781,-22.772624969482422
-0.029029695317149162,2.7735331058502197,8.8163480758667,15.133520126342773,15.261299133300781,-22.772624969482422
-0.029029695317149162,2.7735331058502197,8.8163480758667,14.613729476928711,14.651721954345703,-23.365964889526367
0.19961656630039215,3.233219861984253,8.715791702270508,14.613729476928711,14.651721954345703,-23.365964889526367
0.8783727288246155,3.9897875785827637,7.460033416748047,14.613729476928711,14.651721954345703,-23.365964889526367
0.8783727288246155,3.9897875785827637,7.460033416748047,14.213855743408203,14.251367568969727,-23.834184646606445
0.8484452366828918,4.064007759094238,8.505102157592773,14.213855743408203,14.251367568969727,-23.834184646606445
0.8484452366828918,4.064007759094238,8.505102157592773,13.884428977966309,14.112672805786133,-24.149959564208984
0.5994482636451721,4.022109031677246,8.675090789794922,13.884428977966309,14.112672805786133,-24.149959564208984
0.5994482636451721,4.022109031677246,8.675090789794922,13.678605079650879,14.208874702453613,-24.264434814453125
-0.5461772680282593,3.914370059967041,9.715371131896973,13.678605079650879,14.208874702453613,-24.264434814453125
-0.5461772680282593,3.914370059967041,9.715371131896973,13.646787643432617,14.455954551696777,-24.128145217895508
-0.8262988328933716,3.8341643810272217,11.343428611755371,13.646787643432617,14.455954551696777,-24.128145217895508
-0.8262988328933716,3.8341643810272217,11.343428611755371,13.803346633911133,14.783913612365723,-23.72586441040039
-2.530970573425293,3.9897875785827637,7.948450565338135,13.803346633911133,14.783913612365723,-23.72586441040039
-2.530970573425293,3.9897875785827637,7.948450565338135,14.167343139648438,15.12681770324707,-23.119478225708008
-4.646247863769531,1.1514613628387451,14.691719055175781,14.167343139648438,15.12681770324707,-23.119478225708008
-4.646247863769531,1.1514613628387451,14.691719055175781,14.79753589630127,15.524447441101074,-22.304712295532227
-2.287959098815918,2.945915460586548,6.576572895050049,14.79753589630127,15.524447441101074,-22.304712295532227
-3.0469210147857666,2.4958057403564453,7.760505676269531,14.79753589630127,15.524447441101074,-22.304712295532227
-3.0469210147857666,2.4958057403564453,7.760505676269531,15.636309623718262,16.001462936401367,-21.345521926879883
-2.244863271713257,1.9511247873306274,9.54897403717041,15.636309623718262,16.001462936401367,-21.345521926879883
-2.244863271713257,1.9511247873306274,9.54897403717041,16.540618896484375,16.32299041748047,-20.482492446899414
-2.1455039978027344,3.0488662719726563,8.775647163391113,16.540618896484375,16.32299041748047,-20.482492446899414
-2.1455039978027344,3.0488662719726563,8.775647163391113,17.404434204101563,16.382890701293945,-19.77849769592285
-2.1610662937164307,3.094356060028076,8.114847183227539,17.404434204101563,16.382890701293945,-19.77849769592285
-2.1610662937164307,3.094356060028076,8.114847183227539,18.102649688720703,16.305984497070313,-19.20734214782715
-2.8889036178588867,3.3026516437530518,8.770858764648438,18.102649688720703,16.305984497070313,-19.20734214782715
-2.8889036178588867,3.3026516437530518,8.770858764648438,18.59181022644043,16.12947654724121,-18.829193115234375
-2.5441386699676514,3.958662986755371,8.497920036315918,18.59181022644043,16.12947654724121,-18.829193115234375
-2.5441386699676514,3.958662986755371,8.497920036315918,18.892536163330078,15.841364860534668,-18.700557708740234
-1.968333125114441,4.15259313583374,9.483133316040039,18.892536163330078,15.841364860534668,-18.700557708740234
-1.968333125114441,4.15259313583374,9.483133316040039,18.994251251220703,15.491005897521973,-18.84027099609375
-0.7185598015785217,4.587141036987305,10.686220169067383,18.994251251220703,15.491005897521973,-18.84027099609375
0.6186018586158752,3.360112428665161,10.21695613861084,18.994251251220703,15.491005897521973,-18.84027099609375
0.6186018586158752,3.360112428665161,10.21695613861084,18.865314483642578,15.147282600402832,-19.212451934814453
0.22714988887310028,0.7097311615943909,13.243227005004883,18.865314483642578,15.147282600402832,-19.212451934814453
0.22714988887310028,0.7097311615943909,13.243227005004883,18.470294952392578,14.841780662536621,-19.753948211669922
0.7012017965316772,1.7500118017196655,7.923311233520508,18.470294952392578,14.841780662536621,-19.753948211669922
0.7012017965316772,1.7500118017196655,7.923311233520508,17.69647979736328,14.623257637023926,-20.44231605529785
-0.2265513390302658,2.0875942707061768,8.263287544250488,17.69647979736328,14.623257637023926,-20.44231605529785
-0.2265513390302658,2.0875942707061768,8.263287544250488,16.548526763916016,14.456543922424316,-21.25425910949707
-0.41449618339538574,2.747196912765503,8.828319549560547,16.548526763916016,14.456543922424316,-21.25425910949707
-0.41449618339538574,2.747196912765503,8.828319549560547,15.374911308288574,14.174371719360352,-22.07171058654785
0.20560206472873688,3.561225414276123,7.641992568969727,15.374911308288574,14.174371719360352,-22.07171058654785
0.20560206472873688,3.561225414276123,7.641992568969727,14.561578750610352,13.6702241897583,-22.729969024658203
0.7778162956237793,3.8389527797698975,7.78564453125,14.561578750610352,13.6702241897583,-22.729969024658203
0.7778162956237793,3.8389527797698975,7.78564453125,14.320509910583496,12.92067813873291,-23.09116554260254
0.47494974732398987,4.313004493713379,8.256105422973633,14.320509910583496,12.92067813873291,-23.09116554260254
-0.9041104316711426,4.482993125915527,9.156325340270996,14.320509910583496,12.92067813873291,-23.09116554260254
-0.9041104316711426,4.482993125915527,9.156325340270996,14.746878623962402,11.930132865905762,-23.05752944946289
-0.894533634185791,3.956268787384033,9.94401741027832,14.746878623962402,11.930132865905762,-23.05752944946289
-0.894533634185791,3.956268787384033,9.94401741027832,15.8282470703125,10.756645202636719,-22.51207160949707
-2.486677646636963,4.777479648590088,9.194632530212402,15.8282470703125,10.756645202636719,-22.51207160949707
-2.486677646636963,4.777479648590088,9.194632530212402,17.396015167236328,9.513647079467773,-21.426006317138672
-4.160224914550781,1.4710873365402222,14.58757209777832,17.396015167236328,9.513647079467773,-21.426006317138672
-4.160224914550781,1.4710873365402222,14.58757209777832,19.149662017822266,8.30206298828125,-19.942096710205078
-1.4835072755813599,1.7667711973190308,8.388983726501465,19.149662017822266,8.30206298828125,-19.942096710205078
-1.4835072755813599,1.7667711973190308,8.388983726501465,20.785144805908203,7.172122955322266,-18.347488403320313
