0.017208324745297432,1.446696400642395,9.053224563598633,-25.28583335876465,-12.539835929870605,-14.470657348632813
0.2506429851055145,1.2671312093734741,9.539247512817383,-25.28583335876465,-12.539835929870605,-14.470657348632813
0.2506429851055145,1.2671312093734741,9.539247512817383,-20.583946228027344,-12.49755859375,-17.41991424560547
0.03875613957643509,1.5029600858688354,9.493758201599121,-20.583946228027344,-12.49755859375,-17.41991424560547
0.03875613957643509,1.5029600858688354,9.493758201599121,-17.859067916870117,-12.556984901428223,-19.10746955871582
-0.12045827507972717,1.8046295642852783,9.779865264892578,-17.859067916870117,-12.556984901428223,-19.10746955871582
-0.12045827507972717,1.8046295642852783,9.779865264892578,-16.576568603515625,-12.719202995300293,-19.907867431640625
-0.0785597413778305,1.8525135517120361,10.031256675720215,-16.576568603515625,-12.719202995300293,-19.907867431640625
-0.0785597413778305,1.8525135517120361,10.031256675720215,-16.220325469970703,-12.92314338684082,-20.142614364624023
0.03875613957643509,1.71245276927948,10.198850631713867,-16.220325469970703,-12.92314338684082,-20.142614364624023
0.03875613957643509,1.71245276927948,10.198850631713867,-16.35223388671875,-13.114888191223145,-19.9947566986084
-0.3802291452884674,1.0743980407714844,10.725574493408203,-16.35223388671875,-13.114888191223145,-19.9947566986084
-0.3802291452884674,1.0743980407714844,10.725574493408203,-16.674671173095703,-13.320584297180176,-19.635705947875977
-0.9560346603393555,-0.444722980260849,10.947038650512695,-16.674671173095703,-13.320584297180176,-19.635705947875977
-0.9560346603393555,-0.444722980260849,10.947038650512695,-17.057266235351563,-13.549958229064941,-19.255115509033203
-0.5394435524940491,0.9139865040779114,7.553257465362549,-17.057266235351563,-13.549958229064941,-19.255115509033203
-1.1020809412002563,0.7739257216453552,8.913164138793945,-17.057266235351563,-13.549958229064941,-19.255115509033203
-1.1020809412002563,0.7739257216453552,8.913164138793945,-17.467082977294922,-13.794721603393555,-18.914838790893555
-0.9895535111427307,0.38486793637275696,10.856059074401855,-17.467082977294922,-13.794721603393555,-18.914838790893555
-0.9895535111427307,0.38486793637275696,10.856059074401855,-17.86650848388672,-14.0313720703125,-18.603437423706055
-0.4759972393512726,1.5711948871612549,8.685714721679688,-17.86650848388672,-14.0313720703125,-18.603437423706055
-0.4759972393512726,1.5711948871612549,8.685714721679688,-18.20664405822754,-14.184309959411621,-18.40871238708496
-0.9727940559387207,1.3221979141235352,10.140192031860352,-18.20664405822754,-14.184309959411621,-18.40871238708496
-0.9727940559387207,1.3221979141235352,10.140192031860352,-18.508865356445313,-14.233999252319336,-18.390737533569336
-0.3694552481174469,1.3365631103515625,9.380033493041992,-18.508865356445313,-14.233999252319336,-18.390737533569336
-0.3694552481174469,1.3365631103515625,9.380033493041992,-18.799135208129883,-14.208045959472656,-18.477231979370117
0.0818517729640007,1.4957774877548218,9.668534278869629,-18.799135208129883,-14.208045959472656,-18.477231979370117
0.0818517729640007,1.4957774877548218,9.668534278869629,-19.026233673095703,-14.101616859436035,-18.588247299194336
-0.641197144985199,2.120664119720459,9.377638816833496,-19.026233673095703,-14.101616859436035,-18.588247299194336
-0.641197144985199,2.120664119720459,9.377638816833496,-19.178203582763672,-13.944830894470215,-18.68899917602539
-0.5873275995254517,2.120664119720459,9.827749252319336,-19.178203582763672,-13.944830894470215,-18.68899917602539
-0.4712088108062744,1.9243396520614624,10.189273834228516,-19.178203582763672,-13.944830894470215,-18.68899917602539
-0.4712088108062744,1.9243396520614624,10.189273834228516,-19.288955688476563,-13.828022003173828,-18.764904022216797
-0.6735188364982605,2.3576900959014893,9.801412582397461,-19.288955688476563,-13.828022003173828,-18.764904022216797
-0.6735188364982605,2.3576900959014893,9.801412582397461,-19.349851608276367,-13.860651969909668,-18.805665969848633
-0.5514145493507385,1.8872294425964355,10.283844947814941,-19.349851608276367,-13.860651969909668,-18.805665969848633
-0.5514145493507385,1.8872294425964355,10.283844947814941,-19.3171443939209,-14.073663711547852,-18.78858184814453
-0.22460605204105377,0.2603694200515747,11.128997802734375,-19.3171443939209,-14.073663711547852,-18.78858184814453
-0.22460605204105377,0.2603694200515747,11.128997802734375,-19.196720123291016,-14.380143165588379,-18.73076057434082
-0.10729016363620758,0.8912416100502014,7.597550392150879,-19.196720123291016,-14.380143165588379,-18.73076057434082
-0.10729016363620758,0.8912416100502014,7.597550392150879,-19.058242797851563,-14.744821548461914,-18.673179626464844
0.6432920694351196,1.1115081310272217,8.348132133483887,-19.058242797851563,-14.744821548461914,-18.673179626464844
0.6432920694351196,1.1115081310272217,8.348132133483887,-18.91381072998047,-15.221813201904297,-18.569372177124023
0.12614449858665466,0.7703344225883484,11.673678398132324,-18.91381072998047,-15.221813201904297,-18.569372177124023
0.12614449858665466,0.7703344225883484,11.673678398132324,-18.7703857421875,-15.740497589111328,-18.431049346923828
-0.18151041865348816,1.9686323404312134,8.63543701171875,-18.7703857421875,-15.740497589111328,-18.431049346923828
0.07706336677074432,1.790264368057251,9.346514701843262,-18.7703857421875,-15.740497589111328,-18.431049346923828
0.07706336677074432,1.790264368057251,9.346514701843262,-18.622838973999023,-16.126928329467773,-18.377853393554688
0.5235819816589355,1.6011223793029785,9.577554702758789,-18.622838973999023,-16.126928329467773,-18.377853393554688
0.5235819816589355,1.6011223793029785,9.577554702758789,-18.411808013916016,-16.357202529907227,-18.433582305908203
-0.09292495250701904,2.2834699153900146,9.165752410888672,-18.411808013916016,-16.357202529907227,-18.433582305908203
-0.09292495250701904,2.2834699153900146,9.165752410888672,-18.170997619628906,-16.525047302246094,-18.555042266845703
-0.1719336062669754,2.271498918533325,10.235960006713867,-18.170997619628906,-16.525047302246094,-18.555042266845703
-0.1719336062669754,2.271498918533325,10.235960006713867,-17.930639266967773,-16.70408058166504,-18.700345993041992
0.2961328327655792,1.9183541536331177,10.560375213623047,-17.930639266967773,-16.70408058166504,-18.700345993041992
0.2961328327655792,1.9183541536331177,10.560375213623047,-17.688596725463867,-16.869510650634766,-18.820026397705078
-0.4520552158355713,2.653373956680298,9.317784309387207,-17.688596725463867,-16.869510650634766,-18.820026397705078
-0.4520552158355713,2.653373956680298,9.317784309387207,-17.501907348632813,-17.003942489624023,-18.90377426147461
-0.8279448747634888,-0.5261258482933044,13.280187606811523,-17.501907348632813,-17.003942489624023,-18.90377426147461
-0.8279448747634888,-0.5261258482933044,13.280187606811523,-17.37861442565918,-17.12995147705078,-18.97852897644043
-0.5645827054977417,0.46627077460289,7.74359655380249,-17.37861442565918,-17.12995147705078,-18.97852897644043
-1.0494085550308228,1.270722508430481,7.69810676574707,-17.37861442565918,-17.12995147705078,-18.97852897644043
-1.0494085550308228,1.270722508430481,7.69810676574707,-17.31000328063965,-17.22698974609375,-18.984697341918945
-0.7417536377906799,0.6063315868377686,11.483339309692383,-17.31000328063965,-17.22698974609375,-18.984697341918945
-0.7417536377906799,0.6063315868377686,11.483339309692383,-17.314085006713867,-17.35696792602539,-18.890913009643555
-0.30361470580101013,1.7782933712005615,8.605508804321289,-17.314085006713867,-17.35696792602539,-18.890913009643555
-0.30361470580101013,1.7782933712005615,8.605508804321289,-17.393312454223633,-17.509937286376953,-18.83393669128418
-0.6878840923309326,1.7711106538772583,8.785074234008789,-17.393312454223633,-17.509937286376953,-18.83393669128418
-0.6878840923309326,1.7711106538772583,8.785074234008789,-17.575225830078125,-17.594120025634766,-18.863554000854492
-1.011101245880127,1.512536883354187,9.547627449035645,-17.575225830078125,-17.594120025634766,-18.863554000854492
-1.011101245880127,1.512536883354187,9.547627449035645,-17.81965446472168,-17.612289428710938,-18.91217041015625
-0.6316203474998474,2.190095901489258,9.186102867126465,-17.81965446472168,-17.612289428710938,-18.91217041015625
-0.6316203474998474,2.190095901489258,9.186102867126465,-18.0290584564209,-17.578838348388672,-18.976734161376953
-0.306008905172348,2.1805191040039063,10.267085075378418,-18.0290584564209,-17.578838348388672,-18.976734161376953
-0.306008905172348,2.1805191040039063,10.267085075378418,-18.20502281188965,-17.519105911254883,-19.093862533569336
-0.3610755503177643,1.9039889574050903,10.069563865661621,-18.20502281188965,-17.519105911254883,-19.093862533569336
-0.7369652390480042,2.5683798789978027,9.127445220947266,-18.20502281188965,-17.519105911254883,-19.093862533569336
-0.7369652390480042,2.5683798789978027,9.127445220947266,-18.354928970336914,-17.491640090942383,-19.23765754699707
-0.11926117539405823,-1.2862848043441772,14.120553016662598,-18.354928970336914,-17.491640090942383,-19.23765754699707
-0.11926117539405823,-1.2862848043441772,14.120553016662598,-18.41322898864746,-17.518009185791016,-19.34097671508789
0.42182841897010803,0.6027402877807617,7.194127082824707,-18.41322898864746,-17.518009185791016,-19.34097671508789
0.42182841897010803,0.6027402877807617,7.194127082824707,-18.3749942779541,-17.556625366210938,-19.38801383972168
-0.34910452365875244,0.823006808757782,9.150190353393555,-18.3749942779541,-17.556625366210938,-19.38801383972168
-0.34910452365875244,0.823006808757782,9.150190353393555,-18.289979934692383,-17.65117835998535,-19.357624053955078
-0.5095160603523254,0.8445546627044678,9.929502487182617,-18.289979934692383,-17.65117835998535,-19.357624053955078
-0.5095160603523254,0.8445546627044678,9.929502487182617,-18.182954788208008,-17.86095428466797,-19.255029678344727
0.12135609984397888,1.1354501247406006,9.041254043579102,-18.182954788208008,-17.86095428466797,-19.255029678344727
0.12135609984397888,1.1354501247406006,9.041254043579102,-18.08660888671875,-18.09247589111328,-19.179500579833984
0.38232406973838806,1.4826093912124634,8.792256355285645,-18.08660888671875,-18.09247589111328,-19.179500579833984
0.38232406973838806,1.4826093912124634,8.792256355285645,-17.99793243408203,-18.27206039428711,-19.181339263916016
0.3440168499946594,1.7986440658569336,9.26990032196045,-17.99793243408203,-18.27206039428711,-19.181339263916016
-0.05222352594137192,2.1062989234924316,10.03724193572998,-17.99793243408203,-18.27206039428711,-19.181339263916016
-0.05222352594137192,2.1062989234924316,10.03724193572998,-17.897489547729492,-18.374792098999023,-19.244503021240234
0.18121114373207092,2.029684543609619,10.52326488494873,-17.897489547729492,-18.374792098999023,-19.244503021240234
0.18121114373207092,2.029684543609619,10.52326488494873,-17.794811248779297,-18.38749122619629,-19.349199295043945
-0.42931029200553894,2.009333848953247,10.287435531616211,-17.794811248779297,-18.38749122619629,-19.349199295043945
-0.42931029200553894,2.009333848953247,10.287435531616211,-17.703144073486328,-18.338184356689453,-19.46124839782715
-1.4899415969848633,2.69646954536438,9.431509017944336,-17.703144073486328,-18.338184356689453,-19.46124839782715
-1.4899415969848633,2.69646954536438,9.431509017944336,-17.643129348754883,-18.31026268005371,-19.51339340209961
-0.67950439453125,-1.6849194765090942,13.845219612121582,-17.643129348754883,-18.31026268005371,-19.51339340209961
-0.67950439453125,-1.6849194765090942,13.845219612121582,-17.58536720275879,-18.34756851196289,-19.510107040405273
0.13213001191616058,1.1929110288619995,5.350591659545898,-17.58536720275879,-18.34756851196289,-19.510107040405273
0.13213001191616058,1.1929110288619995,5.350591659545898,-17.581356048583984,-18.416887283325195,-19.46450424194336
-0.3503016233444214,0.6530185341835022,9.255535125732422,-17.581356048583984,-18.416887283325195,-19.46450424194336
-0.3503016233444214,0.6530185341835022,9.255535125732422,-17.777015686035156,-18.512514114379883,-19.275753021240234
-0.1503857970237732,1.3114240169525146,10.121038436889648,-17.777015686035156,-18.512514114379883,-19.275753021240234
-0.1743278056383133,1.7675193548202515,9.30222225189209,-17.777015686035156,-18.512514114379883,-19.275753021240234
-0.1743278056383133,1.7675193548202515,9.30222225189209,-18.111780166625977,-18.544044494628906,-19.03950309753418
-0.4867711365222931,1.789067268371582,8.797045707702637,-18.111780166625977,-18.544044494628906,-19.03950309753418
-0.4867711365222931,1.789067268371582,8.797045707702637,-18.44671058654785,-18.464487075805664,-18.9510555267334
-0.558597207069397,1.8441338539123535,9.072378158569336,-18.44671058654785,-18.464487075805664,-18.9510555267334
-0.558597207069397,1.8441338539123535,9.072378158569336,-18.764904022216797,-18.35587501525879,-19.008438110351563
-0.5669769048690796,2.3122003078460693,9.97140121459961,-18.764904022216797,-18.35587501525879,-19.008438110351563
-0.5669769048690796,2.3122003078460693,9.97140121459961,-19.028606414794922,-18.213647842407227,-19.157102584838867
-0.20545242726802826,2.014122247695923,11.267861366271973,-19.028606414794922,-18.213647842407227,-19.157102584838867
-0.20545242726802826,2.014122247695923,11.267861366271973,-19.197593688964844,-18.025787353515625,-19.344676971435547
-0.2329857498407364,2.80899715423584,9.10110855102539,-19.197593688964844,-18.025787353515625,-19.344676971435547
-0.2329857498407364,2.80899715423584,9.10110855102539,-19.25489616394043,-17.902807235717773,-19.472461700439453
-0.16834230720996857,-1.3006501197814941,15.141679763793945,-19.25489616394043,-17.902807235717773,-19.472461700439453
-0.16834230720996857,-1.3006501197814941,15.141679763793945,-19.14029884338379,-17.925888061523438,-19.529897689819336
0.23268647491931915,0.30945056676864624,6.823025703430176,-19.14029884338379,-17.925888061523438,-19.529897689819336
-0.4819827377796173,1.0073603391647339,7.912387847900391,-19.14029884338379,-17.925888061523438,-19.529897689819336
-0.4819827377796173,1.0073603391647339,7.912387847900391,-18.90030288696289,-18.104877471923828,-19.5258731842041
-0.23418284952640533,1.4323312044143677,9.345317840576172,-18.90030288696289,-18.104877471923828,-19.5258731842041
-0.23418284952640533,1.4323312044143677,9.345317840576172,-18.672672271728516,-18.41362762451172,-19.377822875976563
0.1991676539182663,1.8142063617706299,9.253140449523926,-18.672672271728516,-18.41362762451172,-19.377822875976563
0.1991676539182663,1.8142063617706299,9.253140449523926,-18.51250457763672,-18.71497917175293,-19.140806198120117
0.23508067429065704,1.8261773586273193,9.324966430664063,-18.51250457763672,-18.71497917175293,-19.140806198120117
0.23508067429065704,1.8261773586273193,9.324966430664063,-18.39151954650879,-18.887157440185547,-18.92471694946289
0.025588029995560646,2.1984755992889404,9.364471435546875,-18.39151954650879,-18.887157440185547,-18.92471694946289
0.025588029995560646,2.1984755992889404,9.364471435546875,-18.247217178344727,-18.980056762695313,-18.794391632080078
-0.2928408086299896,2.5540146827697754,9.905560493469238,-18.247217178344727,-18.980056762695313,-18.794391632080078
-0.2928408086299896,2.5540146827697754,9.905560493469238,-18.07085609436035,-19.049692153930664,-18.805055618286133
-0.29882630705833435,1.9614497423171997,11.483339309692383,-18.07085609436035,-19.049692153930664,-18.805055618286133
-0.29882630705833435,1.9614497423171997,11.483339309692383,-17.930593490600586,-19.028451919555664,-18.905685424804688
-0.059406131505966187,3.1417911052703857,8.81739616394043,-17.930593490600586,-19.028451919555664,-18.905685424804688
-0.6818985939025879,-0.45190557837486267,13.792547225952148,-17.930593490600586,-19.028451919555664,-18.905685424804688
-0.6818985939025879,-0.45190557837486267,13.792547225952148,-17.88482093811035,-18.94327163696289,-18.988122940063477
-0.6711246371269226,0.5620388388633728,7.221660614013672,-17.88482093811035,-18.94327163696289,-18.988122940063477
-0.6711246371269226,0.5620388388633728,7.221660614013672,-17.934480667114258,-18.869155883789063,-18.99606704711914
-0.6304232478141785,1.8884265422821045,6.341791152954102,-17.934480667114258,-18.869155883789063,-18.99606704711914
-0.6304232478141785,1.8884265422821045,6.341791152954102,-18.077617645263672,-18.847991943359375,-18.89263153076172
-0.6268319487571716,0.9977835416793823,11.569530487060547,-18.077617645263672,-18.847991943359375,-18.89263153076172
-0.6268319487571716,0.9977835416793823,11.569530487060547,-18.2947998046875,-18.922290802001953,-18.665748596191406
-0.20425532758235931,1.9889830350875854,9.206453323364258,-18.2947998046875,-18.922290802001953,-18.665748596191406
-0.20425532758235931,1.9889830350875854,9.206453323364258,-18.529094696044922,-18.986230850219727,-18.466064453125
-0.6292261481285095,1.911171555519104,8.658181190490723,-18.529094696044922,-18.986230850219727,-18.466064453125
-0.6292261481285095,1.911171555519104,8.658181190490723,-18.725181579589844,-18.925344467163086,-18.417871475219727
-0.6914753913879395,1.9626468420028687,8.926332473754883,-18.725181579589844,-18.925344467163086,-18.417871475219727
-0.6914753913879395,1.9626468420028687,8.926332473754883,-18.888948440551758,-18.742666244506836,-18.484561920166016
-0.5550059080123901,2.431910276412964,9.771485328674316,-18.888948440551758,-18.742666244506836,-18.484561920166016
-0.29403790831565857,1.9578584432601929,11.277438163757324,-18.888948440551758,-18.742666244506836,-18.484561920166016
-0.29403790831565857,1.9578584432601929,11.277438163757324,-19.021352767944336,-18.46375274658203,-18.609413146972656
-0.6280290484428406,2.6581623554229736,10.22159481048584,-19.021352767944336,-18.46375274658203,-18.609413146972656
-0.6280290484428406,2.6581623554229736,10.22159481048584,-19.046586990356445,-18.119861602783203,-18.753820419311523
-0.4628291130065918,-0.9163807034492493,13.89430046081543,-19.046586990356445,-18.119861602783203,-18.753820419311523
-0.4628291130065918,-0.9163807034492493,13.89430046081543,-18.92491912841797,-17.796518325805664,-18.895475387573242
0.14649522304534912,0.5811924338340759,6.0125885009765625,-18.92491912841797,-17.796518325805664,-18.895475387573242
0.14649522304534912,0.5811924338340759,6.0125885009765625,-18.715932846069336,-17.57999038696289,-18.95829200744629
-0.1958756297826767,0.8457517623901367,8.203283309936523,-18.715932846069336,-17.57999038696289,-18.95829200744629
-0.1958756297826767,0.8457517623901367,8.203283309936523,-18.572601318359375,-17.473834991455078,-18.863794326782227
-0.46163201332092285,1.301847219467163,9.795427322387695,-18.572601318359375,-17.473834991455078,-18.863794326782227
-0.46163201332092285,1.301847219467163,9.795427322387695,-18.521989822387695,-17.416664123535156,-18.69637680053711
0.4266168177127838,1.5496470928192139,9.805004119873047,-18.521989822387695,-17.416664123535156,-18.69637680053711
0.4266168177127838,1.5496470928192139,9.805004119873047,-18.459697723388672,-17.328224182128906,-18.60150718688965
0.46731823682785034,1.79146146774292,9.210044860839844,-18.459697723388672,-17.328224182128906,-18.60150718688965
0.023193828761577606,2.147000312805176,8.905981063842773,-18.459697723388672,-17.328224182128906,-18.60150718688965
0.023193828761577606,2.147000312805176,8.905981063842773,-18.404159545898438,-17.16812515258789,-18.64254379272461
-0.4652233123779297,2.1936872005462646,10.336517333984375,-18.404159545898438,-17.16812515258789,-18.64254379272461
-0.4652233123779297,2.1936872005462646,10.336517333984375,-18.39583396911621,-16.94776153564453,-18.814592361450195
-0.2413654625415802,1.9506758451461792,11.398344993591309,-18.39583396911621,-16.94776153564453,-18.814592361450195
-0.2413654625415802,1.9506758451461792,11.398344993591309,-18.395206451416016,-16.68450355529785,-19.07288932800293
-0.5645827054977417,2.715623378753662,9.323769569396973,-18.395206451416016,-16.68450355529785,-19.07288932800293
-0.5645827054977417,2.715623378753662,9.323769569396973,-18.398380279541016,-16.386890411376953,-19.329492568969727
-1.8047791719436646,-1.5640122890472412,14.71790599822998,-18.398380279541016,-16.386890411376953,-19.329492568969727
-1.8047791719436646,-1.5640122890472412,14.71790599822998,-18.41923713684082,-16.032812118530273,-19.5262451171875
-0.8602666258811951,0.11671733111143112,5.612757205963135,-18.41923713684082,-16.032812118530273,-19.5262451171875
-0.8602666258811951,0.11671733111143112,5.612757205963135,-18.48565101623535,-15.664125442504883,-19.638965606689453
0.2985270321369171,1.1725603342056274,6.870910167694092,-18.48565101623535,-15.664125442504883,-19.638965606689453
0.2985270321369171,1.1725603342056274,6.870910167694092,-18.684391021728516,-15.435676574707031,-19.57377052307129
-0.6064811944961548,1.204882025718689,10.387991905212402,-18.684391021728516,-15.435676574707031,-19.57377052307129
-0.8207622766494751,1.8656816482543945,9.321375846862793,-18.684391021728516,-15.435676574707031,-19.57377052307129
-0.8207622766494751,1.8656816482543945,9.321375846862793,-19.022457122802734,-15.311182022094727,-19.370527267456055
-0.9201216697692871,2.0895395278930664,8.94069766998291,-19.022457122802734,-15.311182022094727,-19.370527267456055
-0.9201216697692871,2.0895395278930664,8.94069766998291,-19.41787338256836,-15.14551067352295,-19.248809814453125
-1.1511621475219727,2.2260091304779053,9.329754829406738,-19.41787338256836,-15.14551067352295,-19.248809814453125
-1.1511621475219727,2.2260091304779053,9.329754829406738,-19.80364227294922,-14.959976196289063,-19.297344207763672
-0.6124666929244995,2.139817714691162,10.160543441772461,-19.80364227294922,-14.959976196289063,-19.297344207763672
-0.6124666929244995,2.139817714691162,10.160543441772461,-20.116687774658203,-14.768694877624512,-19.442323684692383
0.19797055423259735,2.321777105331421,10.702829360961914,-20.116687774658203,-14.768694877624512,-19.442323684692383
0.19797055423259735,2.321777105331421,10.702829360961914,-20.357769012451172,-14.55479907989502,-19.588172912597656
-0.966808557510376,1.5304933786392212,12.816909790039063,-20.357769012451172,-14.55479907989502,-19.588172912597656
-0.966808557510376,1.5304933786392212,12.816909790039063,-20.582740783691406,-14.322959899902344,-19.68082046508789
0.13691841065883636,-1.4718354940414429,11.06674861907959,-20.582740783691406,-14.322959899902344,-19.68082046508789
0.13691841065883636,-1.4718354940414429,11.06674861907959,-20.788476943969727,-14.078957557678223,-19.713220596313477
0.33204585313796997,0.25318682193756104,6.530933380126953,-20.788476943969727,-14.078957557678223,-19.713220596313477
-0.7908347249031067,0.7451952695846558,9.30461597442627,-20.788476943969727,-14.078957557678223,-19.713220596313477
-0.7908347249031067,0.7451952695846558,9.30461597442627,-20.969039916992188,-13.93518352508545,-19.636205673217773
-0.6100724935531616,2.251148223876953,8.24398422241211,-20.969039916992188,-13.93518352508545,-19.636205673217773
-0.6100724935531616,2.251148223876953,8.24398422241211,-21.13483238220215,-13.99145793914795,-19.447948455810547
0.22670097649097443,1.9458874464035034,10.010905265808105,-21.13483238220215,-13.99145793914795,-19.447948455810547
0.22670097649097443,1.9458874464035034,10.010905265808105,-21.23600196838379,-14.198113441467285,-19.276823043823242
0.10938508808612823,1.7627309560775757,9.674520492553711,-21.23600196838379,-14.198113441467285,-19.276823043823242
0.10938508808612823,1.7627309560775757,9.674520492553711,-21.23679542541504,-14.452178955078125,-19.197240829467773
-0.4736030101776123,2.034472942352295,8.770709037780762,-21.23679542541504,-14.452178955078125,-19.197240829467773
-0.4736030101776123,2.034472942352295,8.770709037780762,-21.115259170532227,-14.62910270690918,-19.14414405822754
-0.40776246786117554,2.0835540294647217,10.215609550476074,-21.115259170532227,-14.62910270690918,-19.14414405822754
-0.40776246786117554,2.0835540294647217,10.215609550476074,-20.87688446044922,-14.626943588256836,-19.056468963623047
-0.6675333380699158,2.4355015754699707,10.300603866577148,-20.87688446044922,-14.626943588256836,-19.056468963623047
-0.6675333380699158,2.4355015754699707,10.300603866577148,-20.596904754638672,-14.45720100402832,-18.986133575439453
-2.3446717262268066,-0.35733461380004883,14.660445213317871,-20.596904754638672,-14.45720100402832,-18.986133575439453
-1.16552734375,-1.2419921159744263,9.439888000488281,-20.596904754638672,-14.45720100402832,-18.986133575439453
-1.16552734375,-1.2419921159744263,9.439888000488281,-20.27824592590332,-14.199787139892578,-19.02048110961914
0.06150105595588684,1.0875661373138428,5.525368690490723,-20.27824592590332,-14.199787139892578,-19.02048110961914
0.06150105595588684,1.0875661373138428,5.525368690490723,-19.971210479736328,-13.901971817016602,-19.106273651123047
-0.7956231236457825,0.6039373874664307,10.370036125183105,-19.971210479736328,-13.901971817016602,-19.106273651123047
-0.7956231236457825,0.6039373874664307,10.370036125183105,-19.87896156311035,-13.569584846496582,-19.092430114746094
-1.4552257061004639,1.3844470977783203,9.672125816345215,-19.87896156311035,-13.569584846496582,-19.092430114746094
-1.4552257061004639,1.3844470977783203,9.672125816345215,-20.03127670288086,-13.171019554138184,-18.992502212524414
-1.0170868635177612,1.5807716846466064,8.725218772888184,-20.03127670288086,-13.171019554138184,-18.992502212524414
-1.0170868635177612,1.5807716846466064,8.725218772888184,-20.2289981842041,-12.7125244140625,-18.879487991333008
-0.7692869305610657,1.7088614702224731,8.996960639953613,-20.2289981842041,-12.7125244140625,-18.879487991333008
-0.7692869305610657,1.7088614702224731,8.996960639953613,-20.425762176513672,-12.25843620300293,-18.741361618041992
-0.4951508343219757,1.7950527667999268,10.085125923156738,-20.425762176513672,-12.25843620300293,-18.741361618041992
-0.4951508343219757,1.7950527667999268,10.085125923156738,-20.723329544067383,-11.83860969543457,-18.585588455200195
0.07227496057748795,1.9195512533187866,10.991331100463867,-20.723329544067383,-11.83860969543457,-18.585588455200195
-0.4305073916912079,1.5304933786392212,10.97696590423584,-20.723329544067383,-11.83860969543457,-18.585588455200195
-0.4305073916912079,1.5304933786392212,10.97696590423584,-21.084367752075195,-11.477014541625977,-18.394495010375977
0.7701847553253174,-1.3760673999786377,11.360037803649902,-21.084367752075195,-11.477014541625977,-18.394495010375977
0.7701847553253174,-1.3760673999786377,11.360037803649902,-21.371252059936523,-11.214812278747559,-18.141881942749023
0.6061819195747375,0.21966800093650818,8.81859302520752,-21.371252059936523,-11.214812278747559,-18.141881942749023
0.6061819195747375,0.21966800093650818,8.81859302520752,-21.541187286376953,-11.150959968566895,-17.835662841796875
-0.5238812565803528,1.367687702178955,9.182511329650879,-21.541187286376953,-11.150959968566895,-17.835662841796875
-0.5238812565803528,1.367687702178955,9.182511329650879,-21.66286849975586,-11.342935562133789,-17.481983184814453
-0.041449617594480515,1.7399860620498657,8.137442588806152,-21.66286849975586,-11.342935562133789,-17.481983184814453
-0.041449617594480515,1.7399860620498657,8.137442588806152,-21.76215934753418,-11.701571464538574,-17.17565155029297
0.9258078932762146,1.0660183429718018,9.259125709533691,-21.76215934753418,-11.701571464538574,-17.17565155029297
0.9258078932762146,1.0660183429718018,9.259125709533691,-21.8393497467041,-12.093549728393555,-17.02680778503418
0.7330746054649353,1.4299370050430298,9.012523651123047,-21.8393497467041,-12.093549728393555,-17.02680778503418
0.7330746054649353,1.4299370050430298,9.012523651123047,-21.93194007873535,-12.357871055603027,-17.023880004882813
0.008828618563711643,1.9638439416885376,9.222016334533691,-21.93194007873535,-12.357871055603027,-17.023880004882813
-0.04982932284474373,1.9865888357162476,10.165331840515137,-21.93194007873535,-12.357871055603027,-17.023880004882813
-0.04982932284474373,1.9865888357162476,10.165331840515137,-22.021804809570313,-12.409928321838379,-17.107717514038086
0.42182841897010803,1.7244237661361694,11.054777145385742,-22.021804809570313,-12.409928321838379,-17.107717514038086
0.42182841897010803,1.7244237661361694,11.054777145385742,-22.07608413696289,-12.342055320739746,-17.257633209228516
-0.05342062562704086,3.044826030731201,10.232369422912598,-22.07608413696289,-12.342055320739746,-17.257633209228516
-0.05342062562704086,3.044826030731201,10.232369422912598,-22.152111053466797,-12.271581649780273,-17.467166900634766
-0.4867711365222931,0.11791443079710007,12.894721031188965,-22.152111053466797,-12.271581649780273,-17.467166900634766
-0.4867711365222931,0.11791443079710007,12.894721031188965,-22.281208038330078,-12.246805191040039,-17.663692474365234
-0.16355390846729279,-1.4778209924697876,9.226804733276367,-22.281208038330078,-12.246805191040039,-17.663692474365234
-0.16355390846729279,-1.4778209924697876,9.226804733276367,-22.44308853149414,-12.347733497619629,-17.765615463256836
0.15487492084503174,1.3593080043792725,6.55846643447876,-22.44308853149414,-12.347733497619629,-17.765615463256836
0.15487492084503174,1.3593080043792725,6.55846643447876,-22.662809371948242,-12.67841625213623,-17.711454391479492
-0.16594810783863068,0.8900445103645325,10.694450378417969,-22.662809371948242,-12.67841625213623,-17.711454391479492
-0.16594810783863068,0.8900445103645325,10.694450378417969,-22.932640075683594,-13.160589218139648,-17.527488708496094
-0.8411129713058472,1.270722508430481,9.260323524475098,-22.932640075683594,-13.160589218139648,-17.527488708496094
-1.0565911531448364,1.4862006902694702,9.298630714416504,-22.932640075683594,-13.160589218139648,-17.527488708496094
-1.0565911531448364,1.4862006902694702,9.298630714416504,-23.17298698425293,-13.627908706665039,-17.35918617248535
-1.111657738685608,1.7411831617355347,8.989778518676758,-23.17298698425293,-13.627908706665039,-17.35918617248535
-1.1391911506652832,2.035670042037964,8.830564498901367,-23.17298698425293,-13.627908706665039,-17.35918617248535
-0.8973767161369324,2.185307502746582,8.97661018371582,-23.17298698425293,-13.627908706665039,-17.35918617248535
-0.618452250957489,2.2475569248199463,9.257928848266602,-23.17298698425293,-13.627908706665039,-17.35918617248535
-0.618452250957489,2.2475569248199463,9.257928848266602,-23.33517837524414,-14.069854736328125,-17.27292251586914
-0.4448726177215576,2.214038133621216,9.773879051208496,-23.33517837524414,-14.069854736328125,-17.27292251586914
-0.4209305942058563,1.9626468420028687,10.298210144042969,-23.33517837524414,-14.069854736328125,-17.27292251586914
-0.20545242726802826,1.632246971130371,10.800992012023926,-23.33517837524414,-14.069854736328125,-17.27292251586914
0.22191256284713745,1.4131776094436646,10.783035278320313,-23.33517837524414,-14.069854736328125,-17.27292251586914
0.22191256284713745,1.4131776094436646,10.783035278320313,-23.44443130493164,-14.469929695129395,-17.259408950805664
0.5068225860595703,1.2647370100021362,10.591499328613281,-23.44443130493164,-14.469929695129395,-17.259408950805664
0.6780080199241638,1.204882025718689,10.587907791137695,-23.44443130493164,-14.469929695129395,-17.259408950805664
0.717512309551239,1.5843629837036133,10.183287620544434,-23.44443130493164,-14.469929695129395,-17.259408950805664
0.2733879089355469,2.494159698486328,8.902390480041504,-23.44443130493164,-14.469929695129395,-17.259408950805664
0.2733879089355469,2.494159698486328,8.902390480041504,-23.548011779785156,-14.770808219909668,-17.31631088256836
-0.4041711688041687,2.6126725673675537,8.139837265014648,-23.548011779785156,-14.770808219909668,-17.31631088256836
-0.740556538105011,1.789067268371582,10.905139923095703,-23.548011779785156,-14.770808219909668,-17.31631088256836
-0.48557403683662415,-0.27234044671058655,15.500809669494629,-23.548011779785156,-14.770808219909668,-17.31631088256836
0.2817676067352295,-2.2691047191619873,18.249353408813477,-23.548011779785156,-14.770808219909668,-17.31631088256836
0.2817676067352295,-2.2691047191619873,18.249353408813477,-23.69436264038086,-15.055476188659668,-17.420316696166992
0.4924573600292206,-2.3995885848999023,15.668404579162598,-23.69436264038086,-15.055476188659668,-17.420316696166992
0.5989993214607239,-1.2563573122024536,10.635791778564453,-23.69436264038086,-15.055476188659668,-17.420316696166992
0.49485155940055847,0.25917232036590576,6.679373741149902,-23.69436264038086,-15.055476188659668,-17.420316696166992
0.6013935208320618,0.8146271109580994,5.156661510467529,-23.69436264038086,-15.055476188659668,-17.420316696166992
0.6013935208320618,0.8146271109580994,5.156661510467529,-23.83216667175293,-15.424510955810547,-17.559223175048828
0.3966892957687378,0.6973112225532532,6.091597080230713,-23.83216667175293,-15.424510955810547,-17.559223175048828
0.09023147821426392,0.322618693113327,8.00456428527832,-23.83216667175293,-15.424510955810547,-17.559223175048828
-0.22700025141239166,0.14185644686222076,9.432705879211426,-23.83216667175293,-15.424510955810547,-17.559223175048828
-0.3503016233444214,0.34416648745536804,9.88042163848877,-23.83216667175293,-15.424510955810547,-17.559223175048828
-0.3503016233444214,0.34416648745536804,9.88042163848877,-23.889122009277344,-15.892748832702637,-17.69554901123047
-0.4017769694328308,0.9295487999916077,9.029282569885254,-23.889122009277344,-15.892748832702637,-17.69554901123047
-0.48796823620796204,1.544858694076538,8.021324157714844,-23.889122009277344,-15.892748832702637,-17.69554901123047
-0.5214870572090149,1.8285715579986572,7.365312576293945,-23.889122009277344,-15.892748832702637,-17.69554901123047
-0.30960020422935486,1.9674352407455444,7.245602607727051,-23.889122009277344,-15.892748832702637,-17.69554901123047
-0.30960020422935486,1.9674352407455444,7.245602607727051,-23.863201141357422,-16.4476375579834,-17.754167556762695
0.0363619364798069,1.8656816482543945,7.590367794036865,-23.863201141357422,-16.4476375579834,-17.754167556762695
0.2602197825908661,1.6454150676727295,8.501360893249512,-23.863201141357422,-16.4476375579834,-17.754167556762695
0.5894225239753723,1.3425486087799072,9.375245094299316,-23.863201141357422,-16.4476375579834,-17.754167556762695
0.8432078957557678,1.0348936319351196,9.909152030944824,-23.863201141357422,-16.4476375579834,-17.754167556762695
0.9820716381072998,0.9415197968482971,10.178499221801758,-23.863201141357422,-16.4476375579834,-17.754167556762695
0.9820716381072998,0.9415197968482971,10.178499221801758,-23.728601455688477,-17.00004768371582,-17.74757194519043
1.0407295227050781,1.0636241436004639,10.421510696411133,-23.728601455688477,-17.00004768371582,-17.74757194519043
0.8408136963844299,1.3557167053222656,10.512491226196289,-23.728601455688477,-17.00004768371582,-17.74757194519043
0.4936544597148895,1.6849194765090942,10.228777885437012,-23.728601455688477,-17.00004768371582,-17.74757194519043
0.11058218777179718,1.9387048482894897,9.94626235961914,-23.728601455688477,-17.00004768371582,-17.74757194519043
0.11058218777179718,1.9387048482894897,9.94626235961914,-23.56049156188965,-17.400678634643555,-17.777122497558594
-0.28805238008499146,2.1589713096618652,9.715221405029297,-23.56049156188965,-17.400678634643555,-17.777122497558594
-0.46642041206359863,2.1565771102905273,9.722404479980469,-23.56049156188965,-17.400678634643555,-17.777122497558594
-0.5454290509223938,2.1122844219207764,10.063577651977539,-23.56049156188965,-17.400678634643555,-17.777122497558594
-0.5621885061264038,1.876455545425415,10.245536804199219,-23.56049156188965,-17.400678634643555,-17.777122497558594
-0.5621885061264038,1.876455545425415,10.245536804199219,-23.42615509033203,-17.550539016723633,-17.92530632019043
-0.5765537023544312,1.6621745824813843,10.501716613769531,-23.42615509033203,-17.550539016723633,-17.92530632019043
-0.42452189326286316,1.427542805671692,10.627412796020508,-23.42615509033203,-17.550539016723633,-17.92530632019043
-0.2066495269536972,1.6442179679870605,10.396371841430664,-23.42615509033203,-17.550539016723633,-17.92530632019043
0.02917933277785778,2.20924973487854,9.345317840576172,-23.42615509033203,-17.550539016723633,-17.92530632019043
0.02917933277785778,2.20924973487854,9.345317840576172,-23.252059936523438,-17.468488693237305,-18.191539764404297
0.11896190047264099,2.279878616333008,8.461856842041016,-23.252059936523438,-17.468488693237305,-18.191539764404297
-0.08095394819974899,1.8369512557983398,9.663745880126953,-23.252059936523438,-17.468488693237305,-18.191539764404297
-0.7453449368476868,0.2651578485965729,13.73388957977295,-23.252059936523438,-17.468488693237305,-18.191539764404297
-0.9308955669403076,-1.5245078802108765,17.397018432617188,-23.252059936523438,-17.468488693237305,-18.191539764404297
-0.9308955669403076,-1.5245078802108765,17.397018432617188,-23.06869888305664,-17.29192543029785,-18.52743148803711
-0.3407248258590698,-2.181716203689575,16.30167007446289,-23.06869888305664,-17.29192543029785,-18.52743148803711
-0.1803133189678192,-1.4071919918060303,11.933449745178223,-23.06869888305664,-17.29192543029785,-18.52743148803711
-0.5430348515510559,0.21128830313682556,7.445518493652344,-23.06869888305664,-17.29192543029785,-18.52743148803711
-1.133205533027649,1.5867571830749512,3.903296947479248,-23.06869888305664,-17.29192543029785,-18.52743148803711
-1.133205533027649,1.5867571830749512,3.903296947479248,-23.016185760498047,-17.080429077148438,-18.937320709228516
-1.2229881286621094,2.0177135467529297,3.287987232208252,-23.016185760498047,-17.080429077148438,-18.937320709228516
-1.4779706001281738,1.854907751083374,5.256021022796631,-23.016185760498047,-17.080429077148438,-18.937320709228516
-1.354669213294983,0.8972271084785461,8.077588081359863,-23.016185760498047,-17.080429077148438,-18.937320709228516
-0.7321767807006836,-0.09038111567497253,10.556783676147461,-23.016185760498047,-17.080429077148438,-18.937320709228516
-0.7321767807006836,-0.09038111567497253,10.556783676147461,-23.12728500366211,-16.852880477905273,-19.35089683532715
-0.15158289670944214,-0.3585317134857178,11.931055068969727,-23.12728500366211,-16.852880477905273,-19.35089683532715
-0.036661215126514435,0.36092591285705566,11.480945587158203,-23.12728500366211,-16.852880477905273,-19.35089683532715
-0.2521393597126007,1.5999252796173096,9.980978012084961,-23.12728500366211,-16.852880477905273,-19.35089683532715
-0.1479915976524353,2.1996726989746094,8.691699981689453,-23.12728500366211,-16.852880477905273,-19.35089683532715
-0.1479915976524353,2.1996726989746094,8.691699981689453,-23.32752227783203,-16.68745231628418,-19.618379592895508
-0.059406131505966187,2.252345323562622,7.796268939971924,-23.32752227783203,-16.68745231628418,-19.618379592895508
-0.1982698291540146,2.115875720977783,7.700500965118408,-23.32752227783203,-16.68745231628418,-19.618379592895508
-0.47240591049194336,1.9027918577194214,7.962666034698486,-23.32752227783203,-16.68745231628418,-19.618379592895508
-0.8722376227378845,1.775899052619934,8.357708930969238,-23.32752227783203,-16.68745231628418,-19.618379592895508
-0.8722376227378845,1.775899052619934,8.357708930969238,-23.563682556152344,-16.534955978393555,-19.7548885345459
-1.1715128421783447,1.7471686601638794,8.781482696533203,-23.563682556152344,-16.534955978393555,-19.7548885345459
-1.373822808265686,1.7172411680221558,9.134627342224121,-23.563682556152344,-16.534955978393555,-19.7548885345459
-1.1595418453216553,1.6071078777313232,9.251943588256836,-23.563682556152344,-16.534955978393555,-19.7548885345459
-0.9895535111427307,1.6573861837387085,9.231593132019043,-23.563682556152344,-16.534955978393555,-19.7548885345459
-0.9895535111427307,1.6573861837387085,9.231593132019043,-23.786745071411133,-16.369333267211914,-19.843061447143555
-0.905756413936615,1.8680758476257324,9.482983589172363,-23.786745071411133,-16.369333267211914,-19.843061447143555
-0.739359438419342,2.1541829109191895,9.498546600341797,-23.786745071411133,-16.369333267211914,-19.843061447143555
-0.5645827054977417,2.3936030864715576,9.541642189025879,-23.786745071411133,-16.369333267211914,-19.843061447143555
-0.4448726177215576,2.5468320846557617,9.773879051208496,-23.786745071411133,-16.369333267211914,-19.843061447143555
-0.4448726177215576,2.5468320846557617,9.773879051208496,-23.959392547607422,-16.205486297607422,-19.94843292236328
-0.3479074239730835,2.585139274597168,10.304195404052734,-23.959392547607422,-16.205486297607422,-19.94843292236328
-0.21862053871154785,2.5037364959716797,10.896759986877441,-23.959392547607422,-16.205486297607422,-19.94843292236328
-0.3131915032863617,2.3325510025024414,11.277438163757324,-23.959392547607422,-16.205486297607422,-19.94843292236328
-0.3933972716331482,2.1541829109191895,11.468974113464355,-23.959392547607422,-16.205486297607422,-19.94843292236328
-0.3933972716331482,2.1541829109191895,11.468974113464355,-24.11503028869629,-15.959453582763672,-20.131881713867188
-0.29882630705833435,2.014122247695923,11.377994537353516,-24.11503028869629,-15.959453582763672,-20.131881713867188
-0.1396118849515915,1.9399019479751587,11.01048469543457,-24.11503028869629,-15.959453582763672,-20.131881713867188
-0.31678280234336853,2.3026235103607178,10.048015594482422,-24.11503028869629,-15.959453582763672,-20.131881713867188
-0.41374799609184265,2.4211363792419434,8.746767044067383,-24.11503028869629,-15.959453582763672,-20.131881713867188
-0.41374799609184265,2.4211363792419434,8.746767044067383,-24.23997688293457,-15.64039421081543,-20.382286071777344
-0.48796823620796204,1.9937714338302612,9.42791748046875,-24.23997688293457,-15.64039421081543,-20.382286071777344
0.09382277727127075,0.702099621295929,12.439823150634766,-24.23997688293457,-15.64039421081543,-20.382286071777344
0.3547907769680023,-1.2407950162887573,15.490036010742188,-24.23997688293457,-15.64039421081543,-20.382286071777344
-0.33354222774505615,-2.0859482288360596,14.790928840637207,-24.23997688293457,-15.64039421081543,-20.382286071777344
-0.33354222774505615,-2.0859482288360596,14.790928840637207,-24.28429412841797,-15.374363899230957,-20.631595611572266
-0.7166144847869873,-1.4969745874404907,11.689240455627441,-24.28429412841797,-15.374363899230957,-20.631595611572266
-0.6112695932388306,-0.2998737692832947,8.109909057617188,-24.28429412841797,-15.374363899230957,-20.631595611572266
-0.019901800900697708,0.8050503134727478,5.36974573135376,-24.28429412841797,-15.374363899230957,-20.631595611572266
0.5918167233467102,1.3856441974639893,4.335450172424316,-24.28429412841797,-15.374363899230957,-20.631595611572266
0.5918167233467102,1.3856441974639893,4.335450172424316,-24.297822952270508,-15.260553359985352,-20.814533233642578
0.9677063822746277,1.349731206893921,5.382913589477539,-24.297822952270508,-15.260553359985352,-20.814533233642578
1.1149498224258423,0.71766197681427,7.684938430786133,-24.297822952270508,-15.260553359985352,-20.814533233642578
0.9808745384216309,0.06165069341659546,10.18687915802002,-24.297822952270508,-15.260553359985352,-20.814533233642578
0.7689876556396484,-0.24839842319488525,11.662904739379883,-24.297822952270508,-15.260553359985352,-20.814533233642578
0.7689876556396484,-0.24839842319488525,11.662904739379883,-24.33521270751953,-15.365689277648926,-20.90481185913086
0.07347206771373749,0.1586158573627472,11.775432586669922,-24.33521270751953,-15.365689277648926,-20.90481185913086
-0.5023334622383118,1.0241197347640991,11.0655517578125,-24.33521270751953,-15.365689277648926,-20.90481185913086
-0.23178865015506744,1.4359225034713745,9.925910949707031,-24.33521270751953,-15.365689277648926,-20.90481185913086
-0.26889878511428833,1.7842788696289063,8.879645347595215,-24.33521270751953,-15.365689277648926,-20.90481185913086
-0.26889878511428833,1.7842788696289063,8.879645347595215,-24.417831420898438,-15.645303726196289,-20.94121742248535
-0.42811319231987,1.8704700469970703,8.521712303161621,-24.417831420898438,-15.645303726196289,-20.94121742248535
-0.398185670375824,1.7639280557632446,8.43432331085205,-24.417831420898438,-15.645303726196289,-20.94121742248535
0.030376434326171875,1.5328876972198486,8.765920639038086,-24.417831420898438,-15.645303726196289,-20.94121742248535
0.2614169120788574,1.4443022012710571,8.947879791259766,-24.417831420898438,-15.645303726196289,-20.94121742248535
0.2614169120788574,1.4443022012710571,8.947879791259766,-24.530445098876953,-15.895162582397461,-21.01066780090332
0.46731823682785034,1.5161281824111938,8.828169822692871,-24.530445098876953,-15.895162582397461,-21.01066780090332
0.6157587766647339,1.5257049798965454,8.721628189086914,-24.530445098876953,-15.895162582397461,-21.01066780090332
0.6756138205528259,1.5616180896759033,8.855703353881836,-24.530445098876953,-15.895162582397461,-21.01066780090332
0.5882254242897034,1.611896276473999,9.198074340820313,-24.530445098876953,-15.895162582397461,-21.01066780090332
0.5882254242897034,1.611896276473999,9.198074340820313,-24.560855865478516,-16.007118225097656,-21.13988494873047
0.41704002022743225,1.8381483554840088,9.435099601745605,-24.560855865478516,-16.007118225097656,-21.13988494873047
0.2865560054779053,2.249951124191284,9.362076759338379,-24.560855865478516,-16.007118225097656,-21.13988494873047
0.057909753173589706,2.652176856994629,9.475801467895508,-24.560855865478516,-16.007118225097656,-21.13988494873047
-0.0677858367562294,2.7515363693237305,9.718812942504883,-24.560855865478516,-16.007118225097656,-21.13988494873047
-0.059406131505966187,2.5073277950286865,10.170120239257813,-24.560855865478516,-16.007118225097656,-21.13988494873047
-0.059406131505966187,2.5073277950286865,10.170120239257813,-24.504751205444336,-16.039297103881836,-21.296812057495117
0.27578210830688477,2.275090217590332,11.0440034866333,-24.504751205444336,-16.039297103881836,-21.296812057495117
0.35000234842300415,1.9470845460891724,11.569530487060547,-24.504751205444336,-16.039297103881836,-21.296812057495117
0.46492403745651245,1.6178817749023438,11.606640815734863,-24.504751205444336,-16.039297103881836,-21.296812057495117
0.3835211992263794,1.5723919868469238,11.186458587646484,-24.504751205444336,-16.039297103881836,-21.296812057495117
0.3835211992263794,1.5723919868469238,11.186458587646484,-24.49266242980957,-16.010507583618164,-21.452404022216797
0.037559039890766144,1.8896236419677734,10.428693771362305,-24.49266242980957,-16.010507583618164,-21.452404022216797
-0.28206688165664673,2.744353771209717,8.932317733764648,-24.49266242980957,-16.010507583618164,-21.452404022216797
-1.2038345336914063,3.6158430576324463,7.908796310424805,-24.49266242980957,-16.010507583618164,-21.452404022216797
-0.7812579274177551,2.0931308269500732,8.67134952545166,-24.49266242980957,-16.010507583618164,-21.452404022216797
-0.7812579274177551,2.0931308269500732,8.67134952545166,-24.528732299804688,-15.900568008422852,-21.576555252075195
-0.18151041865348816,-0.12749123573303223,11.591078758239746,-24.528732299804688,-15.900568008422852,-21.576555252075195
-0.4340986907482147,-1.899200439453125,15.92937183380127,-24.528732299804688,-15.900568008422852,-21.576555252075195
-0.722599983215332,-1.8632874488830566,16.44651985168457,-24.528732299804688,-15.900568008422852,-21.576555252075195
-0.44846391677856445,-1.0755951404571533,11.745504379272461,-24.528732299804688,-15.900568008422852,-21.576555252075195
-0.44846391677856445,-1.0755951404571533,11.745504379272461,-24.54766845703125,-15.781880378723145,-21.611629486083984
-0.029478607699275017,0.6386532783508301,7.094768047332764,-24.54766845703125,-15.781880378723145,-21.611629486083984
-0.15756839513778687,1.9889830350875854,4.521000862121582,-24.54766845703125,-15.781880378723145,-21.611629486083984
-0.337133526802063,2.094327926635742,4.968716621398926,-24.54766845703125,-15.781880378723145,-21.611629486083984
-0.41374799609184265,1.5999252796173096,7.239616870880127,-24.54766845703125,-15.781880378723145,-21.611629486083984
-0.41374799609184265,1.5999252796173096,7.239616870880127,-24.587669372558594,-15.748493194580078,-21.55597496032715
-0.4496610164642334,1.127070426940918,9.454253196716309,-24.587669372558594,-15.748493194580078,-21.55597496032715
-0.3131915032863617,1.0636241436004639,10.516081809997559,-24.587669372558594,-15.748493194580078,-21.55597496032715
-0.44846391677856445,1.470638394355774,10.513688087463379,-24.587669372558594,-15.748493194580078,-21.55597496032715
-0.2545335590839386,1.611896276473999,9.838522911071777,-24.587669372558594,-15.748493194580078,-21.55597496032715
-0.2545335590839386,1.611896276473999,9.838522911071777,-24.72053337097168,-15.795445442199707,-21.435016632080078
-0.22700025141239166,1.6849194765090942,9.164555549621582,-24.72053337097168,-15.795445442199707,-21.435016632080078
-0.16714520752429962,1.544858694076538,9.025691032409668,-24.72053337097168,-15.795445442199707,-21.435016632080078
-0.17552490532398224,1.3413515090942383,9.208847999572754,-24.72053337097168,-15.795445442199707,-21.435016632080078
-0.32875382900238037,1.3509283065795898,9.166949272155762,-24.72053337097168,-15.795445442199707,-21.435016632080078
-0.32875382900238037,1.3509283065795898,9.166949272155762,-24.93743133544922,-15.83023452758789,-21.25733184814453
-0.7441478371620178,1.5292962789535522,9.019705772399902,-24.93743133544922,-15.83023452758789,-21.25733184814453
-1.0937012434005737,1.6406266689300537,8.923937797546387,-24.93743133544922,-15.83023452758789,-21.25733184814453
-1.255309820175171,1.7974469661712646,8.806622505187988,-24.93743133544922,-15.83023452758789,-21.25733184814453
-1.26728093624115,1.9686323404312134,8.624662399291992,-24.93743133544922,-15.83023452758789,-21.25733184814453
-1.26728093624115,1.9686323404312134,8.624662399291992,-25.151527404785156,-15.8193359375,-21.087722778320313
-0.9943419098854065,2.139817714691162,8.600720405578613,-25.151527404785156,-15.8193359375,-21.087722778320313
-0.7908347249031067,2.3995885848999023,8.39841079711914,-25.151527404785156,-15.8193359375,-21.087722778320313
-0.6771101951599121,2.494159698486328,8.51213550567627,-25.151527404785156,-15.8193359375,-21.087722778320313
-0.5178957581520081,2.536058187484741,9.308207511901855,-25.151527404785156,-15.8193359375,-21.087722778320313
-0.5178957581520081,2.536058187484741,9.308207511901855,-25.330150604248047,-15.854757308959961,-20.972047805786133
-0.2916437089443207,2.4857800006866455,9.978583335876465,-25.330150604248047,-15.854757308959961,-20.972047805786133
-0.18629881739616394,2.4666264057159424,10.635791778564453,-25.330150604248047,-15.854757308959961,-20.972047805786133
-0.14679449796676636,2.367266893386841,10.743531227111816,-25.330150604248047,-15.854757308959961,-20.972047805786133
0.1429039090871811,2.1936872005462646,11.085902214050293,-25.330150604248047,-15.854757308959961,-20.972047805786133
0.1429039090871811,2.1936872005462646,11.085902214050293,-25.48121452331543,-15.979519844055176,-20.896780014038086
0.26500821113586426,1.955464243888855,11.206809043884277,-25.48121452331543,-15.979519844055176,-20.896780014038086
0.10220248252153397,1.9255367517471313,11.120617866516113,-25.48121452331543,-15.979519844055176,-20.896780014038086
-0.17313070595264435,2.0895395278930664,11.145756721496582,-25.48121452331543,-15.979519844055176,-20.896780014038086
-0.5885246992111206,2.6210522651672363,10.718392372131348,-25.48121452331543,-15.979519844055176,-20.896780014038086
-0.5885246992111206,2.6210522651672363,10.718392372131348,-25.580963134765625,-16.09750747680664,-20.82271957397461
-0.7309796810150146,3.2411506175994873,9.560795783996582,-25.580963134765625,-16.09750747680664,-20.82271957397461
-0.5095160603523254,3.339312791824341,8.655787467956543,-25.580963134765625,-16.09750747680664,-20.82271957397461
0.2554313838481903,1.8716671466827393,9.903166770935059,-25.580963134765625,-16.09750747680664,-20.82271957397461
0.7366659641265869,0.166995570063591,12.056751251220703,-25.580963134765625,-16.09750747680664,-20.82271957397461
0.7366659641265869,0.166995570063591,12.056751251220703,-25.67770004272461,-16.18890380859375,-20.71440887451172
0.7151181101799011,-1.0971429347991943,13.49686336517334,-25.67770004272461,-16.18890380859375,-20.71440887451172
0.6792051196098328,-1.391629695892334,13.059921264648438,-25.67770004272461,-16.18890380859375,-20.71440887451172
0.81806880235672,-0.778714120388031,10.55798053741455,-25.67770004272461,-16.18890380859375,-20.71440887451172
0.8767267465591431,0.3513490855693817,8.294262886047363,-25.67770004272461,-16.18890380859375,-20.71440887451172
0.8767267465591431,0.3513490855693817,8.294262886047363,-25.85281753540039,-16.340232849121094,-20.561697006225586
1.0311527252197266,0.8637082576751709,7.242011070251465,-25.85281753540039,-16.340232849121094,-20.561697006225586
1.0515034198760986,0.6530185341835022,7.519738674163818,-25.85281753540039,-16.340232849121094,-20.561697006225586
0.6468833684921265,0.7248445749282837,8.429534912109375,-25.85281753540039,-16.340232849121094,-20.561697006225586
0.13452421128749847,0.6542156338691711,9.55361270904541,-25.85281753540039,-16.340232849121094,-20.561697006225586
0.13452421128749847,0.6542156338691711,9.55361270904541,-26.04720115661621,-16.589202880859375,-20.31903076171875
-0.4712088108062744,0.8242039084434509,9.965415954589844,-26.04720115661621,-16.589202880859375,-20.31903076171875
-1.0805331468582153,1.3844470977783203,10.154557228088379,-26.04720115661621,-16.589202880859375,-20.31903076171875
-2.093280553817749,2.7718870639801025,9.48537826538086,-26.04720115661621,-16.589202880859375,-20.31903076171875
-1.8107646703720093,2.69646954536438,8.806622505187988,-26.04720115661621,-16.589202880859375,-20.31903076171875
-1.8107646703720093,2.69646954536438,8.806622505187988,-26.113330841064453,-16.95923614501953,-19.95772933959961
-0.6423942446708679,2.123058319091797,7.997381687164307,-26.113330841064453,-16.95923614501953,-19.95772933959961
0.4960486590862274,1.4107834100723267,7.745990753173828,-26.113330841064453,-16.95923614501953,-19.95772933959961
1.1376947164535522,0.9379284977912903,8.211663246154785,-26.113330841064453,-16.95923614501953,-19.95772933959961
1.428590178489685,0.5847837924957275,8.94428825378418,-26.113330841064453,-16.95923614501953,-19.95772933959961
1.428590178489685,0.5847837924957275,8.94428825378418,-26.01439094543457,-17.478796005249023,-19.586544036865234
1.465700387954712,0.6039373874664307,9.235183715820313,-26.01439094543457,-17.478796005249023,-19.586544036865234
1.2705729007720947,0.8804676532745361,9.5763578414917,-26.01439094543457,-17.478796005249023,-19.586544036865234
1.2705729007720947,0.8804676532745361,9.5763578414917,-25.880945205688477,-18.098878860473633,-19.317113876342773
0.25902268290519714,2.05123233795166,9.672125816345215,-25.880945205688477,-18.098878860473633,-19.317113876342773
0.25902268290519714,2.05123233795166,9.672125816345215,-25.83991241455078,-18.63597297668457,-19.149614334106445
0.23986908793449402,2.1589713096618652,9.560795783996582,-25.83991241455078,-18.63597297668457,-19.149614334106445
0.23986908793449402,2.1589713096618652,9.560795783996582,-25.81814956665039,-18.977622985839844,-19.047462463378906
0.5989993214607239,1.5879542827606201,10.733954429626465,-25.81814956665039,-18.977622985839844,-19.047462463378906
0.5989993214607239,1.5879542827606201,10.733954429626465,-25.71916961669922,-19.199535369873047,-19.004985809326172
-0.3191770017147064,2.5516204833984375,10.317363739013672,-25.71916961669922,-19.199535369873047,-19.004985809326172
-0.19228433072566986,1.9841946363449097,8.870068550109863,-25.71916961669922,-19.199535369873047,-19.004985809326172
-0.19228433072566986,1.9841946363449097,8.870068550109863,-25.578163146972656,-19.427553176879883,-19.00766944885254
-0.08215104788541794,-1.8644845485687256,12.359617233276367,-25.578163146972656,-19.427553176879883,-19.00766944885254
-0.08215104788541794,-1.8644845485687256,12.359617233276367,-25.46149253845215,-19.695829391479492,-19.014894485473633
-0.9296984672546387,1.7268179655075073,7.1211042404174805,-25.46149253845215,-19.695829391479492,-19.014894485473633
-0.9296984672546387,1.7268179655075073,7.1211042404174805,-25.437278747558594,-19.97970962524414,-18.965120315551758
0.08544307202100754,0.8062474131584167,11.377994537353516,-25.437278747558594,-19.97970962524414,-18.965120315551758
0.08544307202100754,0.8062474131584167,11.377994537353516,-25.495006561279297,-20.25608253479004,-18.83199691772461
0.4613327383995056,1.323395013809204,8.707262992858887,-25.495006561279297,-20.25608253479004,-18.83199691772461
0.4613327383995056,1.323395013809204,8.707262992858887,-25.58868408203125,-20.424673080444336,-18.710163116455078
-0.7441478371620178,1.3377602100372314,8.63783073425293,-25.58868408203125,-20.424673080444336,-18.710163116455078
-0.7441478371620178,1.3377602100372314,8.63783073425293,-25.7139835357666,-20.458927154541016,-18.63433074951172
-0.8901941180229187,1.6621745824813843,9.174132347106934,-25.7139835357666,-20.458927154541016,-18.63433074951172
-0.8901941180229187,1.6621745824813843,9.174132347106934,-25.788339614868164,-20.479976654052734,-18.57073974609375
-0.29403790831565857,1.9925743341445923,9.631424903869629,-25.788339614868164,-20.479976654052734,-18.57073974609375
-0.22700025141239166,1.9075802564620972,10.632201194763184,-25.788339614868164,-20.479976654052734,-18.57073974609375
-0.22700025141239166,1.9075802564620972,10.632201194763184,-25.708173751831055,-20.540040969848633,-18.55857276916504
-0.4843769371509552,1.8525135517120361,10.972177505493164,-25.708173751831055,-20.540040969848633,-18.55857276916504
-0.4843769371509552,1.8525135517120361,10.972177505493164,-25.51235008239746,-20.59859848022461,-18.63111114501953
-0.3646668493747711,2.1481974124908447,9.254337310791016,-25.51235008239746,-20.59859848022461,-18.63111114501953
-0.3646668493747711,2.1481974124908447,9.254337310791016,-25.291799545288086,-20.677837371826172,-18.721494674682617
0.15607202053070068,-0.7368155717849731,12.362011909484863,-25.291799545288086,-20.677837371826172,-18.721494674682617
0.15607202053070068,-0.7368155717849731,12.362011909484863,-25.070114135742188,-20.86673355102539,-18.73652458190918
0.5930138230323792,0.8170213103294373,7.583185195922852,-25.070114135742188,-20.86673355102539,-18.73652458190918
0.5930138230323792,0.8170213103294373,7.583185195922852,-24.867023468017578,-21.210826873779297,-18.621868133544922
0.5582979321479797,0.6135141849517822,8.971821784973145,-24.867023468017578,-21.210826873779297,-18.621868133544922
0.5582979321479797,0.6135141849517822,8.971821784973145,-24.696523666381836,-21.68463706970215,-18.33600425720215
-0.9979332089424133,1.548449993133545,10.36524772644043,-24.696523666381836,-21.68463706970215,-18.33600425720215
-0.9979332089424133,1.548449993133545,10.36524772644043,-24.49286460876465,-22.200834274291992,-17.983726501464844
0.10220248252153397,1.5364789962768555,8.714445114135742,-24.49286460876465,-22.200834274291992,-17.983726501464844
0.5235819816589355,1.3772644996643066,9.503334999084473,-24.49286460876465,-22.200834274291992,-17.983726501464844
0.5235819816589355,1.3772644996643066,9.503334999084473,-24.181716918945313,-22.659833908081055,-17.743698120117188
0.236277773976326,1.5951368808746338,9.878026962280273,-24.181716918945313,-22.659833908081055,-17.743698120117188
0.236277773976326,1.5951368808746338,9.878026962280273,-23.831344604492188,-23.033645629882813,-17.654279708862305
-0.1934814304113388,1.7747019529342651,10.180893898010254,-23.831344604492188,-23.033645629882813,-17.654279708862305
-0.1934814304113388,1.7747019529342651,10.180893898010254,-23.556337356567383,-23.268024444580078,-17.670989990234375
-0.0917278528213501,1.8046295642852783,9.660155296325684,-23.556337356567383,-23.268024444580078,-17.670989990234375
-0.0917278528213501,1.8046295642852783,9.660155296325684,-23.363521575927734,-23.290443420410156,-17.726829528808594
0.012419921346008778,2.138620615005493,9.318981170654297,-23.363521575927734,-23.290443420410156,-17.726829528808594
0.012419921346008778,2.138620615005493,9.318981170654297,-23.23988151550293,-23.19069480895996,-17.74906349182129
-0.12524667382240295,0.4423287510871887,11.641356468200684,-23.23988151550293,-23.19069480895996,-17.74906349182129
-0.12524667382240295,0.4423287510871887,11.641356468200684,-23.256229400634766,-23.09358787536621,-17.75909423828125
0.175225630402565,0.535702645778656,9.217227935791016,-23.256229400634766,-23.09358787536621,-17.75909423828125
0.175225630402565,0.535702645778656,9.217227935791016,-23.45992088317871,-23.016965866088867,-17.761310577392578
-0.883011519908905,1.7818846702575684,7.967454433441162,-23.45992088317871,-23.016965866088867,-17.761310577392578
-0.9308955669403076,0.7823054194450378,10.416722297668457,-23.45992088317871,-23.016965866088867,-17.761310577392578
-0.9308955669403076,0.7823054194450378,10.416722297668457,-23.753997802734375,-23.006534576416016,-17.660383224487305
0.008828618563711643,0.943913996219635,10.834510803222656,-23.753997802734375,-23.006534576416016,-17.660383224487305
0.008828618563711643,0.943913996219635,10.834510803222656,-24.082515716552734,-23.02977752685547,-17.521926879882813
-0.14200608432292938,1.5975310802459717,8.662969589233398,-24.082515716552734,-23.02977752685547,-17.521926879882813
-0.14200608432292938,1.5975310802459717,8.662969589233398,-24.45317268371582,-22.9407901763916,-17.475433349609375
-1.2361562252044678,1.6849194765090942,9.151387214660645,-24.45317268371582,-22.9407901763916,-17.475433349609375
-1.2361562252044678,1.6849194765090942,9.151387214660645,-24.754087448120117,-22.766324996948242,-17.473817825317383
-0.641197144985199,1.1773487329483032,10.475380897521973,-24.754087448120117,-22.766324996948242,-17.473817825317383
-0.641197144985199,1.1773487329483032,10.475380897521973,-24.929134368896484,-22.626815795898438,-17.502201080322266
-0.29403790831565857,1.5771803855895996,9.921122550964355,-24.929134368896484,-22.626815795898438,-17.502201080322266
-0.29403790831565857,1.5771803855895996,9.921122550964355,-25.075395584106445,-22.548114776611328,-17.638269424438477
-0.40776246786117554,1.9925743341445923,9.888801574707031,-25.075395584106445,-22.548114776611328,-17.638269424438477
