-6.328174591064453,-5.036951541900635,4.630835056304932,10.427292823791504,2.861206293106079,-21.371843338012695
-6.328174591064453,-5.036951541900635,4.630835056304932,10.453224182128906,2.8295035362243652,-21.387096405029297
-7.3792290687561035,-4.561702251434326,3.6432268619537354,10.453224182128906,2.8295035362243652,-21.387096405029297
-7.3792290687561035,-4.561702251434326,3.6432268619537354,10.521773338317871,2.7007858753204346,-21.445371627807617
-8.109460830688477,-3.9344215393066406,3.583371639251709,10.521773338317871,2.7007858753204346,-21.445371627807617
-8.109460830688477,-3.9344215393066406,3.583371639251709,10.614789962768555,2.478273630142212,-21.511417388916016
-8.278251647949219,-3.820697069168091,3.6563949584960938,10.614789962768555,2.478273630142212,-21.511417388916016
-8.278251647949219,-3.820697069168091,3.6563949584960938,10.742317199707031,2.222022771835327,-21.526857376098633
-8.765471458435059,-3.1156046390533447,3.7761049270629883,10.742317199707031,2.222022771835327,-21.526857376098633
-8.765471458435059,-3.1156046390533447,3.7761049270629883,10.90231990814209,1.9508994817733765,-21.51507568359375
-9.370007514953613,-2.491914987564087,3.6659717559814453,10.90231990814209,1.9508994817733765,-21.51507568359375
-9.777022361755371,-2.557755708694458,4.1926960945129395,10.90231990814209,1.9508994817733765,-21.51507568359375
-9.777022361755371,-2.557755708694458,4.1926960945129395,11.037912368774414,1.6851052045822144,-21.525615692138672
-10.087071418762207,-2.7923874855041504,3.5702035427093506,11.037912368774414,1.6851052045822144,-21.525615692138672
-10.087071418762207,-2.7923874855041504,3.5702035427093506,11.118509292602539,1.4414814710617065,-21.569475173950195
-9.528024673461914,-2.3255181312561035,4.39500617980957,11.118509292602539,1.4414814710617065,-21.569475173950195
-9.528024673461914,-2.3255181312561035,4.39500617980957,11.181628227233887,1.1329565048217773,-21.628808975219727
-8.2219877243042,-2.536207675933838,3.4193689823150635,11.181628227233887,1.1329565048217773,-21.628808975219727
-8.2219877243042,-2.536207675933838,3.4193689823150635,11.289888381958008,0.6153240203857422,-21.659046173095703
-8.126219749450684,-2.6738743782043457,3.0446763038635254,11.289888381958008,0.6153240203857422,-21.659046173095703
-8.126219749450684,-2.6738743782043457,3.0446763038635254,11.480752944946289,-0.19662778079509735,-21.595172882080078
-7.698854923248291,-2.687042474746704,2.6400563716888428,11.480752944946289,-0.19662778079509735,-21.595172882080078
-7.698854923248291,-2.687042474746704,2.6400563716888428,11.689783096313477,-1.277084231376648,-21.42476463317871
-6.897994518280029,-3.083282947540283,2.7310359477996826,11.689783096313477,-1.277084231376648,-21.42476463317871
-6.897994518280029,-3.083282947540283,2.7310359477996826,11.824868202209473,-2.4780848026275635,-21.21246910095215
-6.367678642272949,-3.6315550804138184,2.3611319065093994,11.824868202209473,-2.4780848026275635,-21.21246910095215
-6.798635005950928,-3.8278796672821045,3.4181718826293945,11.824868202209473,-2.4780848026275635,-21.21246910095215
-6.798635005950928,-3.8278796672821045,3.4181718826293945,11.92264175415039,-3.6473677158355713,-21.005695343017578
-8.476970672607422,-5.70972204208374,2.811241626739502,11.92264175415039,-3.6473677158355713,-21.005695343017578
-8.476970672607422,-5.70972204208374,2.811241626739502,12.073966979980469,-4.627766132354736,-20.817750930786133
-8.019678115844727,-4.064905643463135,2.8902504444122314,12.073966979980469,-4.627766132354736,-20.817750930786133
-8.019678115844727,-4.064905643463135,2.8902504444122314,12.361123085021973,-5.150671005249023,-20.667755126953125
-9.022848129272461,-5.424812316894531,2.5981576442718506,12.361123085021973,-5.150671005249023,-20.667755126953125
-9.022848129272461,-5.424812316894531,2.5981576442718506,12.887246131896973,-5.038148880004883,-20.507843017578125
-10.181641578674316,-5.828235149383545,2.283320188522339,12.887246131896973,-5.038148880004883,-20.507843017578125
-10.181641578674316,-5.828235149383545,2.283320188522339,13.679028511047363,-4.33925724029541,-20.25113296508789
-8.870816230773926,-3.6746506690979004,3.056647300720215,13.679028511047363,-4.33925724029541,-20.25113296508789
-8.870816230773926,-3.6746506690979004,3.056647300720215,14.630644798278809,-3.1770076751708984,-19.875295639038086
-7.945457458496094,-3.57289719581604,3.2014966011047363,14.630644798278809,-3.1770076751708984,-19.875295639038086
-7.945457458496094,-3.57289719581604,3.2014966011047363,15.602181434631348,-1.7018753290176392,-19.409744262695313
-9.237129211425781,-3.442413091659546,2.8639142513275146,15.602181434631348,-1.7018753290176392,-19.409744262695313
-9.647734642028809,-3.0282161235809326,3.054253101348877,15.602181434631348,-1.7018753290176392,-19.409744262695313
-9.647734642028809,-3.0282161235809326,3.054253101348877,16.489879608154297,-0.10539912432432175,-18.927520751953125
-8.892364501953125,-2.8989293575286865,3.1955111026763916,16.489879608154297,-0.10539912432432175,-18.927520751953125
-8.892364501953125,-2.8989293575286865,3.1955111026763916,17.26078224182129,1.4226915836334229,-18.491558074951172
-8.516474723815918,-3.20059871673584,3.427748680114746,17.26078224182129,1.4226915836334229,-18.491558074951172
-8.516474723815918,-3.20059871673584,3.427748680114746,17.93876838684082,2.7393388748168945,-18.114501953125
-10.067917823791504,-4.604797840118408,3.5259108543395996,17.93876838684082,2.7393388748168945,-18.114501953125
-10.067917823791504,-4.604797840118408,3.5259108543395996,18.512392044067383,3.719102621078491,-17.798988342285156
-14.553454399108887,-5.14349365234375,2.188749313354492,18.512392044067383,3.719102621078491,-17.798988342285156
-14.553454399108887,-5.14349365234375,2.188749313354492,18.930871963500977,4.220302104949951,-17.59181785583496
-8.927080154418945,-3.839850664138794,4.687098503112793,18.930871963500977,4.220302104949951,-17.59181785583496
-8.927080154418945,-3.839850664138794,4.687098503112793,19.266639709472656,4.154539108276367,-17.493898391723633
-11.0208101272583,-6.627898693084717,2.395847797393799,19.266639709472656,4.154539108276367,-17.493898391723633
-11.0208101272583,-6.627898693084717,2.395847797393799,19.57067108154297,3.3938827514648438,-17.475788116455078
-9.425074577331543,-5.598391532897949,4.13643217086792,19.57067108154297,3.3938827514648438,-17.475788116455078
-6.3174004554748535,-5.809081554412842,3.0410850048065186,19.57067108154297,3.3938827514648438,-17.475788116455078
-6.3174004554748535,-5.809081554412842,3.0410850048065186,19.69213104248047,1.759113073348999,-17.581857681274414
-4.829403877258301,-5.016600608825684,2.6029460430145264,19.69213104248047,1.759113073348999,-17.581857681274414
-4.829403877258301,-5.016600608825684,2.6029460430145264,19.49616050720215,-0.769546389579773,-17.72623634338379
-4.543296813964844,-4.497058868408203,2.280925989151001,19.49616050720215,-0.769546389579773,-17.72623634338379
-4.543296813964844,-4.497058868408203,2.280925989151001,18.890459060668945,-3.9338605403900146,-17.802595138549805
-4.216488361358643,-4.641908168792725,1.6141408681869507,18.890459060668945,-3.9338605403900146,-17.802595138549805
-4.216488361358643,-4.641908168792725,1.6141408681869507,17.920303344726563,-7.245477199554443,-17.839601516723633
-4.736030101776123,-4.9555487632751465,2.391059398651123,17.920303344726563,-7.245477199554443,-17.839601516723633
-4.736030101776123,-4.9555487632751465,2.391059398651123,16.88566017150879,-10.16982650756836,-17.833988189697266
-9.452607154846191,-8.786271095275879,4.597316265106201,16.88566017150879,-10.16982650756836,-17.833988189697266
-9.452607154846191,-8.786271095275879,4.597316265106201,16.181745529174805,-12.12411880493164,-17.85037612915039
-9.602245330810547,-5.4619221687316895,3.1105170249938965,16.181745529174805,-12.12411880493164,-17.85037612915039
-9.602245330810547,-5.4619221687316895,3.1105170249938965,16.195772171020508,-12.617910385131836,-17.964752197265625
-9.541193008422852,-6.188562393188477,3.384653091430664,16.195772171020508,-12.617910385131836,-17.964752197265625
-9.96137523651123,-5.624728202819824,2.1636102199554443,16.195772171020508,-12.617910385131836,-17.964752197265625
-9.96137523651123,-5.624728202819824,2.1636102199554443,17.09425926208496,-11.590618133544922,-18.029052734375
-9.69083023071289,-4.6191630363464355,1.462109088897705,17.09425926208496,-11.590618133544922,-18.029052734375
-9.69083023071289,-4.6191630363464355,1.462109088897705,18.68267822265625,-9.297926902770996,-17.850513458251953
-10.224737167358398,-3.332279920578003,2.6197056770324707,18.68267822265625,-9.297926902770996,-17.850513458251953
-10.224737167358398,-3.332279920578003,2.6197056770324707,20.52534294128418,-6.087704181671143,-17.4428768157959
-10.818499565124512,-2.3039703369140625,2.7286417484283447,20.52534294128418,-6.087704181671143,-17.4428768157959
-10.818499565124512,-2.3039703369140625,2.7286417484283447,22.10816764831543,-2.348961591720581,-17.014772415161133
-10.204386711120605,-2.072929859161377,3.029114007949829,22.10816764831543,-2.348961591720581,-17.014772415161133
-10.204386711120605,-2.072929859161377,3.029114007949829,23.187576293945313,1.4629284143447876,-16.727617263793945
-9.883563995361328,-3.0952539443969727,2.4700679779052734,23.187576293945313,1.4629284143447876,-16.727617263793945
-9.883563995361328,-3.0952539443969727,2.4700679779052734,23.93659210205078,4.769595623016357,-16.539884567260742
-10.50126838684082,-6.489034652709961,4.323180198669434,23.93659210205078,4.769595623016357,-16.539884567260742
-10.50126838684082,-6.489034652709961,4.323180198669434,24.626977920532227,6.9824371337890625,-16.280088424682617
-13.561058044433594,-6.892457962036133,1.0323498249053955,24.626977920532227,6.9824371337890625,-16.280088424682617
-11.177629470825195,-6.469881057739258,3.4888007640838623,24.626977920532227,6.9824371337890625,-16.280088424682617
-11.177629470825195,-6.469881057739258,3.4888007640838623,25.334144592285156,7.698714733123779,-15.880596160888672
-9.742305755615234,-6.7667622566223145,3.207482099533081,25.334144592285156,7.698714733123779,-15.880596160888672
-9.742305755615234,-6.7667622566223145,3.207482099533081,25.917583465576172,6.816145896911621,-15.526458740234375
-8.781034469604492,-7.0492777824401855,3.251774787902832,25.917583465576172,6.816145896911621,-15.526458740234375
-8.781034469604492,-7.0492777824401855,3.251774787902832,26.144981384277344,4.396193981170654,-15.34656810760498
-6.451475620269775,-7.286303997039795,2.235436201095581,26.144981384277344,4.396193981170654,-15.34656810760498
-6.451475620269775,-7.286303997039795,2.235436201095581,25.7531795501709,0.5663584470748901,-15.186532974243164
-4.552873611450195,-5.354183197021484,1.5339350700378418,25.7531795501709,0.5663584470748901,-15.186532974243164
-4.552873611450195,-5.354183197021484,1.5339350700378418,24.58235740661621,-4.267385959625244,-14.844968795776367
-4.014178276062012,-3.9092824459075928,2.2952911853790283,24.58235740661621,-4.267385959625244,-14.844968795776367
-4.014178276062012,-3.9092824459075928,2.2952911853790283,22.718656539916992,-9.349510192871094,-14.34411334991455
-5.042488098144531,-3.3131263256073,1.972074031829834,22.718656539916992,-9.349510192871094,-14.34411334991455
-5.042488098144531,-3.3131263256073,1.972074031829834,20.530073165893555,-13.849373817443848,-13.866328239440918
-6.982988357543945,-7.996184825897217,3.8108208179473877,20.530073165893555,-13.849373817443848,-13.866328239440918
-7.763498306274414,-6.975057601928711,3.011157512664795,20.530073165893555,-13.849373817443848,-13.866328239440918
-7.763498306274414,-6.975057601928711,3.011157512664795,18.545351028442383,-17.196855545043945,-13.57662296295166
-9.392752647399902,-4.267215728759766,2.79089093208313,18.545351028442383,-17.196855545043945,-13.57662296295166
-9.392752647399902,-4.267215728759766,2.79089093208313,17.306568145751953,-19.09211540222168,-13.48358154296875
-8.620622634887695,-6.043713092803955,3.1153054237365723,17.306568145751953,-19.09211540222168,-13.48358154296875
-8.620622634887695,-6.043713092803955,3.1153054237365723,17.213626861572266,-19.324777603149414,-13.552369117736816
-9.80216121673584,-5.696554183959961,2.503586769104004,17.213626861572266,-19.324777603149414,-13.552369117736816
-9.80216121673584,-5.696554183959961,2.503586769104004,18.23893165588379,-17.834821701049805,-13.858030319213867
-10.86398983001709,-4.730493545532227,3.049464702606201,18.23893165588379,-17.834821701049805,-13.858030319213867
-10.86398983001709,-4.730493545532227,3.049464702606201,19.982982635498047,-14.7943754196167,-14.381272315979004
-10.828076362609863,-3.487902879714966,3.056647300720215,19.982982635498047,-14.7943754196167,-14.381272315979004
-10.828076362609863,-3.487902879714966,3.056647300720215,21.972482681274414,-10.617328643798828,-15.003819465637207
-10.674847602844238,-2.622399091720581,2.721459150314331,21.972482681274414,-10.617328643798828,-15.003819465637207
-10.674847602844238,-2.622399091720581,2.721459150314331,23.817333221435547,-5.940793514251709,-15.583548545837402
-10.485705375671387,-2.7492916584014893,2.4904186725616455,23.817333221435547,-5.940793514251709,-15.583548545837402
-13.312060356140137,-5.615151405334473,3.868281841278076,23.817333221435547,-5.940793514251709,-15.583548545837402
-13.312060356140137,-5.615151405334473,3.868281841278076,25.27737808227539,-1.4648523330688477,-15.978575706481934
-11.278186798095703,-5.396081924438477,3.270928382873535,25.27737808227539,-1.4648523330688477,-15.978575706481934
-11.278186798095703,-5.396081924438477,3.270928382873535,26.256364822387695,2.2024354934692383,-16.198944091796875
-9.296984672546387,-6.1909565925598145,2.0319290161132813,26.256364822387695,2.2024354934692383,-16.198944091796875
-9.296984672546387,-6.1909565925598145,2.0319290161132813,26.795307159423828,4.534849643707275,-16.234539031982422
-10.116998672485352,-4.768800735473633,2.8399720191955566,26.795307159423828,4.534849643707275,-16.234539031982422
-10.116998672485352,-4.768800735473633,2.8399720191955566,26.99265480041504,5.0504536628723145,-16.00163459777832
-10.137349128723145,-5.070470333099365,2.703502655029297,26.99265480041504,5.0504536628723145,-16.00163459777832
-9.903914451599121,-5.655852794647217,2.387468099594116,26.99265480041504,5.0504536628723145,-16.00163459777832
-9.732728958129883,-6.073640823364258,1.9768624305725098,26.99265480041504,5.0504536628723145,-16.00163459777832
-9.188048362731934,-6.296301364898682,1.6596306562423706,26.99265480041504,5.0504536628723145,-16.00163459777832
-9.188048362731934,-6.296301364898682,1.6596306562423706,26.831087112426758,3.6972815990448,-15.645365715026855
-8.632593154907227,-6.468684196472168,1.6033669710159302,26.831087112426758,3.6972815990448,-15.645365715026855
-7.72399377822876,-6.374113082885742,1.7841291427612305,26.831087112426758,3.6972815990448,-15.645365715026855
-6.975805759429932,-6.1670145988464355,2.2067058086395264,26.831087112426758,3.6972815990448,-15.645365715026855
-6.437110424041748,-6.088006019592285,2.696320056915283,26.831087112426758,3.6972815990448,-15.645365715026855
-6.437110424041748,-6.088006019592285,2.696320056915283,26.16718101501465,0.894688069820404,-15.38318157196045
-6.003759860992432,-5.788730621337891,2.7609634399414063,26.16718101501465,0.894688069820404,-15.38318157196045
-5.389647483825684,-5.332635402679443,2.584989547729492,26.16718101501465,0.894688069820404,-15.38318157196045
-4.7491984367370605,-4.96273136138916,2.478447675704956,26.16718101501465,0.894688069820404,-15.38318157196045
-4.804265022277832,-5.014206409454346,2.6639983654022217,26.16718101501465,0.894688069820404,-15.38318157196045
-4.804265022277832,-5.014206409454346,2.6639983654022217,24.916418075561523,-2.8783674240112305,-15.250826835632324
-5.444714069366455,-5.3086934089660645,2.5131635665893555,24.916418075561523,-2.8783674240112305,-15.250826835632324
-6.118681907653809,-5.578041076660156,1.8056769371032715,24.916418075561523,-2.8783674240112305,-15.250826835632324
-6.361693382263184,-5.623530864715576,1.0335469245910645,24.916418075561523,-2.8783674240112305,-15.250826835632324
-6.484994411468506,-6.363339424133301,1.6153379678726196,24.916418075561523,-2.8783674240112305,-15.250826835632324
-6.484994411468506,-6.363339424133301,1.6153379678726196,23.195842742919922,-7.052563667297363,-15.10770320892334
-6.165368556976318,-8.94309139251709,3.3966240882873535,23.195842742919922,-7.052563667297363,-15.10770320892334
-5.2136735916137695,-10.534038543701172,4.099322319030762,23.195842742919922,-7.052563667297363,-15.10770320892334
-4.48942756652832,-9.78824520111084,3.031508207321167,23.195842742919922,-7.052563667297363,-15.10770320892334
-5.031713962554932,-7.2491936683654785,1.7972972393035889,23.195842742919922,-7.052563667297363,-15.10770320892334
-5.031713962554932,-7.2491936683654785,1.7972972393035889,21.28632164001465,-11.01265811920166,-14.822813034057617
-6.191704750061035,-5.317072868347168,1.4884452819824219,21.28632164001465,-11.01265811920166,-14.822813034057617
-6.923133373260498,-5.09920072555542,1.8547581434249878,21.28632164001465,-11.01265811920166,-14.822813034057617
-7.611466407775879,-5.7480292320251465,1.8571523427963257,21.28632164001465,-11.01265811920166,-14.822813034057617
-8.120234489440918,-6.090400218963623,1.7338509559631348,21.28632164001465,-11.01265811920166,-14.822813034057617
-8.120234489440918,-6.090400218963623,1.7338509559631348,19.606836318969727,-14.21027660369873,-14.485372543334961
-8.043620109558105,-6.183773994445801,1.7553987503051758,19.606836318969727,-14.21027660369873,-14.485372543334961
-7.534852027893066,-5.976675510406494,2.2881085872650146,19.606836318969727,-14.21027660369873,-14.485372543334961
-7.064391613006592,-5.562478542327881,3.3259949684143066,19.606836318969727,-14.21027660369873,-14.485372543334961
-7.137414455413818,-5.160253047943115,3.985597610473633,19.606836318969727,-14.21027660369873,-14.485372543334961
-7.137414455413818,-5.160253047943115,3.985597610473633,18.617116928100586,-16.113819122314453,-14.296857833862305
-7.384017467498779,-4.969913959503174,4.151994705200195,18.617116928100586,-16.113819122314453,-14.296857833862305
-7.684489727020264,-4.967519760131836,3.55942964553833,18.617116928100586,-16.113819122314453,-14.296857833862305
-8.295011520385742,-5.09920072555542,2.484433174133301,18.617116928100586,-16.113819122314453,-14.296857833862305
-8.909123420715332,-5.302707672119141,1.708711862564087,18.617116928100586,-16.113819122314453,-14.296857833862305
-8.909123420715332,-5.302707672119141,1.708711862564087,18.499162673950195,-16.329683303833008,-14.455972671508789
-9.543587684631348,-5.700145244598389,1.440561294555664,18.499162673950195,-16.329683303833008,-14.455972671508789
-9.968558311462402,-5.798307418823242,1.4597148895263672,18.499162673950195,-16.329683303833008,-14.455972671508789
-10.23072338104248,-5.543324947357178,1.6596306562423706,18.499162673950195,-16.329683303833008,-14.455972671508789
-10.192416191101074,-5.289539813995361,2.2198739051818848,18.499162673950195,-16.329683303833008,-14.455972671508789
-10.53478717803955,-4.787954330444336,2.482038974761963,18.499162673950195,-16.329683303833008,-14.455972671508789
-10.53478717803955,-4.787954330444336,2.482038974761963,19.16731071472168,-14.84726333618164,-14.914571762084961
-10.62935733795166,-4.424036026000977,2.5191490650177,19.16731071472168,-14.84726333618164,-14.914571762084961
-10.277410507202148,-4.1798272132873535,2.5754127502441406,19.16731071472168,-14.84726333618164,-14.914571762084961
-9.98412036895752,-4.03737211227417,2.6843490600585938,19.16731071472168,-14.84726333618164,-14.914571762084961
-10.225934982299805,-3.6950013637542725,2.8399720191955566,19.16731071472168,-14.84726333618164,-14.914571762084961
-10.225934982299805,-3.6950013637542725,2.8399720191955566,20.441537857055664,-12.071921348571777,-15.35943603515625
-10.570699691772461,-3.461566686630249,3.120093822479248,20.441537857055664,-12.071921348571777,-15.35943603515625
-10.794557571411133,-3.334674119949341,2.9967923164367676,20.441537857055664,-12.071921348571777,-15.35943603515625
-10.764630317687988,-3.2760159969329834,2.5538649559020996,20.441537857055664,-12.071921348571777,-15.35943603515625
-10.515633583068848,-2.9827263355255127,2.4221839904785156,20.441537857055664,-12.071921348571777,-15.35943603515625
-10.515633583068848,-2.9827263355255127,2.4221839904785156,22.000408172607422,-8.477944374084473,-15.627197265625
-10.091859817504883,-2.513462781906128,2.7298388481140137,22.000408172607422,-8.477944374084473,-15.627197265625
-9.676465034484863,-2.6547207832336426,3.6863224506378174,22.000408172607422,-8.477944374084473,-15.627197265625
-9.720758438110352,-4.7975311279296875,5.539434432983398,22.000408172607422,-8.477944374084473,-15.627197265625
-11.393108367919922,-6.880486965179443,5.705831527709961,22.000408172607422,-8.477944374084473,-15.627197265625
-11.393108367919922,-6.880486965179443,5.705831527709961,23.48560333251953,-4.45390510559082,-15.757368087768555
-14.200309753417969,-5.6295166015625,3.5498528480529785,23.48560333251953,-4.45390510559082,-15.757368087768555
-15.708656311035156,-3.5453639030456543,1.4238017797470093,23.48560333251953,-4.45390510559082,-15.757368087768555
-14.05186939239502,-3.5393784046173096,1.4752771854400635,23.48560333251953,-4.45390510559082,-15.757368087768555
-11.503241539001465,-4.682609558105469,3.182343006134033,23.48560333251953,-4.45390510559082,-15.757368087768555
-11.503241539001465,-4.682609558105469,3.182343006134033,24.658096313476563,-0.49320805072784424,-15.779566764831543
-10.022427558898926,-5.2225022315979,4.294449806213379,24.658096313476563,-0.49320805072784424,-15.779566764831543
-9.609427452087402,-5.549310684204102,4.050240993499756,24.658096313476563,-0.49320805072784424,-15.779566764831543
-10.318111419677734,-5.599588871002197,2.5287258625030518,24.658096313476563,-0.49320805072784424,-15.779566764831543
-10.635343551635742,-5.795913219451904,1.1149498224258423,24.658096313476563,-0.49320805072784424,-15.779566764831543
-10.635343551635742,-5.795913219451904,1.1149498224258423,25.46563720703125,2.7109129428863525,-15.712807655334473
-10.462960243225098,-6.193350791931152,0.3835211992263794,25.46563720703125,2.7109129428863525,-15.712807655334473
-10.6616792678833,-6.374113082885742,0.7211036086082458,25.46563720703125,2.7109129428863525,-15.712807655334473
-10.557531356811523,-6.079626083374023,1.2897264957427979,25.46563720703125,2.7109129428863525,-15.712807655334473
-10.367192268371582,-5.81147575378418,1.9984102249145508,25.46563720703125,2.7109129428863525,-15.712807655334473
-10.367192268371582,-5.81147575378418,1.9984102249145508,25.96375846862793,4.39979887008667,-15.575542449951172
-10.011653900146484,-6.259191513061523,2.7513866424560547,25.96375846862793,4.39979887008667,-15.575542449951172
-9.574711799621582,-6.64705228805542,2.897433042526245,25.96375846862793,4.39979887008667,-15.575542449951172
-9.49929428100586,-7.036109924316406,2.5383026599884033,25.96375846862793,4.39979887008667,-15.575542449951172
-9.323320388793945,-7.365312576293945,2.125303030014038,25.96375846862793,4.39979887008667,-15.575542449951172
-9.323320388793945,-7.365312576293945,2.125303030014038,26.14126968383789,4.164667129516602,-15.316306114196777
-8.946233749389648,-7.51854133605957,2.057068109512329,26.14126968383789,4.164667129516602,-15.316306114196777
-8.273463249206543,-7.554454326629639,2.4018332958221436,26.14126968383789,4.164667129516602,-15.316306114196777
-7.686883926391602,-7.109133243560791,2.7130794525146484,26.14126968383789,4.164667129516602,-15.316306114196777
-7.477391242980957,-6.673388481140137,2.831592321395874,26.14126968383789,4.164667129516602,-15.316306114196777
-7.477391242980957,-6.673388481140137,2.831592321395874,25.8500919342041,2.1581740379333496,-14.934666633605957
-7.549217224121094,-6.412420272827148,2.5993547439575195,25.8500919342041,2.1581740379333496,-14.934666633605957
-7.345710277557373,-6.38728141784668,2.1193175315856934,25.8500919342041,2.1581740379333496,-14.934666633605957
-6.510133743286133,-6.24123477935791,1.652448058128357,25.8500919342041,2.1581740379333496,-14.934666633605957
-6.167762756347656,-5.701342582702637,1.5016133785247803,25.8500919342041,2.1581740379333496,-14.934666633605957
-6.167762756347656,-5.701342582702637,1.5016133785247803,24.848360061645508,-1.138381004333496,-14.545373916625977
-6.179733753204346,-5.251232624053955,1.505204677581787,24.848360061645508,-1.138381004333496,-14.545373916625977
-6.224026679992676,-4.986673355102539,1.3938742876052856,24.848360061645508,-1.138381004333496,-14.545373916625977
-5.940313816070557,-4.8621745109558105,0.9748889803886414,24.848360061645508,-1.138381004333496,-14.545373916625977
-5.314229965209961,-5.1554646492004395,0.7462427616119385,24.848360061645508,-1.138381004333496,-14.545373916625977
-5.314229965209961,-5.1554646492004395,0.7462427616119385,23.095232009887695,-5.132530212402344,-14.212996482849121
-4.7731404304504395,-6.910414218902588,1.9026421308517456,23.095232009887695,-5.132530212402344,-14.212996482849121
-4.028543472290039,-9.389610290527344,3.3020529747009277,23.095232009887695,-5.132530212402344,-14.212996482849121
-3.656245231628418,-8.896404266357422,3.0590415000915527,23.095232009887695,-5.132530212402344,-14.212996482849121
-4.051288604736328,-6.4998087882995605,1.6811784505844116,23.095232009887695,-5.132530212402344,-14.212996482849121
-4.051288604736328,-6.4998087882995605,1.6811784505844116,20.934398651123047,-9.213520050048828,-13.891118049621582
-4.853346347808838,-4.462343215942383,0.9078513383865356,20.934398651123047,-9.213520050048828,-13.891118049621582
-5.4770355224609375,-3.884143352508545,1.5626654624938965,20.934398651123047,-9.213520050048828,-13.891118049621582
-6.145018100738525,-4.456357479095459,2.416198492050171,20.934398651123047,-9.213520050048828,-13.891118049621582
-6.822576999664307,-5.515791893005371,2.586186647415161,20.934398651123047,-9.213520050048828,-13.891118049621582
-6.822576999664307,-5.515791893005371,2.586186647415161,18.899385452270508,-12.742555618286133,-13.530755043029785
-7.436689853668213,-6.554875373840332,2.127697229385376,18.899385452270508,-12.742555618286133,-13.530755043029785
-7.634211540222168,-7.081599712371826,1.3340193033218384,18.899385452270508,-12.742555618286133,-13.530755043029785
-7.279869556427002,-6.7212724685668945,1.142483115196228,18.899385452270508,-12.742555618286133,-13.530755043029785
-6.809409141540527,-6.054487228393555,1.8643349409103394,18.899385452270508,-12.742555618286133,-13.530755043029785
-6.809409141540527,-6.054487228393555,1.8643349409103394,17.508764266967773,-15.144418716430664,-13.206850051879883
-6.762722015380859,-5.40446138381958,2.701108455657959,17.508764266967773,-15.144418716430664,-13.206850051879883
-7.550414562225342,-4.7556328773498535,2.9788358211517334,17.508764266967773,-15.144418716430664,-13.206850051879883
-8.64815616607666,-4.335450172424316,2.8627171516418457,17.508764266967773,-15.144418716430664,-13.206850051879883
-9.1940336227417,-4.553322792053223,2.63167667388916,17.508764266967773,-15.144418716430664,-13.206850051879883
-9.1940336227417,-4.553322792053223,2.63167667388916,17.03934669494629,-16.062355041503906,-13.137683868408203
-9.1138277053833,-5.257217884063721,2.3180360794067383,17.03934669494629,-16.062355041503906,-13.137683868408203
-9.058761596679688,-5.8378119468688965,2.3790884017944336,17.03934669494629,-16.062355041503906,-13.137683868408203
-9.862015724182129,-5.813869953155518,2.810044527053833,17.03934669494629,-16.062355041503906,-13.137683868408203
-10.635343551635742,-5.31348180770874,2.920177936553955,17.03934669494629,-16.062355041503906,-13.137683868408203
-10.635343551635742,-5.31348180770874,2.920177936553955,17.39974021911621,-15.364057540893555,-13.476046562194824
-10.648510932922363,-5.125536918640137,3.0231285095214844,17.39974021911621,-15.364057540893555,-13.476046562194824
-10.386345863342285,-5.296722412109375,3.0015807151794434,17.39974021911621,-15.364057540893555,-13.476046562194824
-10.576684951782227,-5.4415717124938965,2.653224468231201,17.39974021911621,-15.364057540893555,-13.476046562194824
-10.873566627502441,-5.175815105438232,2.151639223098755,17.39974021911621,-15.364057540893555,-13.476046562194824
-10.873566627502441,-5.175815105438232,2.151639223098755,18.32428741455078,-13.207310676574707,-14.13176155090332
-11.107001304626465,-4.6694416999816895,1.9840450286865234,18.32428741455078,-13.207310676574707,-14.13176155090332
-11.033977508544922,-4.142717361450195,2.0726304054260254,18.32428741455078,-13.207310676574707,-14.13176155090332
-10.638934135437012,-3.96913743019104,2.302473783493042,18.32428741455078,-13.207310676574707,-14.13176155090332
-10.44859504699707,-3.996670722961426,2.37190580368042,18.32428741455078,-13.207310676574707,-14.13176155090332
-10.44859504699707,-3.996670722961426,2.37190580368042,19.55793571472168,-10.04691219329834,-14.85047435760498
-10.362403869628906,-3.92364764213562,2.1564276218414307,19.55793571472168,-10.04691219329834,-14.85047435760498
-10.944194793701172,-3.59564208984375,1.6476596593856812,19.55793571472168,-10.04691219329834,-14.85047435760498
-11.348814964294434,-3.2963669300079346,1.3136684894561768,19.55793571472168,-10.04691219329834,-14.85047435760498
-11.193192481994629,-3.3861494064331055,1.6763900518417358,19.55793571472168,-10.04691219329834,-14.85047435760498
-11.193192481994629,-3.3861494064331055,1.6763900518417358,20.85170555114746,-6.389480113983154,-15.456999778747559
-10.840047836303711,-5.159055709838867,3.4624645709991455,20.85170555114746,-6.389480113983154,-15.456999778747559
-12.71829891204834,-6.517765045166016,3.8180034160614014,20.85170555114746,-6.389480113983154,-15.456999778747559
-15.531485557556152,-5.3481974601745605,2.0079870223999023,20.85170555114746,-6.389480113983154,-15.456999778747559
-16.28087043762207,-3.7596447467803955,0.2015618532896042,20.85170555114746,-6.389480113983154,-15.456999778747559
-13.523947715759277,-4.139125823974609,0.6528688669204712,20.85170555114746,-6.389480113983154,-15.456999778747559
-13.523947715759277,-4.139125823974609,0.6528688669204712,21.951065063476563,-2.633096694946289,-15.972354888916016
-10.812514305114746,-4.826261520385742,2.131288528442383,21.951065063476563,-2.633096694946289,-15.972354888916016
-9.341277122497559,-4.925621032714844,2.9381344318389893,21.951065063476563,-2.633096694946289,-15.972354888916016
-9.280224800109863,-4.720916748046875,2.369511604309082,21.951065063476563,-2.633096694946289,-15.972354888916016
-9.987711906433105,-4.273200988769531,1.1125556230545044,21.951065063476563,-2.633096694946289,-15.972354888916016
-9.987711906433105,-4.273200988769531,1.1125556230545044,22.682212829589844,0.8145789504051208,-16.449369430541992
-9.990105628967285,-4.145111560821533,0.3296516537666321,22.682212829589844,0.8145789504051208,-16.449369430541992
-9.20361042022705,-4.355801105499268,0.7390601634979248,22.682212829589844,0.8145789504051208,-16.449369430541992
-8.564358711242676,-4.5796589851379395,1.9601030349731445,22.682212829589844,0.8145789504051208,-16.449369430541992
-8.432677268981934,-4.625148773193359,3.2230443954467773,22.682212829589844,0.8145789504051208,-16.449369430541992
-8.432677268981934,-4.625148773193359,3.2230443954467773,23.051528930664063,3.481804132461548,-16.86313247680664
-8.607454299926758,-4.849006652832031,3.9939773082733154,23.051528930664063,3.481804132461548,-16.86313247680664
-8.815750122070313,-5.435585975646973,3.6887166500091553,23.051528930664063,3.481804132461548,-16.86313247680664
-9.128192901611328,-6.438756465911865,2.8375778198242188,23.051528930664063,3.481804132461548,-16.86313247680664
-9.724349021911621,-7.220463275909424,2.0678420066833496,23.051528930664063,3.481804132461548,-16.86313247680664
-9.724349021911621,-7.220463275909424,2.0678420066833496,23.199668884277344,4.959615230560303,-17.230758666992188
-10.277410507202148,-7.6071271896362305,1.6356886625289917,23.199668884277344,4.959615230560303,-17.230758666992188
-10.55992603302002,-7.675361633300781,1.318457007408142,23.199668884277344,4.959615230560303,-17.230758666992188
-10.19959831237793,-7.457489490509033,1.0179846286773682,23.199668884277344,4.959615230560303,-17.230758666992188
-9.062353134155273,-7.1211042404174805,1.1341034173965454,23.199668884277344,4.959615230560303,-17.230758666992188
-9.062353134155273,-7.1211042404174805,1.1341034173965454,23.155118942260742,4.974732398986816,-17.65203857421875
-7.978976249694824,-6.730849266052246,1.8667291402816772,23.155118942260742,4.974732398986816,-17.65203857421875
-7.333739280700684,-6.369324684143066,2.349160671234131,23.155118942260742,4.974732398986816,-17.65203857421875
-6.720823287963867,-6.248417377471924,2.5502736568450928,23.155118942260742,4.974732398986816,-17.65203857421875
-6.180931091308594,-6.157437801361084,2.367117404937744,23.155118942260742,4.974732398986816,-17.65203857421875
-6.180931091308594,-6.157437801361084,2.367117404937744,22.730438232421875,3.4470083713531494,-18.13926124572754
-6.224026679992676,-5.7911248207092285,1.9038392305374146,22.730438232421875,3.4470083713531494,-18.13926124572754
-5.978621006011963,-5.6378960609436035,1.749413251876831,22.730438232421875,3.4470083713531494,-18.13926124572754
-5.486612319946289,-5.550507545471191,1.8439842462539673,22.730438232421875,3.4470083713531494,-18.13926124572754
-4.900032997131348,-5.509806156158447,1.9756653308868408,22.730438232421875,3.4470083713531494,-18.13926124572754
-4.900032997131348,-5.509806156158447,1.9756653308868408,21.746400833129883,0.5858503580093384,-18.561527252197266
-4.348169326782227,-5.79950475692749,2.0271406173706055,21.746400833129883,0.5858503580093384,-18.561527252197266
-3.7508163452148438,-7.905205249786377,3.5917515754699707,21.746400833129883,0.5858503580093384,-18.561527252197266
-3.3617584705352783,-10.554388999938965,4.766107559204102,21.746400833129883,0.5858503580093384,-18.561527252197266
-4.9024271965026855,-9.500940322875977,3.0003836154937744,21.746400833129883,0.5858503580093384,-18.561527252197266
-4.9024271965026855,-9.500940322875977,3.0003836154937744,20.211647033691406,-3.1127982139587402,-18.75370979309082
-6.306626319885254,-6.675782680511475,0.6624456644058228,20.211647033691406,-3.1127982139587402,-18.75370979309082
-6.635829448699951,-4.971110820770264,-0.012719196267426014,20.211647033691406,-3.1127982139587402,-18.75370979309082
-6.844124794006348,-4.785560131072998,0.8863035440444946,20.211647033691406,-3.1127982139587402,-18.75370979309082
-7.385214328765869,-5.236867427825928,1.6620248556137085,20.211647033691406,-3.1127982139587402,-18.75370979309082
-7.385214328765869,-5.236867427825928,1.6620248556137085,18.330047607421875,-6.957615852355957,-18.65774917602539
-7.785046100616455,-5.854571342468262,1.4776713848114014,18.330047607421875,-6.957615852355957,-18.65774917602539
-7.829339027404785,-6.350171089172363,0.7234978079795837,18.330047607421875,-6.957615852355957,-18.65774917602539
-7.3325419425964355,-6.108356952667236,0.39309799671173096,18.330047607421875,-6.957615852355957,-18.65774917602539
-6.5388641357421875,-5.830629348754883,1.2286744117736816,18.330047607421875,-6.957615852355957,-18.65774917602539
-6.5388641357421875,-5.830629348754883,1.2286744117736816,16.515064239501953,-10.201849937438965,-18.401933670043945
-5.975029468536377,-5.531353950500488,2.4018332958221436,16.515064239501953,-10.201849937438965,-18.401933670043945
-5.773916721343994,-5.156661510467529,3.5115456581115723,16.515064239501953,-10.201849937438965,-18.401933670043945
-6.38922643661499,-4.82865571975708,3.7749078273773193,16.515064239501953,-10.201849937438965,-18.401933670043945
-7.404367923736572,-4.789151668548584,3.097348928451538,16.515064239501953,-10.201849937438965,-18.401933670043945
-7.404367923736572,-4.789151668548584,3.097348928451538,15.206659317016602,-12.253089904785156,-18.19464111328125
-8.096292495727539,-5.270386219024658,2.131288528442383,15.206659317016602,-12.253089904785156,-18.19464111328125
-8.538022994995117,-5.691765785217285,1.4393640756607056,15.206659317016602,-12.253089904785156,-18.19464111328125
-8.918700218200684,-5.733664035797119,1.2813467979431152,15.206659317016602,-12.253089904785156,-18.19464111328125
-9.504082679748535,-5.611559867858887,1.6763900518417358,15.206659317016602,-12.253089904785156,-18.19464111328125
-9.504082679748535,-5.611559867858887,1.6763900518417358,14.679630279541016,-12.850130081176758,-18.134037017822266
-10.101436614990234,-5.294328212738037,2.0103812217712402,14.679630279541016,-12.850130081176758,-18.134037017822266
-10.19840145111084,-5.075258731842041,2.0534768104553223,14.679630279541016,-12.850130081176758,-18.134037017822266
-10.14094066619873,-5.024980545043945,2.0427029132843018,14.679630279541016,-12.850130081176758,-18.134037017822266
-10.464158058166504,-4.944774627685547,2.0929811000823975,14.679630279541016,-12.850130081176758,-18.134037017822266
-10.464158058166504,-4.944774627685547,2.0929811000823975,15.009511947631836,-12.073613166809082,-18.138994216918945
-10.93222427368164,-4.628740310668945,2.3324012756347656,15.009511947631836,-12.073613166809082,-18.138994216918945
-10.93461799621582,-4.142717361450195,2.477250576019287,15.009511947631836,-12.073613166809082,-18.138994216918945
-10.7203369140625,-3.726125955581665,2.6053404808044434,15.009511947631836,-12.073613166809082,-18.138994216918945
-10.486903190612793,-3.508253574371338,2.7094881534576416,15.009511947631836,-12.073613166809082,-18.138994216918945
-10.486903190612793,-3.508253574371338,2.7094881534576416,16.07098960876465,-10.200970649719238,-18.05881118774414
-10.904690742492676,-3.104830741882324,2.6244940757751465,16.07098960876465,-10.200970649719238,-18.05881118774414
-11.468525886535645,-2.603245496749878,2.502389669418335,16.07098960876465,-10.200970649719238,-18.05881118774414
-11.672032356262207,-2.3913586139678955,2.3982419967651367,16.07098960876465,-10.200970649719238,-18.05881118774414
-11.069890975952148,-3.329885721206665,2.946514129638672,16.07098960876465,-10.200970649719238,-18.05881118774414
-11.069890975952148,-3.329885721206665,2.946514129638672,17.576913833618164,-7.58994197845459,-17.83011817932129
-10.83047103881836,-5.713313579559326,4.442890167236328,17.576913833618164,-7.58994197845459,-17.83011817932129
-13.379097938537598,-5.782745361328125,4.028693199157715,17.576913833618164,-7.58994197845459,-17.83011817932129
-16.092926025390625,-3.6231753826141357,1.9900305271148682,17.576913833618164,-7.58994197845459,-17.83011817932129
-16.092926025390625,-3.6231753826141357,1.9900305271148682,19.120702743530273,-4.664769172668457,-17.43556022644043
-12.249034881591797,-4.441992282867432,2.277334690093994,19.120702743530273,-4.664769172668457,-17.43556022644043
-12.249034881591797,-4.441992282867432,2.277334690093994,20.31098747253418,-1.8717092275619507,-16.957412719726563
-10.083479881286621,-5.003432750701904,1.7194857597351074,20.31098747253418,-1.8717092275619507,-16.957412719726563
-10.083479881286621,-5.003432750701904,1.7194857597351074,20.8328800201416,0.29709312319755554,-16.682458877563477
-8.800188064575195,-5.568464279174805,2.659209966659546,20.8328800201416,0.29709312319755554,-16.682458877563477
-8.800188064575195,-5.568464279174805,2.659209966659546,20.569337844848633,1.4744887351989746,-16.7899169921875
-8.757091522216797,-6.576423168182373,2.233042001724243,20.569337844848633,1.4744887351989746,-16.7899169921875
-8.757091522216797,-6.576423168182373,2.233042001724243,19.67767906188965,1.6071586608886719,-17.27318572998047
-7.870040416717529,-6.484246253967285,2.589777946472168,19.67767906188965,1.6071586608886719,-17.27318572998047
-7.870040416717529,-6.484246253967285,2.589777946472168,18.47285270690918,0.7032471299171448,-18.07945442199707
-6.484994411468506,-6.022165298461914,1.9373581409454346,18.47285270690918,0.7032471299171448,-18.07945442199707
-6.484994411468506,-6.022165298461914,1.9373581409454346,17.29922866821289,-1.2425978183746338,-18.913368225097656
-5.839757442474365,-5.408052921295166,1.585410475730896,17.29922866821289,-1.2425978183746338,-18.913368225097656
-5.0376996994018555,-8.233210563659668,2.741809844970703,17.29922866821289,-1.2425978183746338,-18.913368225097656
-5.0376996994018555,-8.233210563659668,2.741809844970703,16.315101623535156,-4.08440637588501,-19.389209747314453
-7.273883819580078,-4.8873138427734375,2.1145288944244385,16.315101623535156,-4.08440637588501,-19.389209747314453
-7.273883819580078,-4.8873138427734375,2.1145288944244385,15.54206657409668,-7.41839075088501,-19.41838836669922
-6.8022260665893555,-6.3238348960876465,1.7374422550201416,15.54206657409668,-7.41839075088501,-19.41838836669922
-6.8022260665893555,-6.3238348960876465,1.7374422550201416,15.146592140197754,-10.550130844116211,-19.11299705505371
-6.502951145172119,-4.100818634033203,3.0183401107788086,15.146592140197754,-10.550130844116211,-19.11299705505371
-6.502951145172119,-4.100818634033203,3.0183401107788086,15.257162094116211,-12.759126663208008,-18.708274841308594
-7.410353660583496,-4.438401222229004,2.410212993621826,15.257162094116211,-12.759126663208008,-18.708274841308594
-7.410353660583496,-4.438401222229004,2.410212993621826,15.801970481872559,-13.60351276397705,-18.476442337036133
-8.824130058288574,-5.010615348815918,3.029114007949829,15.801970481872559,-13.60351276397705,-18.476442337036133
-8.824130058288574,-5.010615348815918,3.029114007949829,16.767982482910156,-12.960943222045898,-18.422565460205078
-9.581894874572754,-5.179406642913818,2.1552305221557617,16.767982482910156,-12.960943222045898,-18.422565460205078
-9.581894874572754,-5.179406642913818,2.1552305221557617,18.139820098876953,-11.026106834411621,-18.357118606567383
-10.643722534179688,-4.450372219085693,2.369511604309082,18.139820098876953,-11.026106834411621,-18.357118606567383
-11.13692855834961,-4.100818634033203,3.934122323989868,18.139820098876953,-11.026106834411621,-18.357118606567383
-11.13692855834961,-4.100818634033203,3.934122323989868,19.706090927124023,-8.180789947509766,-18.224876403808594
-13.823223114013672,-5.815066814422607,3.235015392303467,19.706090927124023,-8.180789947509766,-18.224876403808594
-13.823223114013672,-5.815066814422607,3.235015392303467,21.178878784179688,-4.8040690422058105,-18.0869083404541
-8.626607894897461,-5.303905010223389,3.2685341835021973,21.178878784179688,-4.8040690422058105,-18.0869083404541
-8.626607894897461,-5.303905010223389,3.2685341835021973,22.356704711914063,-1.4461123943328857,-17.9735164642334
-8.093897819519043,-4.108001232147217,0.5020341873168945,22.356704711914063,-1.4461123943328857,-17.9735164642334
-8.093897819519043,-4.108001232147217,0.5020341873168945,23.234725952148438,1.1391682624816895,-17.844825744628906
-8.849268913269043,-4.562899589538574,1.9888334274291992,23.234725952148438,1.1391682624816895,-17.844825744628906
-8.849268913269043,-4.562899589538574,1.9888334274291992,23.86173439025879,2.480739116668701,-17.66832160949707
-8.01728343963623,-5.610363006591797,2.344372272491455,23.86173439025879,2.480739116668701,-17.66832160949707
-8.01728343963623,-5.610363006591797,2.344372272491455,24.121021270751953,2.599842071533203,-17.619388580322266
-8.335712432861328,-6.260388374328613,1.4106336832046509,24.121021270751953,2.599842071533203,-17.619388580322266
-8.335712432861328,-6.260388374328613,1.4106336832046509,23.92241668701172,1.690887451171875,-17.839017868041992
-7.275081157684326,-5.742043972015381,2.235436201095581,23.92241668701172,1.690887451171875,-17.839017868041992
-6.531681537628174,-5.7276787757873535,2.3575403690338135,23.92241668701172,1.690887451171875,-17.839017868041992
-6.531681537628174,-5.7276787757873535,2.3575403690338135,23.371240615844727,-0.03223986178636551,-18.192920684814453
-6.6035075187683105,-6.957101345062256,3.2900819778442383,23.371240615844727,-0.03223986178636551,-18.192920684814453
-6.6035075187683105,-6.957101345062256,3.2900819778442383,22.661815643310547,-2.297969341278076,-18.50790023803711
-7.196072578430176,-7.8920369148254395,1.6847697496414185,22.661815643310547,-2.297969341278076,-18.50790023803711
-7.196072578430176,-7.8920369148254395,1.6847697496414185,21.95126724243164,-4.811452865600586,-18.700702667236328
-7.182904243469238,-5.502623558044434,1.9996073246002197,21.95126724243164,-4.811452865600586,-18.700702667236328
-7.182904243469238,-5.502623558044434,1.9996073246002197,21.413833618164063,-7.176631927490234,-18.722753524780273
-5.91517448425293,-5.0620903968811035,2.3312041759490967,21.413833618164063,-7.176631927490234,-18.722753524780273
-5.91517448425293,-5.0620903968811035,2.3312041759490967,21.213930130004883,-8.936789512634277,-18.642393112182617
-6.214449882507324,-3.706972360610962,2.860322952270508,21.213930130004883,-8.936789512634277,-18.642393112182617
-6.214449882507324,-3.706972360610962,2.860322952270508,21.346763610839844,-9.746135711669922,-18.660993576049805
-7.656956195831299,-4.2899603843688965,1.6991350650787354,21.346763610839844,-9.746135711669922,-18.660993576049805
-7.656956195831299,-4.2899603843688965,1.6991350650787354,21.74418067932129,-9.495779991149902,-18.838647842407227
-8.856451034545898,-4.3797430992126465,2.8160300254821777,21.74418067932129,-9.495779991149902,-18.838647842407227
-9.295787811279297,-4.240879535675049,2.3850739002227783,21.74418067932129,-9.495779991149902,-18.838647842407227
-9.295787811279297,-4.240879535675049,2.3850739002227783,22.387237548828125,-8.335249900817871,-19.040599822998047
-9.634567260742188,-3.7799956798553467,2.3970448970794678,22.387237548828125,-8.335249900817871,-19.040599822998047
-9.634567260742188,-3.7799956798553467,2.3970448970794678,23.25124740600586,-6.516134738922119,-19.139944076538086
-10.688015937805176,-5.41523551940918,3.959261417388916,23.25124740600586,-6.516134738922119,-19.139944076538086
-10.688015937805176,-5.41523551940918,3.959261417388916,24.214704513549805,-4.321957588195801,-19.112886428833008
-12.255021095275879,-4.846612453460693,1.9840450286865234,24.214704513549805,-4.321957588195801,-19.112886428833008
-12.255021095275879,-4.846612453460693,1.9840450286865234,25.10915756225586,-2.0695960521698,-19.047311782836914
-9.952995300292969,-4.804713726043701,1.9026421308517456,25.10915756225586,-2.0695960521698,-19.047311782836914
-9.952995300292969,-4.804713726043701,1.9026421308517456,25.851322174072266,-0.19408392906188965,-18.984567642211914
-8.655338287353516,-4.331859111785889,1.6249147653579712,25.851322174072266,-0.19408392906188965,-18.984567642211914
-8.655338287353516,-4.331859111785889,1.6249147653579712,26.42332649230957,0.8085067272186279,-18.877864837646484
-8.65054988861084,-4.485087871551514,2.0678420066833496,26.42332649230957,0.8085067272186279,-18.877864837646484
-8.65054988861084,-4.485087871551514,2.0678420066833496,26.8090763092041,0.6596159338951111,-18.7795352935791
-8.092700958251953,-5.185391902923584,1.7338509559631348,26.8090763092041,0.6596159338951111,-18.7795352935791
-7.546823024749756,-5.113565921783447,1.7206828594207764,26.8090763092041,0.6596159338951111,-18.7795352935791
-7.546823024749756,-5.113565921783447,1.7206828594207764,26.963525772094727,-0.6860607862472534,-18.712921142578125
-7.2882490158081055,-4.771194934844971,1.4932336807250977,26.963525772094727,-0.6860607862472534,-18.712921142578125
-7.2882490158081055,-4.771194934844971,1.4932336807250977,26.795482635498047,-3.087475061416626,-18.526180267333984
-6.899191379547119,-4.4012908935546875,1.444152593612671,26.795482635498047,-3.087475061416626,-18.526180267333984
-6.899191379547119,-4.4012908935546875,1.444152593612671,26.292240142822266,-6.185791969299316,-18.096342086791992
-6.70526123046875,-6.314258098602295,3.4157776832580566,26.292240142822266,-6.185791969299316,-18.096342086791992
-6.70526123046875,-6.314258098602295,3.4157776832580566,25.60481834411621,-9.481974601745605,-17.379812240600586
-7.273883819580078,-4.663455963134766,2.586186647415161,25.60481834411621,-9.481974601745605,-17.379812240600586
-7.273883819580078,-4.663455963134766,2.586186647415161,24.924270629882813,-12.467580795288086,-16.478504180908203
-7.3564839363098145,-5.485864162445068,2.67716646194458,24.924270629882813,-12.467580795288086,-16.478504180908203
-7.3564839363098145,-5.485864162445068,2.67716646194458,24.455961227416992,-14.746816635131836,-15.64262580871582
-7.368454933166504,-4.497058868408203,1.7242741584777832,24.455961227416992,-14.746816635131836,-15.64262580871582
-7.368454933166504,-4.497058868408203,1.7242741584777832,24.371417999267578,-16.006561279296875,-14.995219230651855
-7.580341815948486,-4.3761515617370605,2.0498855113983154,24.371417999267578,-16.006561279296875,-14.995219230651855
-8.431480407714844,-4.166659355163574,2.349160671234131,24.371417999267578,-16.006561279296875,-14.995219230651855
-8.431480407714844,-4.166659355163574,2.349160671234131,24.70134162902832,-16.084644317626953,-14.565986633300781
-9.633369445800781,-3.8099231719970703,2.1336827278137207,24.70134162902832,-16.084644317626953,-14.565986633300781
-9.633369445800781,-3.8099231719970703,2.1336827278137207,25.436077117919922,-15.096292495727539,-14.391904830932617
-10.563517570495605,-3.5130419731140137,2.175581216812134,25.436077117919922,-15.096292495727539,-14.391904830932617
-10.563517570495605,-3.5130419731140137,2.175581216812134,26.474380493164063,-13.26641845703125,-14.481364250183105
-10.709563255310059,-3.2736217975616455,1.8344074487686157,26.474380493164063,-13.26641845703125,-14.481364250183105
-10.709563255310059,-3.2736217975616455,1.8344074487686157,27.567596435546875,-10.84427261352539,-14.827439308166504
-9.604639053344727,-3.4974796772003174,2.240224599838257,27.567596435546875,-10.84427261352539,-14.827439308166504
-9.604639053344727,-3.4974796772003174,2.240224599838257,28.4953670501709,-8.214609146118164,-15.351280212402344
-11.01123332977295,-4.953154563903809,1.9840450286865234,28.4953670501709,-8.214609146118164,-15.351280212402344
-11.01123332977295,-4.953154563903809,1.9840450286865234,29.16046142578125,-5.849695205688477,-15.91405963897705
-9.517251014709473,-5.056105136871338,2.8208184242248535,29.16046142578125,-5.849695205688477,-15.91405963897705
-9.517251014709473,-5.056105136871338,2.8208184242248535,29.584938049316406,-4.137115955352783,-16.35927963256836
-9.273042678833008,-5.259612083435059,1.0275614261627197,29.584938049316406,-4.137115955352783,-16.35927963256836
-8.900744438171387,-4.948366165161133,1.429787278175354,29.584938049316406,-4.137115955352783,-16.35927963256836
-8.900744438171387,-4.948366165161133,1.429787278175354,29.810466766357422,-3.3637828826904297,-16.561248779296875
-8.728361129760742,-5.063287734985352,1.3759177923202515,29.810466766357422,-3.3637828826904297,-16.561248779296875
-8.728361129760742,-5.063287734985352,1.3759177923202515,29.82210350036621,-3.7117278575897217,-16.524581909179688
-8.216002464294434,-4.972308158874512,1.7326538562774658,29.82210350036621,-3.7117278575897217,-16.524581909179688
-8.216002464294434,-4.972308158874512,1.7326538562774658,29.589067459106445,-5.169637203216553,-16.282228469848633
-7.67850399017334,-4.804713726043701,1.7242741584777832,29.589067459106445,-5.169637203216553,-16.282228469848633
-7.67850399017334,-4.804713726043701,1.7242741584777832,29.153348922729492,-7.537123203277588,-15.78342056274414
-7.053617477416992,-4.586841583251953,2.835183620452881,29.153348922729492,-7.537123203277588,-15.78342056274414
-7.053617477416992,-4.586841583251953,2.835183620452881,28.542123794555664,-10.447696685791016,-15.013442993164063
-6.2527570724487305,-4.270806789398193,2.1324856281280518,28.542123794555664,-10.447696685791016,-15.013442993164063
-6.2527570724487305,-4.270806789398193,2.1324856281280518,27.704153060913086,-13.486849784851074,-14.101423263549805
-7.294234752655029,-5.424812316894531,2.3108534812927246,27.704153060913086,-13.486849784851074,-14.101423263549805
-7.294234752655029,-5.424812316894531,2.3108534812927246,26.73406982421875,-16.274456024169922,-13.277364730834961
-7.006930351257324,-3.5405755043029785,3.188328504562378,26.73406982421875,-16.274456024169922,-13.277364730834961
-7.706037521362305,-5.349394798278809,3.0674211978912354,26.73406982421875,-16.274456024169922,-13.277364730834961
-7.706037521362305,-5.349394798278809,3.0674211978912354,25.917673110961914,-18.390092849731445,-12.732677459716797
-6.814197540283203,-4.566490650177002,3.008763313293457,25.917673110961914,-18.390092849731445,-12.732677459716797
-6.814197540283203,-4.566490650177002,3.008763313293457,25.493000030517578,-19.55979347229004,-12.511720657348633
-7.484573841094971,-4.450372219085693,2.2282536029815674,25.493000030517578,-19.55979347229004,-12.511720657348633
-7.484573841094971,-4.450372219085693,2.2282536029815674,25.53742218017578,-19.806983947753906,-12.497363090515137
-9.138967514038086,-3.8542158603668213,2.3144447803497314,25.53742218017578,-19.806983947753906,-12.497363090515137
-9.138967514038086,-3.8542158603668213,2.3144447803497314,26.061023712158203,-19.242990493774414,-12.502041816711426
-9.056366920471191,-4.3330559730529785,1.9217957258224487,26.061023712158203,-19.242990493774414,-12.502041816711426
-9.056366920471191,-4.3330559730529785,1.9217957258224487,27.01498794555664,-17.99908447265625,-12.432404518127441
-8.940248489379883,-3.947589635848999,2.03312611579895,27.01498794555664,-17.99908447265625,-12.432404518127441
-8.940248489379883,-3.947589635848999,2.03312611579895,28.274320602416992,-16.264310836791992,-12.258584976196289
-7.81257963180542,-5.8378119468688965,2.9070098400115967,28.274320602416992,-16.264310836791992,-12.258584976196289
-7.81257963180542,-5.8378119468688965,2.9070098400115967,29.685884475708008,-14.234376907348633,-11.88796329498291
-8.542811393737793,-5.688174247741699,1.851166844367981,29.685884475708008,-14.234376907348633,-11.88796329498291
-8.41112995147705,-5.998223304748535,1.8870798349380493,29.685884475708008,-14.234376907348633,-11.88796329498291
-8.41112995147705,-5.998223304748535,1.8870798349380493,31.09691047668457,-12.143653869628906,-11.26578140258789
-8.41112995147705,-5.998223304748535,1.8870798349380493,32.36856460571289,-10.231584548950195,-10.45692253112793
-7.3325419425964355,-5.503820896148682,1.6584335565567017,32.36856460571289,-10.231584548950195,-10.45692253112793
-6.9602437019348145,-5.806687355041504,1.895459532737732,32.36856460571289,-10.231584548950195,-10.45692253112793
-6.9602437019348145,-5.806687355041504,1.895459532737732,33.38790512084961,-8.61839485168457,-9.54582405090332
-7.063194274902344,-5.886893272399902,2.128894329071045,33.38790512084961,-8.61839485168457,-9.54582405090332
-7.506121635437012,-5.734861373901367,2.3347954750061035,33.38790512084961,-8.61839485168457,-9.54582405090332
-7.616254806518555,-5.590012073516846,2.279728889465332,33.38790512084961,-8.61839485168457,-9.54582405090332
-7.471405506134033,-5.645078659057617,1.9900305271148682,33.38790512084961,-8.61839485168457,-9.54582405090332
-7.471405506134033,-5.645078659057617,1.9900305271148682,34.13444137573242,-7.368319988250732,-8.642541885375977
-7.121852397918701,-6.111948013305664,1.8751088380813599,34.13444137573242,-7.368319988250732,-8.642541885375977
-6.923133373260498,-6.29749870300293,1.8870798349380493,34.13444137573242,-7.368319988250732,-8.642541885375977
-7.0452375411987305,-6.122722148895264,1.8128596544265747,34.13444137573242,-7.368319988250732,-8.642541885375977
-7.120655059814453,-5.894075870513916,1.8104654550552368,34.13444137573242,-7.368319988250732,-8.642541885375977
-7.120655059814453,-5.894075870513916,1.8104654550552368,34.677127838134766,-6.506140232086182,-7.880565643310547
-7.4642229080200195,-5.751620769500732,1.970876932144165,34.677127838134766,-6.506140232086182,-7.880565643310547
-7.545626163482666,-5.67500638961792,2.082207202911377,34.677127838134766,-6.506140232086182,-7.880565643310547
-7.0931220054626465,-5.746832370758057,2.2091000080108643,34.677127838134766,-6.506140232086182,-7.880565643310547
-6.953061103820801,-5.776759624481201,2.2258594036102295,34.677127838134766,-6.506140232086182,-7.880565643310547
-6.953061103820801,-5.776759624481201,2.2258594036102295,35.04802703857422,-5.958653450012207,-7.328670024871826
-7.0500264167785645,-5.847388744354248,2.233042001724243,35.04802703857422,-5.958653450012207,-7.328670024871826
-7.029675483703613,-5.90125846862793,2.2067058086395264,35.04802703857422,-5.958653450012207,-7.328670024871826
-7.090727806091309,-5.9024553298950195,2.3335983753204346,35.04802703857422,-5.958653450012207,-7.328670024871826
-7.0500264167785645,-5.932383060455322,2.3802855014801025,35.04802703857422,-5.958653450012207,-7.328670024871826
-7.0500264167785645,-5.932383060455322,2.3802855014801025,35.23870849609375,-5.64509916305542,-7.019351482391357
-7.0033392906188965,-5.976675510406494,2.432957887649536,35.23870849609375,-5.64509916305542,-7.019351482391357
-7.23677396774292,-5.977872848510742,2.2043116092681885,35.23870849609375,-5.64509916305542,-7.019351482391357
-7.539640426635742,-5.849782943725586,1.9828479290008545,35.23870849609375,-5.64509916305542,-7.019351482391357
-7.568370819091797,-5.918017864227295,1.9972131252288818,35.23870849609375,-5.64509916305542,-7.019351482391357
-7.568370819091797,-5.918017864227295,1.9972131252288818,35.31382369995117,-5.4888434410095215,-6.895366191864014
-7.441478252410889,-5.836614608764648,2.1624131202697754,35.31382369995117,-5.4888434410095215,-6.895366191864014
-7.2678985595703125,-5.679794788360596,2.369511604309082,35.31382369995117,-5.4888434410095215,-6.895366191864014
-7.175721645355225,-5.634305000305176,2.5778069496154785,35.31382369995117,-5.4888434410095215,-6.895366191864014
-6.905177116394043,-5.746832370758057,2.5790040493011475,35.31382369995117,-5.4888434410095215,-6.895366191864014
-6.905177116394043,-5.746832370758057,2.5790040493011475,35.33536911010742,-5.4303975105285645,-6.851447105407715
-6.711246490478516,-5.821052551269531,2.4090158939361572,35.33536911010742,-5.4303975105285645,-6.851447105407715
-6.731597423553467,-5.7492265701293945,2.283320188522339,35.33536911010742,-5.4303975105285645,-6.851447105407715
-7.036858081817627,-5.639093399047852,2.2533926963806152,35.33536911010742,-5.4303975105285645,-6.851447105407715
-7.0464348793029785,-5.732467174530029,2.297685384750366,35.33536911010742,-5.4303975105285645,-6.851447105407715
-7.0464348793029785,-5.732467174530029,2.297685384750366,35.28582763671875,-5.463225841522217,-6.846214771270752
-6.933907508850098,-5.7480292320251465,2.277334690093994,35.28582763671875,-5.463225841522217,-6.846214771270752
-6.906373977661133,-5.743240833282471,2.2713491916656494,35.28582763671875,-5.463225841522217,-6.846214771270752
-7.05601167678833,-5.714510440826416,2.2928969860076904,35.28582763671875,-5.463225841522217,-6.846214771270752
-7.31578254699707,-5.651064395904541,2.256983995437622,35.28582763671875,-5.463225841522217,-6.846214771270752
-7.530063629150391,-5.525368690490723,2.125303030014038,35.28582763671875,-5.463225841522217,-6.846214771270752
-7.530063629150391,-5.525368690490723,2.125303030014038,35.18739700317383,-5.5991291999816895,-6.843997478485107
-7.836521625518799,-5.488258361816406,2.077418804168701,35.18739700317383,-5.5991291999816895,-6.843997478485107
-7.952640056610107,-5.530157089233398,1.9984102249145508,35.18739700317383,-5.5991291999816895,-6.843997478485107
-7.811382293701172,-5.546916484832764,1.9768624305725098,35.18739700317383,-5.5991291999816895,-6.843997478485107
-7.607875347137451,-5.525368690490723,2.106149196624756,35.18739700317383,-5.5991291999816895,-6.843997478485107
-7.607875347137451,-5.525368690490723,2.106149196624756,35.10984802246094,-5.815093517303467,-6.810669422149658
-7.486968040466309,-5.475090503692627,2.256983995437622,35.10984802246094,-5.815093517303467,-6.810669422149658
-7.337330341339111,-5.561281681060791,2.2521955966949463,35.10984802246094,-5.815093517303467,-6.810669422149658
-7.210437774658203,-5.572055339813232,2.2474071979522705,35.10984802246094,-5.815093517303467,-6.810669422149658
-7.448660850524902,-5.572055339813232,2.3084592819213867,35.10984802246094,-5.815093517303467,-6.810669422149658
-7.448660850524902,-5.572055339813232,2.3084592819213867,35.04937744140625,-6.034788608551025,-6.7443366050720215
-7.565976619720459,-5.464316368103027,1.991227626800537,35.04937744140625,-6.034788608551025,-6.7443366050720215
-7.54083776473999,-5.485864162445068,1.7913117408752441,35.04937744140625,-6.034788608551025,-6.7443366050720215
-7.387608528137207,-5.572055339813232,1.7649755477905273,35.04937744140625,-6.034788608551025,-6.7443366050720215
-7.284657955169678,-5.643881797790527,1.6464625597000122,35.04937744140625,-6.034788608551025,-6.7443366050720215
-7.284657955169678,-5.643881797790527,1.6464625597000122,34.976036071777344,-6.237518787384033,-6.708363056182861
-7.31578254699707,-5.546916484832764,1.4884452819824219,34.976036071777344,-6.237518787384033,-6.708363056182861
-7.352892875671387,-5.489455699920654,1.6835726499557495,34.976036071777344,-6.237518787384033,-6.708363056182861
-7.318176746368408,-5.502623558044434,2.011578321456909,34.976036071777344,-6.237518787384033,-6.708363056182861
-7.307403087615967,-5.538536548614502,2.2198739051818848,34.976036071777344,-6.237518787384033,-6.708363056182861
-7.307403087615967,-5.538536548614502,2.2198739051818848,34.9028205871582,-6.457996845245361,-6.710505962371826
-7.212831974029541,-5.550507545471191,2.1229088306427,34.9028205871582,-6.457996845245361,-6.710505962371826
-7.253533363342285,-5.5062150955200195,2.1169233322143555,34.9028205871582,-6.457996845245361,-6.710505962371826
-7.281066417694092,-5.476287364959717,2.3395838737487793,34.9028205871582,-6.457996845245361,-6.710505962371826
-7.358878135681152,-5.380519390106201,2.412607192993164,34.9028205871582,-6.457996845245361,-6.710505962371826
-7.358878135681152,-5.380519390106201,2.412607192993164,34.835914611816406,-6.676296234130859,-6.680942535400391
-7.3995795249938965,-5.372139930725098,2.2294507026672363,34.835914611816406,-6.676296234130859,-6.680942535400391
-7.241562366485596,-5.475090503692627,2.061856508255005,34.835914611816406,-6.676296234130859,-6.680942535400391
-7.277475357055664,-5.503820896148682,1.9828479290008545,34.835914611816406,-6.676296234130859,-6.680942535400391
-7.466617107391357,-5.5062150955200195,1.9265841245651245,34.835914611816406,-6.676296234130859,-6.680942535400391
-7.466617107391357,-5.5062150955200195,1.9265841245651245,34.793514251708984,-6.8668365478515625,-6.617344856262207
-7.544428825378418,-5.544522285461426,1.8583494424819946,34.793514251708984,-6.8668365478515625,-6.617344856262207
-7.606678009033203,-5.628319263458252,1.8379987478256226,34.793514251708984,-6.8668365478515625,-6.617344856262207
-7.810185432434082,-5.554099082946777,1.82961905002594,34.793514251708984,-6.8668365478515625,-6.617344856262207
-7.670124530792236,-5.543324947357178,1.851166844367981,34.793514251708984,-6.8668365478515625,-6.617344856262207
-7.670124530792236,-5.543324947357178,1.851166844367981,34.78770446777344,-7.047638416290283,-6.525338649749756
-7.398382663726807,-5.564872741699219,1.9301754236221313,34.78770446777344,-7.047638416290283,-6.525338649749756
-7.346907138824463,-5.5277628898620605,2.0067899227142334,34.78770446777344,-7.047638416290283,-6.525338649749756
-7.471405506134033,-5.4834699630737305,2.098966598510742,34.78770446777344,-7.047638416290283,-6.525338649749756
-7.5575971603393555,-5.37094259262085,2.144456624984741,34.78770446777344,-7.047638416290283,-6.525338649749756
-7.5575971603393555,-5.37094259262085,2.144456624984741,34.8005256652832,-7.171502113342285,-6.40498685836792
-7.413944721221924,-5.49424409866333,2.2450129985809326,34.8005256652832,-7.171502113342285,-6.40498685836792
-7.384017467498779,-5.623530864715576,2.2055087089538574,34.8005256652832,-7.171502113342285,-6.40498685836792
-7.4223246574401855,-5.636699199676514,2.0450971126556396,34.8005256652832,-7.171502113342285,-6.40498685836792
-7.4893622398376465,-5.542128086090088,1.9409494400024414,34.8005256652832,-7.171502113342285,-6.40498685836792
-7.4893622398376465,-5.542128086090088,1.9409494400024414,34.819705963134766,-7.161174774169922,-6.294922351837158
-7.580341815948486,-5.428403377532959,1.996016025543213,34.819705963134766,-7.161174774169922,-6.294922351837158
-7.6210432052612305,-5.478681564331055,2.036717414855957,34.819705963134766,-7.161174774169922,-6.294922351837158
-7.502530097961426,-5.610363006591797,1.8834885358810425,34.819705963134766,-7.161174774169922,-6.294922351837158
-7.351695537567139,-5.677400588989258,1.8092683553695679,34.819705963134766,-7.161174774169922,-6.294922351837158
-7.351695537567139,-5.677400588989258,1.8092683553695679,34.829872131347656,-7.047564506530762,-6.236303329467773
-7.428309917449951,-5.603179931640625,1.872714638710022,34.829872131347656,-7.047564506530762,-6.236303329467773
-7.515698432922363,-5.533748149871826,1.9397523403167725,34.829872131347656,-7.047564506530762,-6.236303329467773
-7.37204647064209,-5.451148509979248,1.973271131515503,34.829872131347656,-7.047564506530762,-6.236303329467773
-7.279869556427002,-5.453542709350586,1.9325697422027588,34.829872131347656,-7.047564506530762,-6.236303329467773
-7.279869556427002,-5.453542709350586,1.9325697422027588,34.80898666381836,-6.915363311767578,-6.263344764709473
-7.348104476928711,-5.4846673011779785,1.848772644996643,34.80898666381836,-6.915363311767578,-6.263344764709473
-7.448660850524902,-5.4164323806762695,1.7553987503051758,34.80898666381836,-6.915363311767578,-6.263344764709473
-7.416338920593262,-5.423614978790283,1.7637784481048584,34.80898666381836,-6.915363311767578,-6.263344764709473
-7.4462666511535645,-5.434389114379883,1.9205986261367798,34.80898666381836,-6.915363311767578,-6.263344764709473
-7.4462666511535645,-5.434389114379883,1.9205986261367798,34.777400970458984,-6.8416948318481445,-6.358935356140137
-7.607875347137451,-5.356577396392822,2.085798501968384,34.777400970458984,-6.8416948318481445,-6.358935356140137
-7.694066524505615,-5.400870323181152,2.237830400466919,34.777400970458984,-6.8416948318481445,-6.358935356140137
-7.653365135192871,-5.5062150955200195,2.3587374687194824,34.777400970458984,-6.8416948318481445,-6.358935356140137
-7.601889610290527,-5.501426696777344,1.8104654550552368,34.777400970458984,-6.8416948318481445,-6.358935356140137
-7.601889610290527,-5.501426696777344,1.8104654550552368,34.75520324707031,-6.868298530578613,-6.476589679718018
-7.709628582000732,-5.440374374389648,1.3364135026931763,34.75520324707031,-6.868298530578613,-6.476589679718018
-7.642292022705078,-5.411344528198242,1.2933177947998047,34.75520324707031,-6.868298530578613,-6.476589679718018
-7.4986395835876465,-5.46880578994751,1.5411176681518555,34.75520324707031,-6.868298530578613,-6.476589679718018
-7.429207801818848,-5.4939446449279785,1.9469349384307861,34.75520324707031,-6.868298530578613,-6.476589679718018
-7.429207801818848,-5.4939446449279785,1.9469349384307861,34.708892822265625,-6.962268829345703,-6.5732421875
-7.396886348724365,-5.479579448699951,2.392256498336792,34.708892822265625,-6.962268829345703,-6.5732421875
-7.41484260559082,-5.345504283905029,2.545485258102417,34.708892822265625,-6.962268829345703,-6.5732421875
-7.514202117919922,-5.3191680908203125,2.453308582305908,34.708892822265625,-6.962268829345703,-6.5732421875
-7.534552574157715,-5.376628875732422,2.2521955966949463,34.708892822265625,-6.962268829345703,-6.5732421875
-7.534552574157715,-5.376628875732422,2.2521955966949463,34.660240173339844,-7.053314685821533,-6.582996368408203
-7.473500728607178,-5.4520463943481445,2.1576247215270996,34.660240173339844,-7.053314685821533,-6.582996368408203
-7.402871608734131,-5.505915641784668,2.1576247215270996,34.660240173339844,-7.053314685821533,-6.582996368408203
-7.384915351867676,-5.50232458114624,2.0726304054260254,34.660240173339844,-7.053314685821533,-6.582996368408203
-7.422025203704834,-5.478382587432861,1.9672856330871582,34.660240173339844,-7.053314685821533,-6.582996368408203
-7.422025203704834,-5.478382587432861,1.9672856330871582,34.6365852355957,-7.075453758239746,-6.499831676483154
-7.457938194274902,-5.487959384918213,1.9038392305374146,34.6365852355957,-7.075453758239746,-6.499831676483154
-7.4567413330078125,-5.492747783660889,1.8332103490829468,34.6365852355957,-7.075453758239746,-6.499831676483154
-7.501033782958984,-5.465214252471924,1.7769465446472168,34.6365852355957,-7.075453758239746,-6.499831676483154
-7.540538311004639,-5.45683479309082,1.7841291427612305,34.6365852355957,-7.075453758239746,-6.499831676483154
-7.540538311004639,-5.45683479309082,1.7841291427612305,34.604820251464844,-7.043805122375488,-6.396999835968018
-7.524975776672363,-5.499930381774902,1.8164509534835815,34.604820251464844,-7.043805122375488,-6.396999835968018
-7.645883083343506,-5.4508490562438965,1.729062557220459,34.604820251464844,-7.043805122375488,-6.396999835968018
-7.7643961906433105,-5.490353584289551,1.772158145904541,34.604820251464844,-7.043805122375488,-6.396999835968018
-7.642292022705078,-5.526266574859619,1.772158145904541,34.604820251464844,-7.043805122375488,-6.396999835968018
-7.642292022705078,-5.526266574859619,1.772158145904541,34.60020446777344,-7.009228229522705,-6.313380241394043
-7.501033782958984,-5.55978536605835,1.872714638710022,34.60020446777344,-7.009228229522705,-6.313380241394043
-7.51659631729126,-5.4735941886901855,1.9660885334014893,34.60020446777344,-7.009228229522705,-6.313380241394043
-7.60637903213501,-5.4520463943481445,2.061856508255005,34.60020446777344,-7.009228229522705,-6.313380241394043
-7.576451301574707,-5.464017391204834,2.0534768104553223,34.60020446777344,-7.009228229522705,-6.313380241394043
-7.576451301574707,-5.464017391204834,2.0534768104553223,34.667205810546875,-6.955353736877441,-6.222497463226318
-7.4782891273498535,-5.592106819152832,1.9636943340301514,34.667205810546875,-6.955353736877441,-6.222497463226318
-7.474697589874268,-5.587318420410156,1.9313726425170898,34.667205810546875,-6.955353736877441,-6.222497463226318
-7.509413719177246,-5.501127243041992,1.9984102249145508,34.667205810546875,-6.955353736877441,-6.222497463226318
-7.4100542068481445,-5.425710201263428,2.0977694988250732,34.667205810546875,-6.955353736877441,-6.222497463226318
-7.378929615020752,-5.398176670074463,2.1588218212127686,34.667205810546875,-6.955353736877441,-6.222497463226318
-7.378929615020752,-5.398176670074463,2.1588218212127686,34.73865509033203,-6.919425010681152,-6.129641532897949
-7.3454108238220215,-5.419724464416504,2.130091428756714,34.73865509033203,-6.919425010681152,-6.129641532897949
-7.404068946838379,-5.466411590576172,2.05587100982666,34.73865509033203,-6.919425010681152,-6.129641532897949
-7.473500728607178,-5.475988388061523,2.0953752994537354,34.73865509033203,-6.919425010681152,-6.129641532897949
-7.473500728607178,-5.485565185546875,2.1791725158691406,34.73865509033203,-6.919425010681152,-6.129641532897949
-7.473500728607178,-5.485565185546875,2.1791725158691406,34.76509094238281,-6.948666095733643,-6.07072114944458
-7.492654323577881,-5.455637454986572,2.150442123413086,34.76509094238281,-6.948666095733643,-6.07072114944458
-7.509413719177246,-5.418527126312256,2.0486884117126465,34.76509094238281,-6.948666095733643,-6.07072114944458
-7.553706169128418,-5.455637454986572,2.0235493183135986,34.76509094238281,-6.948666095733643,-6.07072114944458
-7.473500728607178,-5.532251834869385,2.0486884117126465,34.76509094238281,-6.948666095733643,-6.07072114944458
-7.473500728607178,-5.532251834869385,2.0486884117126465,34.76478958129883,-6.986746788024902,-6.064414978027344
-7.419631004333496,-5.569362163543701,2.0103812217712402,34.76478958129883,-6.986746788024902,-6.064414978027344
-7.454347133636475,-5.511901378631592,1.9277812242507935,34.76478958129883,-6.986746788024902,-6.064414978027344
-7.407660007476807,-5.486762046813965,2.0008044242858887,34.76478958129883,-6.986746788024902,-6.064414978027344
-7.449558734893799,-5.442319869995117,2.1733365058898926,34.76478958129883,-6.986746788024902,-6.064414978027344
-7.449558734893799,-5.442319869995117,2.1733365058898926,34.74353790283203,-6.996767997741699,-6.100980758666992
-7.454347133636475,-5.487809658050537,2.2463598251342773,34.74353790283203,-6.996767997741699,-6.100980758666992
-7.487865924835205,-5.492598056793213,2.1314380168914795,34.74353790283203,-6.996767997741699,-6.100980758666992
-7.493851184844971,-5.486612319946289,2.0907366275787354,34.74353790283203,-6.996767997741699,-6.100980758666992
-7.444770336151123,-5.47344446182251,2.0919337272644043,34.74353790283203,-6.996767997741699,-6.100980758666992
-7.444770336151123,-5.47344446182251,2.0919337272644043,34.69998550415039,-6.983157157897949,-6.175527572631836
-7.395689010620117,-5.411195278167725,2.115875720977783,34.69998550415039,-6.983157157897949,-6.175527572631836
-7.479485988616943,-5.389647483825684,2.185307502746582,34.69998550415039,-6.983157157897949,-6.175527572631836
-7.412448406219482,-5.442319869995117,2.236783027648926,34.69998550415039,-6.983157157897949,-6.175527572631836
-7.340622425079346,-5.42915153503418,2.204461097717285,34.69998550415039,-6.983157157897949,-6.175527572631836
-7.340622425079346,-5.42915153503418,2.204461097717285,34.66265106201172,-6.969200134277344,-6.286447525024414
-7.343016624450684,-5.432743072509766,2.1948843002319336,34.66265106201172,-6.969200134277344,-6.286447525024414
-7.297526836395264,-5.50816011428833,2.147000312805176,34.66265106201172,-6.969200134277344,-6.286447525024414
-7.161057472229004,-5.590760231018066,2.1936872005462646,34.66265106201172,-6.969200134277344,-6.286447525024414
-7.331045627593994,-5.521328449249268,2.144606113433838,34.66265106201172,-6.969200134277344,-6.286447525024414
-7.331045627593994,-5.521328449249268,2.144606113433838,34.65217971801758,-6.990833282470703,-6.409276485443115
-7.538144111633301,-5.544073104858398,2.124255418777466,34.65217971801758,-6.990833282470703,-6.409276485443115
-7.714118003845215,-5.563226699829102,2.1302409172058105,34.65217971801758,-6.990833282470703,-6.409276485443115
-7.753622055053711,-5.46147346496582,2.0620062351226807,34.65217971801758,-6.990833282470703,-6.409276485443115
-7.808688640594482,-5.447108268737793,2.208052635192871,34.65217971801758,-6.990833282470703,-6.409276485443115
-7.808688640594482,-5.447108268737793,2.208052635192871,34.62361526489258,-7.025181293487549,-6.587708473205566
-7.659051418304443,-5.467458724975586,2.342127799987793,34.62361526489258,-7.025181293487549,-6.587708473205566
-7.569268703460693,-5.583577632904053,2.448669672012329,34.62361526489258,-7.025181293487549,-6.587708473205566
-7.3885064125061035,-5.649418354034424,2.4426841735839844,34.62361526489258,-7.025181293487549,-6.587708473205566
-7.376535415649414,-5.548861503601074,2.319382905960083,34.62361526489258,-7.025181293487549,-6.587708473205566
-7.376535415649414,-5.548861503601074,2.319382905960083,34.592071533203125,-7.017563343048096,-6.839852333068848
-7.501033782958984,-5.515342712402344,2.299032211303711,34.592071533203125,-7.017563343048096,-6.839852333068848
-7.586028099060059,-5.570409297943115,2.364872694015503,34.592071533203125,-7.017563343048096,-6.839852333068848
-7.465120792388916,-5.651812553405762,2.5049335956573486,34.592071533203125,-7.017563343048096,-6.839852333068848
-7.587224960327148,-5.644629955291748,2.5468320846557617,34.592071533203125,-7.017563343048096,-6.839852333068848
-7.587224960327148,-5.644629955291748,2.5468320846557617,34.6065788269043,-6.950171947479248,-7.0855326652526855
-7.662642478942871,-5.653009414672852,2.5779566764831543,34.6065788269043,-6.950171947479248,-7.0855326652526855
-7.547720909118652,-5.818209171295166,2.538452386856079,34.6065788269043,-6.950171947479248,-7.0855326652526855
-7.258022308349609,-5.936722278594971,2.518101692199707,34.6065788269043,-6.950171947479248,-7.0855326652526855
-7.236474514007568,-6.062417984008789,2.431910276412964,34.6065788269043,-6.950171947479248,-7.0855326652526855
-7.236474514007568,-6.062417984008789,2.431910276412964,34.6319694519043,-6.859324932098389,-7.287740230560303
-7.208941459655762,-6.134243965148926,2.2595279216766357,34.6319694519043,-6.859324932098389,-7.287740230560303
-7.334636688232422,-6.143820762634277,2.0715830326080322,34.6319694519043,-6.859324932098389,-7.287740230560303
-7.3669586181640625,-6.045658588409424,1.9422961473464966,34.6319694519043,-6.859324932098389,-7.287740230560303
-7.423222541809082,-5.897218227386475,1.7208324670791626,34.6319694519043,-6.859324932098389,-7.287740230560303
-7.423222541809082,-5.897218227386475,1.7208324670791626,34.60803985595703,-6.832995414733887,-7.51163387298584
-7.444770336151123,-5.614702224731445,1.635838270187378,34.60803985595703,-6.832995414733887,-7.51163387298584
-7.430405139923096,-5.532102108001709,1.8513164520263672,34.60803985595703,-6.832995414733887,-7.51163387298584
-7.365761756896973,-5.618293762207031,2.1302409172058105,34.60803985595703,-6.832995414733887,-7.51163387298584
-7.334636688232422,-5.873276233673096,2.255936622619629,34.60803985595703,-6.832995414733887,-7.51163387298584
-7.334636688232422,-5.873276233673096,2.255936622619629,34.491058349609375,-6.925169944763184,-7.850024700164795
-7.542932510375977,-5.90200662612915,2.2427685260772705,34.491058349609375,-6.925169944763184,-7.850024700164795
-7.846996307373047,-5.880458831787109,2.3265655040740967,34.491058349609375,-6.925169944763184,-7.850024700164795
-8.299500465393066,-5.873276233673096,2.44747257232666,34.491058349609375,-6.925169944763184,-7.850024700164795
-8.60236644744873,-5.754763126373291,2.4905683994293213,34.491058349609375,-6.925169944763184,-7.850024700164795
-8.60236644744873,-5.754763126373291,2.4905683994293213,34.30331039428711,-7.0721893310546875,-8.341068267822266
-8.62511157989502,-5.6996965408325195,2.4582467079162598,34.30331039428711,-7.0721893310546875,-8.341068267822266
-8.777143478393555,-5.621884822845459,2.405574083328247,34.30331039428711,-7.0721893310546875,-8.341068267822266
-9.090784072875977,-5.516540050506592,2.2427685260772705,34.30331039428711,-7.0721893310546875,-8.341068267822266
-9.258378028869629,-5.38246488571167,1.9877859354019165,34.30331039428711,-7.0721893310546875,-8.341068267822266
-9.258378028869629,-5.38246488571167,1.9877859354019165,34.03645706176758,-7.232793807983398,-9.063490867614746
-9.240421295166016,-5.307047367095947,1.912368655204773,34.03645706176758,-7.232793807983398,-9.063490867614746
-9.093177795410156,-5.33697509765625,2.2020668983459473,34.03645706176758,-7.232793807983398,-9.063490867614746
-9.093177795410156,-5.33697509765625,2.2020668983459473,33.61968994140625,-7.425828456878662,-10.075074195861816
-10.201693534851074,-5.414786338806152,2.3086090087890625,33.61968994140625,-7.425828456878662,-10.075074195861816
-10.201693534851074,-5.414786338806152,2.3086090087890625,33.065364837646484,-7.662120819091797,-11.222453117370605
-10.990582466125488,-5.693710803985596,2.7287914752960205,33.065364837646484,-7.662120819091797,-11.222453117370605
-10.990582466125488,-5.693710803985596,2.7287914752960205,32.36538314819336,-8.127979278564453,-12.290030479431152
-9.861717224121094,-5.285499572753906,3.6768951416015625,32.36538314819336,-8.127979278564453,-12.290030479431152
-9.861717224121094,-5.285499572753906,3.6768951416015625,31.371498107910156,-9.19684886932373,-13.207130432128906
-7.781155586242676,-4.311059474945068,4.2742486000061035,31.371498107910156,-9.19684886932373,-13.207130432128906
-7.781155586242676,-4.311059474945068,4.2742486000061035,29.881391525268555,-11.158656120300293,-14.0275239944458
-5.701791286468506,-3.346196174621582,5.269039154052734,29.881391525268555,-11.158656120300293,-14.0275239944458
-4.720168590545654,-2.7596168518066406,7.1712327003479,29.881391525268555,-11.158656120300293,-14.0275239944458
-4.720168590545654,-2.7596168518066406,7.1712327003479,27.797697067260742,-13.925609588623047,-14.771291732788086
-3.5673606395721436,-1.908478021621704,8.892663955688477,27.797697067260742,-13.925609588623047,-14.771291732788086
-3.5673606395721436,-1.908478021621704,8.892663955688477,25.306886672973633,-17.024219512939453,-15.339475631713867
-4.213795185089111,-1.7851766347885132,5.891531944274902,25.306886672973633,-17.024219512939453,-15.339475631713867
-4.213795185089111,-1.7851766347885132,5.891531944274902,22.801305770874023,-19.989492416381836,-15.463890075683594
-4.236539840698242,-1.080084204673767,6.250661849975586,22.801305770874023,-19.989492416381836,-15.463890075683594
-4.236539840698242,-1.080084204673767,6.250661849975586,20.64446258544922,-22.61749267578125,-14.823871612548828
-5.871779441833496,-0.461183100938797,7.359177589416504,20.64446258544922,-22.61749267578125,-14.823871612548828
-5.871779441833496,-0.461183100938797,7.359177589416504,19.16362190246582,-24.74563217163086,-13.41760540008545
-5.468356609344482,1.8360533714294434,7.644087314605713,19.16362190246582,-24.74563217163086,-13.41760540008545
-5.468356609344482,1.8360533714294434,7.644087314605713,18.66168212890625,-26.015804290771484,-11.56086349487304
