-0.2935889959335327,1.4716858863830566,9.762805938720703,-18.916505813598633,-14.904191970825195,-16.825881958007813
-0.2935889959335327,1.4716858863830566,9.762805938720703,-18.900012969970703,-14.945430755615234,-16.8011417388916
-0.22415713965892792,1.3495815992355347,9.522189140319824,-18.900012969970703,-14.945430755615234,-16.8011417388916
-0.22415713965892792,1.3495815992355347,9.522189140319824,-18.85416030883789,-15.06418514251709,-16.71999168395996
-0.3618237376213074,1.441758394241333,9.76400375366211,-18.85416030883789,-15.06418514251709,-16.71999168395996
-0.3618237376213074,1.441758394241333,9.76400375366211,-18.795116424560547,-15.20469856262207,-16.61147117614746
-0.2852092683315277,1.5231611728668213,9.696966171264648,-18.795116424560547,-15.20469856262207,-16.61147117614746
-0.2852092683315277,1.5231611728668213,9.696966171264648,-18.724964141845703,-15.319540023803711,-16.536104202270508
-0.43005847930908203,1.4668974876403809,9.717316627502441,-18.724964141845703,-15.319540023803711,-16.536104202270508
-0.43005847930908203,1.4668974876403809,9.717316627502441,-18.638652801513672,-15.39938735961914,-16.50798797607422
-0.45160630345344543,1.549497365951538,9.325864791870117,-18.638652801513672,-15.39938735961914,-16.50798797607422
-0.4420294761657715,1.4980220794677734,9.67541790008545,-18.638652801513672,-15.39938735961914,-16.50798797607422
-0.4420294761657715,1.4980220794677734,9.67541790008545,-18.5534610748291,-15.430216789245605,-16.516250610351563
-0.40132805705070496,1.307682991027832,9.817873001098633,-18.5534610748291,-15.430216789245605,-16.516250610351563
-0.40132805705070496,1.307682991027832,9.817873001098633,-18.51041030883789,-15.398544311523438,-16.573246002197266
-0.5844845175743103,1.34359610080719,9.943568229675293,-18.51041030883789,-15.398544311523438,-16.573246002197266
-0.5844845175743103,1.34359610080719,9.943568229675293,-18.520755767822266,-15.293804168701172,-16.666973114013672
-0.7640495896339417,2.0271406173706055,9.578453063964844,-18.520755767822266,-15.293804168701172,-16.666973114013672
-0.7640495896339417,2.0271406173706055,9.578453063964844,-18.529808044433594,-15.141911506652832,-16.78443145751953
-0.7413046956062317,1.992424726486206,10.026168823242188,-18.529808044433594,-15.141911506652832,-16.78443145751953
-0.7413046956062317,1.992424726486206,10.026168823242188,-18.53645133972168,-14.956327438354492,-16.939462661743164
-0.06494271755218506,1.531540870666504,9.819069862365723,-18.53645133972168,-14.956327438354492,-16.939462661743164
-0.06494271755218506,1.531540870666504,9.819069862365723,-18.606611251831055,-14.73365592956543,-17.106489181518555
-0.2696469724178314,1.9110218286514282,9.385719299316406,-18.606611251831055,-14.73365592956543,-17.106489181518555
-0.2696469724178314,1.9110218286514282,9.385719299316406,-18.742706298828125,-14.504362106323242,-17.27092170715332
-0.2205658257007599,2.0534768104553223,9.400084495544434,-18.742706298828125,-14.504362106323242,-17.27092170715332
-0.08649053424596786,2.2893056869506836,9.97828483581543,-18.742706298828125,-14.504362106323242,-17.27092170715332
-0.08649053424596786,2.2893056869506836,9.97828483581543,-18.89984130859375,-14.317294120788574,-17.451053619384766
-0.3630208373069763,2.212691307067871,10.629507064819336,-18.89984130859375,-14.317294120788574,-17.451053619384766
-0.3630208373069763,2.212691307067871,10.629507064819336,-19.07716178894043,-14.170930862426758,-17.63601303100586
-0.4719569981098175,2.2450129985809326,9.85378646850586,-19.07716178894043,-14.170930862426758,-17.63601303100586
-0.4719569981098175,2.2450129985809326,9.85378646850586,-19.253759384155273,-14.072981834411621,-17.761924743652344
-0.6443395614624023,2.237830400466919,8.648305892944336,-19.253759384155273,-14.072981834411621,-17.761924743652344
-0.6443395614624023,2.237830400466919,8.648305892944336,-19.337322235107422,-14.133009910583496,-17.72748565673828
0.020051438361406326,-0.7668927311897278,12.13785457611084,-19.337322235107422,-14.133009910583496,-17.72748565673828
0.020051438361406326,-0.7668927311897278,12.13785457611084,-19.293926239013672,-14.421565055847168,-17.57379722595215
0.6150105595588684,1.1161469221115112,7.429656982421875,-19.293926239013672,-14.421565055847168,-17.57379722595215
0.6150105595588684,1.1161469221115112,7.429656982421875,-19.165494918823242,-14.894103050231934,-17.434816360473633
0.25348609685897827,0.7905354499816895,9.837026596069336,-19.165494918823242,-14.894103050231934,-17.434816360473633
0.25348609685897827,0.7905354499816895,9.837026596069336,-18.972387313842773,-15.426950454711914,-17.322128295898438
-0.5162497162818909,0.7809586524963379,11.28911018371582,-18.972387313842773,-15.426950454711914,-17.322128295898438
-0.09247604012489319,1.408239483833313,8.49866771697998,-18.972387313842773,-15.426950454711914,-17.322128295898438
-0.09247604012489319,1.408239483833313,8.49866771697998,-18.73713493347168,-15.907861709594727,-17.25255012512207
-0.40132805705070496,1.385494589805603,8.774001121520996,-18.73713493347168,-15.907861709594727,-17.25255012512207
-0.40132805705070496,1.385494589805603,8.774001121520996,-18.48708152770996,-16.351245880126953,-17.233835220336914
-0.12838906049728394,1.949329137802124,9.504232406616211,-18.48708152770996,-16.351245880126953,-17.233835220336914
-0.12838906049728394,1.949329137802124,9.504232406616211,-18.22172737121582,-16.771411895751953,-17.218366622924805
-0.2421136498451233,2.322824478149414,9.997438430786133,-18.22172737121582,-16.771411895751953,-17.218366622924805
-0.2421136498451233,2.322824478149414,9.997438430786133,-17.960357666015625,-17.097314834594727,-17.2075138092041
-0.44921210408210754,2.016366720199585,10.25122356414795,-17.960357666015625,-17.097314834594727,-17.2075138092041
-0.44921210408210754,2.016366720199585,10.25122356414795,-17.744380950927734,-17.3466739654541,-17.21750831604004
-0.5066729187965393,2.5981576442718506,9.74365234375,-17.744380950927734,-17.3466739654541,-17.21750831604004
-0.5066729187965393,2.5981576442718506,9.74365234375,-17.576343536376953,-17.61733627319336,-17.243730545043945
-0.18704700469970703,0.7893383502960205,11.386075019836426,-17.576343536376953,-17.61733627319336,-17.243730545043945
-0.18704700469970703,0.7893383502960205,11.386075019836426,-17.48096466064453,-17.885831832885742,-17.272510528564453
0.06314706802368164,-0.8961796164512634,10.828226089477539,-17.48096466064453,-17.885831832885742,-17.272510528564453
-0.635959804058075,0.7414543628692627,7.260865688323975,-17.48096466064453,-17.885831832885742,-17.272510528564453
-0.635959804058075,0.7414543628692627,7.260865688323975,-17.50514793395996,-18.058900833129883,-17.2885684967041
-0.8598176836967468,0.48048636317253113,10.190171241760254,-17.50514793395996,-18.058900833129883,-17.2885684967041
-0.8598176836967468,0.48048636317253113,10.190171241760254,-17.631132125854492,-18.168630599975586,-17.28712272644043
0.014065935276448727,1.265784502029419,8.844630241394043,-17.631132125854492,-18.168630599975586,-17.28712272644043
0.014065935276448727,1.265784502029419,8.844630241394043,-17.838531494140625,-18.26762580871582,-17.310596466064453
-0.7065888047218323,1.0957962274551392,9.341426849365234,-17.838531494140625,-18.26762580871582,-17.310596466064453
-0.7065888047218323,1.0957962274551392,9.341426849365234,-18.101491928100586,-18.33365249633789,-17.39906120300293
-1.2177507877349854,1.2813467979431152,9.712528228759766,-18.101491928100586,-18.33365249633789,-17.39906120300293
-1.2177507877349854,1.2813467979431152,9.712528228759766,-18.330684661865234,-18.362607955932617,-17.550533294677734
-0.7676409482955933,1.9624972343444824,9.421632766723633,-18.330684661865234,-18.362607955932617,-17.550533294677734
-0.7676409482955933,1.9624972343444824,9.421632766723633,-18.432395935058594,-18.343387603759766,-17.710363388061523
-0.36900633573532104,2.039111614227295,9.179818153381348,-18.432395935058594,-18.343387603759766,-17.710363388061523
-0.36900633573532104,2.039111614227295,9.179818153381348,-18.411849975585938,-18.28022003173828,-17.834299087524414
-0.5940613150596619,2.102557897567749,9.413252830505371,-18.411849975585938,-18.28022003173828,-17.834299087524414
-0.6263830065727234,2.7286417484283447,9.687389373779297,-18.411849975585938,-18.28022003173828,-17.834299087524414
-0.6263830065727234,2.7286417484283447,9.687389373779297,-18.33698272705078,-18.258054733276367,-17.941295623779297
-1.4080898761749268,-1.5809212923049927,14.799009323120117,-18.33698272705078,-18.258054733276367,-17.941295623779297
-1.4080898761749268,-1.5809212923049927,14.799009323120117,-18.2344970703125,-18.367084503173828,-18.002531051635742
0.5790975093841553,-0.8602666258811951,8.681824684143066,-18.2344970703125,-18.367084503173828,-18.002531051635742
0.5790975093841553,-0.8602666258811951,8.681824684143066,-18.15560531616211,-18.558422088623047,-18.005041122436523
-1.469141960144043,0.7893383502960205,8.85779857635498,-18.15560531616211,-18.558422088623047,-18.005041122436523
-1.469141960144043,0.7893383502960205,8.85779857635498,-18.14483642578125,-18.718204498291016,-17.995508193969727
-0.7401075959205627,0.6313210725784302,9.577255249023438,-18.14483642578125,-18.718204498291016,-17.995508193969727
-0.7401075959205627,0.6313210725784302,9.577255249023438,-18.16048812866211,-18.823036193847656,-17.998600006103516
0.3983353078365326,0.8839093446731567,8.592041969299316,-18.16048812866211,-18.823036193847656,-17.998600006103516
0.3983353078365326,0.8839093446731567,8.592041969299316,-18.21040153503418,-18.856128692626953,-18.031858444213867
0.31214404106140137,1.0622773170471191,9.301922798156738,-18.21040153503418,-18.856128692626953,-18.031858444213867
0.31214404106140137,1.0622773170471191,9.301922798156738,-18.308040618896484,-18.76593017578125,-18.072935104370117
0.56233811378479,1.6332944631576538,9.863363265991211,-18.308040618896484,-18.76593017578125,-18.072935104370117
-0.058957215398550034,2.277334690093994,9.605986595153809,-18.308040618896484,-18.76593017578125,-18.072935104370117
-0.058957215398550034,2.277334690093994,9.605986595153809,-18.40089225769043,-18.568723678588867,-18.109617233276367
-0.6575076580047607,1.509993076324463,10.188974380493164,-18.40089225769043,-18.568723678588867,-18.109617233276367
-0.6575076580047607,1.509993076324463,10.188974380493164,-18.51431655883789,-18.3511962890625,-18.1699275970459
-0.8466495871543884,2.4030303955078125,9.1091890335083,-18.51431655883789,-18.3511962890625,-18.1699275970459
-0.8466495871543884,2.4030303955078125,9.1091890335083,-18.689342498779297,-18.208271026611328,-18.204845428466797
-1.8366519212722778,-1.3415011167526245,15.01927661895752,-18.689342498779297,-18.208271026611328,-18.204845428466797
-1.8366519212722778,-1.3415011167526245,15.01927661895752,-18.87563705444336,-18.20349884033203,-18.15473747253418
-0.4767454266548157,-0.5621885061264038,8.503456115722656,-18.87563705444336,-18.20349884033203,-18.15473747253418
-0.4767454266548157,-0.5621885061264038,8.503456115722656,-19.022186279296875,-18.331628799438477,-18.04094886779785
0.4067150056362152,0.7306804060935974,8.066514015197754,-19.022186279296875,-18.331628799438477,-18.04094886779785
0.4067150056362152,0.7306804060935974,8.066514015197754,-19.145484924316406,-18.4896240234375,-17.878036499023438
-0.009876081719994545,0.8204630017280579,9.453954696655273,-19.145484924316406,-18.4896240234375,-17.878036499023438
-0.009876081719994545,0.8204630017280579,9.453954696655273,-19.274511337280273,-18.556373596191406,-17.71566390991211
-0.7436988949775696,1.0263643264770508,8.697386741638184,-19.274511337280273,-18.556373596191406,-17.71566390991211
-0.8837596774101257,1.3723264932632446,9.061305046081543,-19.274511337280273,-18.556373596191406,-17.71566390991211
-0.8837596774101257,1.3723264932632446,9.061305046081543,-19.39723014831543,-18.492103576660156,-17.668170928955078
-0.3438672125339508,1.7841291427612305,9.515006065368652,-19.39723014831543,-18.492103576660156,-17.668170928955078
-0.3438672125339508,1.7841291427612305,9.515006065368652,-19.50913429260254,-18.328493118286133,-17.742677688598633
-0.4743511974811554,1.627308964729309,10.669012069702148,-19.50913429260254,-18.328493118286133,-17.742677688598633
-0.4743511974811554,1.627308964729309,10.669012069702148,-19.63496208190918,-18.133329391479492,-17.86895179748535
-0.19901801645755768,1.5399205684661865,10.272770881652832,-19.63496208190918,-18.133329391479492,-17.86895179748535
-0.19901801645755768,1.5399205684661865,10.272770881652832,-19.80851173400879,-17.94523811340332,-18.01144790649414
-0.20021511614322662,-0.5621885061264038,12.948291778564453,-19.80851173400879,-17.94523811340332,-18.01144790649414
-0.20021511614322662,-0.5621885061264038,12.948291778564453,-20.044727325439453,-17.806005477905273,-18.116985321044922
1.413476824760437,-1.2924200296401978,9.422829627990723,-20.044727325439453,-17.806005477905273,-18.116985321044922
1.413476824760437,-1.2924200296401978,9.422829627990723,-20.313600540161133,-17.750661849975586,-18.150991439819336
-0.157119482755661,-0.04264671728014946,9.549722671508789,-20.313600540161133,-17.750661849975586,-18.150991439819336
-0.157119482755661,-0.04264671728014946,9.549722671508789,-20.528345108032227,-17.746335983276367,-18.144102096557617
-0.6503250598907471,0.7618050575256348,9.637110710144043,-20.528345108032227,-17.746335983276367,-18.144102096557617
-0.1116296574473381,1.1915642023086548,7.543381214141846,-20.528345108032227,-17.746335983276367,-18.144102096557617
-0.1116296574473381,1.1915642023086548,7.543381214141846,-20.608747482299805,-17.775484085083008,-18.110795974731445
0.9992799162864685,1.1760019063949585,7.934833526611328,-20.608747482299805,-17.775484085083008,-18.110795974731445
0.9992799162864685,1.1760019063949585,7.934833526611328,-20.58432960510254,-17.880830764770508,-18.005483627319336
0.7873930931091309,1.5710452795028687,10.332626342773438,-20.58432960510254,-17.880830764770508,-18.005483627319336
0.7873930931091309,1.5710452795028687,10.332626342773438,-20.51468276977539,-18.059452056884766,-17.828895568847656
-0.7628524899482727,2.152836322784424,11.25559139251709,-20.51468276977539,-18.059452056884766,-17.828895568847656
-0.7628524899482727,2.152836322784424,11.25559139251709,-20.395984649658203,-18.212963104248047,-17.67797088623047
-0.14993688464164734,1.64885675907135,9.663447380065918,-20.395984649658203,-18.212963104248047,-17.67797088623047
-0.14993688464164734,1.64885675907135,9.663447380065918,-20.22787094116211,-18.31584358215332,-17.577423095703125
0.563535213470459,1.949329137802124,8.335862159729004,-20.22787094116211,-18.31584358215332,-17.577423095703125
0.563535213470459,1.949329137802124,8.335862159729004,-20.08592987060547,-18.46490478515625,-17.446611404418945
-0.4958990216255188,-1.8825907707214355,13.185317993164063,-20.08592987060547,-18.46490478515625,-17.446611404418945
-0.4958990216255188,-1.8825907707214355,13.185317993164063,-20.034074783325195,-18.664247512817383,-17.29425048828125
-0.8993220329284668,-0.08095394819974899,9.489867210388184,-20.034074783325195,-18.664247512817383,-17.29425048828125
-0.5868787169456482,0.5319616794586182,10.239252090454102,-20.034074783325195,-18.664247512817383,-17.29425048828125
-0.5868787169456482,0.5319616794586182,10.239252090454102,-20.0520076751709,-18.79865837097168,-17.211244583129883
0.47494974732398987,0.5810428261756897,8.07130241394043,-20.0520076751709,-18.79865837097168,-17.211244583129883
0.47494974732398987,0.5810428261756897,8.07130241394043,-20.09971809387207,-18.784719467163086,-17.210784912109375
-0.4827309250831604,0.7258920073509216,8.657882690429688,-20.09971809387207,-18.784719467163086,-17.210784912109375
-0.4827309250831604,0.7258920073509216,8.657882690429688,-20.168701171875,-18.611967086791992,-17.241592407226563
-1.1315596103668213,1.2586019039154053,8.875754356384277,-20.168701171875,-18.611967086791992,-17.241592407226563
-1.1315596103668213,1.2586019039154053,8.875754356384277,-20.242433547973633,-18.356321334838867,-17.25649070739746
-0.6299743056297302,1.5794249773025513,9.172636032104492,-20.242433547973633,-18.356321334838867,-17.25649070739746
-0.6299743056297302,1.5794249773025513,9.172636032104492,-20.28734588623047,-18.086950302124023,-17.24434471130371
0.10384850203990936,1.6811784505844116,10.166229248046875,-20.28734588623047,-18.086950302124023,-17.24434471130371
0.10384850203990936,1.6811784505844116,10.166229248046875,-20.31785011291504,-17.82311248779297,-17.22168731689453
-0.2744353711605072,1.8308161497116089,11.4495210647583,-20.31785011291504,-17.82311248779297,-17.22168731689453
-0.2744353711605072,1.8308161497116089,11.4495210647583,-20.310691833496094,-17.60589599609375,-17.1820011138916
-0.694617748260498,0.553509533405304,12.560431480407715,-20.310691833496094,-17.60589599609375,-17.1820011138916
0.46657004952430725,-1.7796400785446167,10.28593921661377,-20.310691833496094,-17.60589599609375,-17.1820011138916
0.46657004952430725,-1.7796400785446167,10.28593921661377,-20.18798828125,-17.495189666748047,-17.092552185058594
0.1637035459280014,0.8886977434158325,6.699425220489502,-20.18798828125,-17.495189666748047,-17.092552185058594
0.1637035459280014,0.8886977434158325,6.699425220489502,-20.01789665222168,-17.514997482299805,-16.856826782226563
-1.0705074071884155,0.5882254242897034,9.975890159606934,-20.01789665222168,-17.514997482299805,-16.856826782226563
-1.0705074071884155,0.5882254242897034,9.975890159606934,-19.916580200195313,-17.609716415405273,-16.44120216369629
-0.23373393714427948,1.4154220819473267,8.321496963500977,-19.916580200195313,-17.609716415405273,-16.44120216369629
-0.23373393714427948,1.4154220819473267,8.321496963500977,-19.85991668701172,-17.67197036743164,-16.021928787231445
0.7431003451347351,1.2107179164886475,9.40128231048584,-19.85991668701172,-17.67197036743164,-16.021928787231445
0.7431003451347351,1.2107179164886475,9.40128231048584,-19.835798263549805,-17.607423782348633,-15.774643898010254
0.502483069896698,1.706317663192749,10.109965324401855,-19.835798263549805,-17.607423782348633,-15.774643898010254
0.502483069896698,1.706317663192749,10.109965324401855,-19.856739044189453,-17.363128662109375,-15.716184616088867
-0.34506431221961975,2.0881927013397217,10.538527488708496,-19.856739044189453,-17.363128662109375,-15.716184616088867
-0.34506431221961975,2.0881927013397217,10.538527488708496,-19.919797897338867,-16.941137313842773,-15.775976181030273
-0.3546411395072937,1.3831003904342651,9.881319046020508,-19.919797897338867,-16.941137313842773,-15.775976181030273
0.08708908408880234,1.7314567565917969,9.509020805358887,-19.919797897338867,-16.941137313842773,-15.775976181030273
0.08708908408880234,1.7314567565917969,9.509020805358887,-20.064722061157227,-16.435338973999023,-15.839166641235352
-0.5425859689712524,-1.498321294784546,13.242778778076172,-20.064722061157227,-16.435338973999023,-15.839166641235352
-0.5425859689712524,-1.498321294784546,13.242778778076172,-20.31902503967285,-15.931905746459961,-15.850234031677246
-0.8861538767814636,0.6732195615768433,8.106019020080566,-20.31902503967285,-15.931905746459961,-15.850234031677246
-0.8861538767814636,0.6732195615768433,8.106019020080566,-20.682449340820313,-15.446784973144531,-15.817719459533691
-0.6862380504608154,0.9090484380722046,8.745270729064941,-20.682449340820313,-15.446784973144531,-15.817719459533691
-0.6862380504608154,0.9090484380722046,8.745270729064941,-21.13326644897461,-14.9674711227417,-15.713092803955078
-0.0900818407535553,1.1101614236831665,7.641543865203857,-21.13326644897461,-14.9674711227417,-15.713092803955078
-0.0900818407535553,1.1101614236831665,7.641543865203857,-21.627304077148438,-14.453845977783203,-15.561745643615723
-0.5808931589126587,1.3831003904342651,8.723722457885742,-21.627304077148438,-14.453845977783203,-15.561745643615723
-0.5808931589126587,1.3831003904342651,8.723722457885742,-22.134910583496094,-13.893549919128418,-15.409799575805664
-0.6000468134880066,1.8212393522262573,10.560075759887695,-22.134910583496094,-13.893549919128418,-15.409799575805664
-0.6000468134880066,1.8212393522262573,10.560075759887695,-22.62274169921875,-13.265172004699707,-15.279398918151855
-0.5808931589126587,2.103754997253418,10.10517692565918,-22.62274169921875,-13.265172004699707,-15.279398918151855
-0.18465280532836914,1.4034510850906372,10.245238304138184,-22.62274169921875,-13.265172004699707,-15.279398918151855
-0.18465280532836914,1.4034510850906372,10.245238304138184,-23.103530883789063,-12.60495376586914,-15.209844589233398
-0.32351651787757874,2.8256068229675293,9.021800994873047,-23.103530883789063,-12.60495376586914,-15.209844589233398
-0.32351651787757874,2.8256068229675293,9.021800994873047,-23.642488479614258,-12.027234077453613,-15.18311882019043
-0.08888474106788635,-2.0621559619903564,14.277073860168457,-23.642488479614258,-12.027234077453613,-15.18311882019043
-0.08888474106788635,-2.0621559619903564,14.277073860168457,-24.201507568359375,-11.611528396606445,-15.149148941040039
0.7562684416770935,0.3655646741390228,6.772448539733887,-24.201507568359375,-11.611528396606445,-15.149148941040039
0.7562684416770935,0.3655646741390228,6.772448539733887,-24.77491569519043,-11.446218490600586,-15.044211387634277
-0.6443395614624023,0.8001123070716858,10.593594551086426,-24.77491569519043,-11.446218490600586,-15.044211387634277
-0.6443395614624023,0.8001123070716858,10.593594551086426,-25.398391723632813,-11.523946762084961,-14.851923942565918
0.16250644624233246,0.9162310361862183,9.756820678710938,-25.398391723632813,-11.523946762084961,-14.851923942565918
0.16250644624233246,0.9162310361862183,9.756820678710938,-25.98009490966797,-11.710609436035156,-14.697224617004395
0.0487818606197834,1.4692916870117188,7.476343631744385,-25.98009490966797,-11.710609436035156,-14.697224617004395
0.0487818606197834,1.4692916870117188,7.476343631744385,-26.418441772460938,-11.94533634185791,-14.640585899353027
0.07751227915287018,1.7877204418182373,8.779986381530762,-26.418441772460938,-11.94533634185791,-14.640585899353027
-0.7460930943489075,1.6141408681869507,10.631901741027832,-26.418441772460938,-11.94533634185791,-14.640585899353027
-0.7460930943489075,1.6141408681869507,10.631901741027832,-26.701547622680664,-12.222536087036133,-14.633746147155762
-1.0046669244766235,1.8643349409103394,11.01856517791748,-26.701547622680664,-12.222536087036133,-14.633746147155762
-1.0046669244766235,1.8643349409103394,11.01856517791748,-26.9451961517334,-12.465145111083984,-14.726273536682129
0.7945756912231445,1.729062557220459,10.029759407043457,-26.9451961517334,-12.465145111083984,-14.726273536682129
0.7945756912231445,1.729062557220459,10.029759407043457,-27.278478622436523,-12.626712799072266,-14.922171592712402
-1.3637971878051758,-2.2321441173553467,12.920758247375488,-27.278478622436523,-12.626712799072266,-14.922171592712402
-1.3637971878051758,-2.2321441173553467,12.920758247375488,-27.74530029296875,-12.709342956542969,-15.120410919189453
-0.8909423351287842,1.3495815992355347,6.345083236694336,-27.74530029296875,-12.709342956542969,-15.120410919189453
-0.8909423351287842,1.3495815992355347,6.345083236694336,-28.34844207763672,-12.696676254272461,-15.247533798217773
-0.07332243025302887,1.119738221168518,10.07046127319336,-28.34844207763672,-12.696676254272461,-15.247533798217773
-0.07332243025302887,1.119738221168518,10.07046127319336,-29.021011352539063,-12.616262435913086,-15.299031257629395
-0.6144120097160339,1.3890858888626099,8.7129487991333,-29.021011352539063,-12.616262435913086,-15.299031257629395
-0.6144120097160339,1.3890858888626099,8.7129487991333,-29.6843204498291,-12.511161804199219,-15.419685363769531
-0.9519944787025452,1.565059781074524,8.468740463256836,-29.6843204498291,-12.511161804199219,-15.419685363769531
-0.6443395614624023,2.015169620513916,9.092430114746094,-29.6843204498291,-12.511161804199219,-15.419685363769531
-0.6443395614624023,2.015169620513916,9.092430114746094,-30.319122314453125,-12.448068618774414,-15.697944641113281
-0.7329249978065491,2.0510826110839844,10.13630199432373,-30.319122314453125,-12.448068618774414,-15.697944641113281
-0.7329249978065491,2.0510826110839844,10.13630199432373,-30.87237548828125,-12.48351001739502,-16.070621490478516
-0.461183100938797,1.7170915603637695,11.242423057556152,-30.87237548828125,-12.48351001739502,-16.070621490478516
-0.461183100938797,1.7170915603637695,11.242423057556152,-31.293655395507813,-12.567243576049805,-16.488847732543945
-0.23253683745861053,2.2653636932373047,10.01300048828125,-31.293655395507813,-12.567243576049805,-16.488847732543945
-0.23253683745861053,2.2653636932373047,10.01300048828125,-31.609752655029297,-12.682208061218262,-16.90376853942871
-0.42048168182373047,-2.338686227798462,13.497760772705078,-31.609752655029297,-12.682208061218262,-16.90376853942871
-0.42048168182373047,-2.338686227798462,13.497760772705078,-31.813039779663086,-12.896551132202148,-17.284461975097656
0.3959411084651947,0.8276455998420715,4.640411853790283,-31.813039779663086,-12.896551132202148,-17.284461975097656
0.3959411084651947,0.8276455998420715,4.640411853790283,-31.864469528198242,-13.272634506225586,-17.60643768310547
-0.7029974460601807,0.18719664216041565,11.151443481445313,-31.864469528198242,-13.272634506225586,-17.60643768310547
-0.7029974460601807,0.18719664216041565,11.151443481445313,-31.750713348388672,-13.733991622924805,-17.88611602783203
-0.0769137293100357,1.1388918161392212,10.13869571685791,-31.750713348388672,-13.733991622924805,-17.88611602783203
-0.007481880486011505,1.2059295177459717,8.441206932067871,-31.750713348388672,-13.733991622924805,-17.88611602783203
-0.007481880486011505,1.2059295177459717,8.441206932067871,-31.48986053466797,-14.037525177001953,-18.271682739257813
0.6772598028182983,1.1616367101669312,8.928426742553711,-31.48986053466797,-14.037525177001953,-18.271682739257813
0.6772598028182983,1.1616367101669312,8.928426742553711,-31.144412994384766,-14.131363868713379,-18.804697036743164
0.28221651911735535,1.8679262399673462,10.080038070678711,-31.144412994384766,-14.131363868713379,-18.804697036743164
0.28221651911735535,1.8679262399673462,10.080038070678711,-30.769214630126953,-14.188955307006836,-19.35210418701172
-0.8310872912406921,1.31007719039917,11.150246620178223,-30.769214630126953,-14.188955307006836,-19.35210418701172
-0.8310872912406921,1.31007719039917,11.150246620178223,-30.40458869934082,-14.366296768188477,-19.798017501831055
0.16250644624233246,1.6979379653930664,8.790760040283203,-30.40458869934082,-14.366296768188477,-19.798017501831055
0.16250644624233246,1.6979379653930664,8.790760040283203,-30.075960159301758,-14.747175216674805,-20.057701110839844
-1.1207857131958008,-2.3650224208831787,14.794220924377441,-30.075960159301758,-14.747175216674805,-20.057701110839844
-1.1207857131958008,-2.3650224208831787,14.794220924377441,-29.77184295654297,-15.248836517333984,-20.144046783447266
-0.07451952993869781,0.838419497013092,7.230937957763672,-29.77184295654297,-15.248836517333984,-20.144046783447266
-0.07451952993869781,0.838419497013092,7.230937957763672,-29.498394012451172,-15.791349411010742,-20.097518920898438
-0.3139396905899048,0.7653963565826416,10.342203140258789,-29.498394012451172,-15.791349411010742,-20.097518920898438
-0.0038905777037143707,1.2741641998291016,8.062923431396484,-29.498394012451172,-15.791349411010742,-20.097518920898438
-0.0038905777037143707,1.2741641998291016,8.062923431396484,-29.268985748291016,-16.377946853637695,-19.922515869140625
-0.5988497138023376,1.076642632484436,8.292766571044922,-29.268985748291016,-16.377946853637695,-19.922515869140625
-0.5988497138023376,1.076642632484436,8.292766571044922,-29.056529998779297,-16.935455322265625,-19.720796585083008
-1.1100118160247803,1.9337668418884277,9.107992172241211,-29.056529998779297,-16.935455322265625,-19.720796585083008
-1.1100118160247803,1.9337668418884277,9.107992172241211,-28.811758041381836,-17.426443099975586,-19.579242706298828
-0.7580640912055969,2.5095722675323486,10.271574020385742,-28.811758041381836,-17.426443099975586,-19.579242706298828
-0.7580640912055969,2.5095722675323486,10.271574020385742,-28.476280212402344,-17.895687103271484,-19.49444580078125
-0.25408464670181274,1.5722423791885376,10.940753936767578,-28.476280212402344,-17.895687103271484,-19.49444580078125
-0.25408464670181274,1.5722423791885376,10.940753936767578,-28.064926147460938,-18.377124786376953,-19.44529151916504
0.14335282146930695,3.006369113922119,8.777592658996582,-28.064926147460938,-18.377124786376953,-19.44529151916504
0.14335282146930695,3.006369113922119,8.777592658996582,-27.682266235351563,-18.901046752929688,-19.356904983520508
-0.16430209577083588,-1.452831506729126,15.282638549804688,-27.682266235351563,-18.901046752929688,-19.356904983520508
-0.16430209577083588,-1.452831506729126,15.282638549804688,-27.364320755004883,-19.489999771118164,-19.184803009033203
0.29059621691703796,1.0108020305633545,6.590488910675049,-27.364320755004883,-19.489999771118164,-19.184803009033203
-0.7855974435806274,0.7905354499816895,9.85498332977295,-27.364320755004883,-19.489999771118164,-19.184803009033203
-0.7855974435806274,0.7905354499816895,9.85498332977295,-27.057743072509766,-20.18312644958496,-18.9243106842041
-0.41210195422172546,1.6596306562423706,8.91525936126709,-27.057743072509766,-20.18312644958496,-18.9243106842041
-0.41210195422172546,1.6596306562423706,8.91525936126709,-26.726558685302734,-20.929004669189453,-18.58244514465332
0.05117605999112129,1.917007327079773,7.993491172790527,-26.726558685302734,-20.929004669189453,-18.58244514465332
0.05117605999112129,1.917007327079773,7.993491172790527,-26.3667049407959,-21.52768325805664,-18.310630798339844
0.14574703574180603,1.9541175365447998,8.748862266540527,-26.3667049407959,-21.52768325805664,-18.310630798339844
0.14574703574180603,1.9541175365447998,8.748862266540527,-25.97367286682129,-21.83856964111328,-18.23330307006836
0.3552396893501282,2.5598504543304443,9.870545387268066,-25.97367286682129,-21.83856964111328,-18.23330307006836
0.3552396893501282,2.5598504543304443,9.870545387268066,-25.58485984802246,-21.802005767822266,-18.330150604248047
0.0727238729596138,1.9816508293151855,11.635071754455566,-25.58485984802246,-21.802005767822266,-18.330150604248047
0.0727238729596138,1.9816508293151855,11.635071754455566,-25.29153060913086,-21.45827865600586,-18.573488235473633
-0.30555999279022217,2.2198739051818848,9.426421165466309,-25.29153060913086,-21.45827865600586,-18.573488235473633
-0.30555999279022217,2.2198739051818848,9.426421165466309,-25.167850494384766,-20.961666107177734,-18.912851333618164
-0.4563947021961212,1.075445532798767,12.889634132385254,-25.167850494384766,-20.961666107177734,-18.912851333618164
-0.1008557453751564,-0.845901370048523,9.840618133544922,-25.167850494384766,-20.961666107177734,-18.912851333618164
-0.1008557453751564,-0.845901370048523,9.840618133544922,-25.199169158935547,-20.41611671447754,-19.280378341674805
-0.2421136498451233,1.2562077045440674,7.573308944702148,-25.199169158935547,-20.41611671447754,-19.280378341674805
-0.2421136498451233,1.2562077045440674,7.573308944702148,-25.298309326171875,-19.946943283081055,-19.580352783203125
0.2630629241466522,1.5447089672088623,10.184185981750488,-25.298309326171875,-19.946943283081055,-19.580352783203125
0.2630629241466522,1.5447089672088623,10.184185981750488,-25.40196990966797,-19.664859771728516,-19.772188186645508
-0.157119482755661,1.4381669759750366,8.333467483520508,-25.40196990966797,-19.664859771728516,-19.772188186645508
-0.157119482755661,1.4381669759750366,8.333467483520508,-25.487266540527344,-19.50322723388672,-19.98162269592285
-0.8861538767814636,1.7697639465332031,8.189815521240234,-25.487266540527344,-19.50322723388672,-19.98162269592285
-0.8861538767814636,1.7697639465332031,8.189815521240234,-25.530414581298828,-19.389877319335938,-20.248729705810547
-0.7544727921485901,2.2928969860076904,9.374945640563965,-25.530414581298828,-19.389877319335938,-20.248729705810547
-0.7544727921485901,2.2928969860076904,9.374945640563965,-25.50364875793457,-19.28903579711914,-20.498748779296875
-0.29718029499053955,1.9972131252288818,10.398467063903809,-25.50364875793457,-19.28903579711914,-20.498748779296875
-0.29718029499053955,1.9972131252288818,10.398467063903809,-25.448793411254883,-19.156394958496094,-20.740602493286133
-0.2397194504737854,2.3515548706054688,10.496628761291504,-25.448793411254883,-19.156394958496094,-20.740602493286133
-0.45759180188179016,0.5726631283760071,12.517334938049316,-25.448793411254883,-19.156394958496094,-20.740602493286133
-0.45759180188179016,0.5726631283760071,12.517334938049316,-25.432621002197266,-19.034826278686523,-20.97191619873047
1.0004770755767822,-0.4197334945201874,9.935189247131348,-25.432621002197266,-19.034826278686523,-20.97191619873047
1.0004770755767822,-0.4197334945201874,9.935189247131348,-25.471118927001953,-18.95085906982422,-21.152406692504883
-0.5066729187965393,1.0491092205047607,8.377760887145996,-25.471118927001953,-18.95085906982422,-21.152406692504883
-0.5066729187965393,1.0491092205047607,8.377760887145996,-25.552841186523438,-18.893224716186523,-21.248149871826172
-0.5509656667709351,0.8635586500167847,10.200944900512695,-25.552841186523438,-18.893224716186523,-21.248149871826172
-0.5509656667709351,0.8635586500167847,10.200944900512695,-25.622543334960938,-18.8513240814209,-21.259721755981445
-0.3833715617656708,1.507598876953125,7.968352317810059,-25.622543334960938,-18.8513240814209,-21.259721755981445
-0.3833715617656708,1.507598876953125,7.968352317810059,-25.623210906982422,-18.73451042175293,-21.261795043945313
0.19482816755771637,1.5399205684661865,8.813505172729492,-25.623210906982422,-18.73451042175293,-21.261795043945313
0.19482816755771637,1.5399205684661865,8.813505172729492,-25.533048629760742,-18.5390567779541,-21.341402053833008
0.19243396818637848,1.8008885383605957,10.252420425415039,-25.533048629760742,-18.5390567779541,-21.341402053833008
0.19243396818637848,1.8008885383605957,10.252420425415039,-25.359615325927734,-18.344741821289063,-21.533002853393555
-0.23493103682994843,1.441758394241333,10.066869735717773,-25.359615325927734,-18.344741821289063,-21.533002853393555
-0.7245453000068665,2.4245781898498535,10.150667190551758,-25.359615325927734,-18.344741821289063,-21.533002853393555
-0.7245453000068665,2.4245781898498535,10.150667190551758,-25.172496795654297,-18.172937393188477,-21.764907836914063
-1.3063362836837769,-0.2305915504693985,13.318196296691895,-25.172496795654297,-18.172937393188477,-21.764907836914063
-1.3063362836837769,-0.2305915504693985,13.318196296691895,-25.024133682250977,-18.087135314941406,-21.920663833618164
-1.3362637758255005,-0.6064811944961548,8.577676773071289,-25.024133682250977,-18.087135314941406,-21.920663833618164
-1.3362637758255005,-0.6064811944961548,8.577676773071289,-24.9731388092041,-18.12537384033203,-21.926740646362305
-0.27084407210350037,0.6385036706924438,9.930400848388672,-24.9731388092041,-18.12537384033203,-21.926740646362305
-0.27084407210350037,0.6385036706924438,9.930400848388672,-25.118953704833984,-18.223533630371094,-21.769405364990234
0.6150105595588684,1.1317092180252075,9.428814888000488,-25.118953704833984,-18.223533630371094,-21.769405364990234
0.6150105595588684,1.1317092180252075,9.428814888000488,-25.437114715576172,-18.281391143798828,-21.50743293762207
-0.5485714673995972,0.8922890424728394,7.975534915924072,-25.437114715576172,-18.281391143798828,-21.50743293762207
-0.5485714673995972,0.8922890424728394,7.975534915924072,-25.83234405517578,-18.26730728149414,-21.2143611907959
-1.0908581018447876,1.32085120677948,8.671050071716309,-25.83234405517578,-18.26730728149414,-21.2143611907959
-1.0908581018447876,1.32085120677948,8.671050071716309,-26.202632904052734,-18.320627212524414,-20.914958953857422
-1.017835021018982,2.4700679779052734,8.91525936126709,-26.202632904052734,-18.320627212524414,-20.914958953857422
-0.956782877445221,2.1085433959960938,10.058489799499512,-26.202632904052734,-18.320627212524414,-20.914958953857422
-0.956782877445221,2.1085433959960938,10.058489799499512,-26.429977416992188,-18.56053924560547,-20.60582733154297
-0.20260931551456451,2.391059398651123,10.130316734313965,-26.429977416992188,-18.56053924560547,-20.60582733154297
-0.20260931551456451,2.391059398651123,10.130316734313965,-26.51105499267578,-18.95754623413086,-20.295507431030273
-0.3139396905899048,1.6117466688156128,12.382062911987305,-26.51105499267578,-18.95754623413086,-20.295507431030273
-0.3139396905899048,1.6117466688156128,12.382062911987305,-26.522720336914063,-19.458209991455078,-19.988313674926758
-0.2588730454444885,-1.0781389474868774,12.310236930847168,-26.522720336914063,-19.458209991455078,-19.988313674926758
-0.2588730454444885,-1.0781389474868774,12.310236930847168,-26.474184036254883,-20.024734497070313,-19.702186584472656
0.5982511639595032,0.1536778211593628,7.451204776763916,-26.474184036254883,-20.024734497070313,-19.702186584472656
0.5982511639595032,0.1536778211593628,7.451204776763916,-26.34876823425293,-20.659027099609375,-19.40028953552246
-0.339078813791275,0.6516717672348022,9.984270095825195,-26.34876823425293,-20.659027099609375,-19.40028953552246
-0.339078813791275,0.6516717672348022,9.984270095825195,-26.178476333618164,-21.356828689575195,-18.99390983581543
-0.6874351501464844,1.6416741609573364,8.61239242553711,-26.178476333618164,-21.356828689575195,-18.99390983581543
-0.6874351501464844,1.6416741609573364,8.61239242553711,-26.003963470458984,-22.012807846069336,-18.543851852416992
0.39713820815086365,1.6943466663360596,7.8139262199401855,-26.003963470458984,-22.012807846069336,-18.543851852416992
0.42706573009490967,1.9768624305725098,8.905682563781738,-26.003963470458984,-22.012807846069336,-18.543851852416992
0.42706573009490967,1.9768624305725098,8.905682563781738,-25.837236404418945,-22.551944732666016,-18.15377426147461
-0.15472528338432312,2.3132476806640625,10.866533279418945,-25.837236404418945,-22.551944732666016,-18.15377426147461
-0.15472528338432312,2.3132476806640625,10.866533279418945,-25.690736770629883,-22.994537353515625,-17.869565963745117
-0.14155717194080353,1.8846856355667114,10.455927848815918,-25.690736770629883,-22.994537353515625,-17.869565963745117
-0.14155717194080353,1.8846856355667114,10.455927848815918,-25.57465362548828,-23.344642639160156,-17.741662979125977
0.15771803259849548,2.2079029083251953,9.432406425476074,-25.57465362548828,-23.344642639160156,-17.741662979125977
0.15771803259849548,2.2079029083251953,9.432406425476074,-25.47957992553711,-23.614261627197266,-17.688989639282227
-0.955585777759552,-1.0937012434005737,12.581978797912598,-25.47957992553711,-23.614261627197266,-17.688989639282227
-0.955585777759552,-1.0937012434005737,12.581978797912598,-25.421607971191406,-23.83330535888672,-17.567203521728516
-0.36900633573532104,1.0096049308776855,8.062923431396484,-25.421607971191406,-23.83330535888672,-17.567203521728516
-0.36900633573532104,1.0096049308776855,8.062923431396484,-25.40932846069336,-24.04256820678711,-17.354040145874023
0.038007952272892,1.0898107290267944,10.53373908996582,-25.40932846069336,-24.04256820678711,-17.354040145874023
0.038007952272892,1.0898107290267944,10.53373908996582,-25.421297073364258,-24.279966354370117,-17.131187438964844
0.4222773313522339,1.166425108909607,9.243264198303223,-25.421297073364258,-24.279966354370117,-17.131187438964844
0.4222773313522339,1.166425108909607,9.243264198303223,-25.4589786529541,-24.508546829223633,-16.98906135559082
-0.6251859068870544,1.079036831855774,8.959551811218262,-25.4589786529541,-24.508546829223633,-16.98906135559082
-1.2129623889923096,1.8990508317947388,8.665064811706543,-25.4589786529541,-24.508546829223633,-16.98906135559082
-1.2129623889923096,1.8990508317947388,8.665064811706543,-25.468488693237305,-24.72890853881836,-16.880630493164063
-0.35823243856430054,1.8056769371032715,10.369736671447754,-25.468488693237305,-24.72890853881836,-16.880630493164063
-0.35823243856430054,1.8056769371032715,10.369736671447754,-25.355438232421875,-25.033687591552734,-16.72728157043457
-0.5342062711715698,2.3144447803497314,10.099191665649414,-25.355438232421875,-25.033687591552734,-16.72728157043457
-0.5342062711715698,2.3144447803497314,10.099191665649414,-25.14025115966797,-25.425670623779297,-16.549846649169922
-0.9208698272705078,2.9129953384399414,9.365368843078613,-25.14025115966797,-25.425670623779297,-16.549846649169922
-0.9208698272705078,2.9129953384399414,9.365368843078613,-24.861148834228516,-25.864181518554688,-16.313552856445313
0.4701613485813141,1.2825438976287842,10.256011962890625,-24.861148834228516,-25.864181518554688,-16.313552856445313
0.4701613485813141,1.2825438976287842,10.256011962890625,-24.516048431396484,-26.370075225830078,-15.947464942932129
0.015263035893440247,1.3148655891418457,10.181791305541992,-24.516048431396484,-26.370075225830078,-15.947464942932129
0.015263035893440247,1.3148655891418457,10.181791305541992,-24.133512496948242,-26.92346954345703,-15.492884635925293
0.3827729821205139,0.9437643885612488,9.012224197387695,-24.133512496948242,-26.92346954345703,-15.492884635925293
0.3827729821205139,0.9437643885612488,9.012224197387695,-23.74283790588379,-27.48072624206543,-15.036544799804688
0.24750059843063354,1.4716858863830566,9.246855735778809,-23.74283790588379,-27.48072624206543,-15.036544799804688
-0.6766612529754639,1.4154220819473267,10.816254615783691,-23.74283790588379,-27.48072624206543,-15.036544799804688
-0.6766612529754639,1.4154220819473267,10.816254615783691,-23.367883682250977,-28.020240783691406,-14.636709213256836
-0.07332243025302887,1.7218799591064453,9.504232406616211,-23.367883682250977,-28.020240783691406,-14.636709213256836
-0.07332243025302887,1.7218799591064453,9.504232406616211,-22.9921817779541,-28.518707275390625,-14.38425064086914
0.233135387301445,1.6117466688156128,9.459939956665039,-22.9921817779541,-28.518707275390625,-14.38425064086914
0.233135387301445,1.6117466688156128,9.459939956665039,-22.58327865600586,-28.948383331298828,-14.318137168884277
-0.21936872601509094,1.6835726499557495,9.851391792297363,-22.58327865600586,-28.948383331298828,-14.318137168884277
-0.21936872601509094,1.6835726499557495,9.851391792297363,-22.18172836303711,-29.268394470214844,-14.354107856750488
-0.2696469724178314,2.0965723991394043,9.679009437561035,-22.18172836303711,-29.268394470214844,-14.354107856750488
-0.2696469724178314,2.0965723991394043,9.679009437561035,-21.854930877685547,-29.45618438720703,-14.39047622680664
-0.09487023949623108,1.8379987478256226,9.95673656463623,-21.854930877685547,-29.45618438720703,-14.39047622680664
-0.09487023949623108,1.8379987478256226,9.95673656463623,-21.620283126831055,-29.51066017150879,-14.403335571289063
0.09546878933906555,1.8619407415390015,9.330653190612793,-21.620283126831055,-29.51066017150879,-14.403335571289063
0.09546878933906555,1.8619407415390015,9.330653190612793,-21.49258804321289,-29.457687377929688,-14.43541431427002
0.02603694424033165,1.7170915603637695,9.682600975036621,-21.49258804321289,-29.457687377929688,-14.43541431427002
-0.009876081719994545,1.8092683553695679,9.49465560913086,-21.49258804321289,-29.457687377929688,-14.43541431427002
-0.009876081719994545,1.8092683553695679,9.49465560913086,-21.441255569458008,-29.380388259887695,-14.470322608947754
-0.15592238306999207,2.0055928230285645,9.64908218383789,-21.441255569458008,-29.380388259887695,-14.470322608947754
-0.15592238306999207,2.0055928230285645,9.64908218383789,-21.345827102661133,-29.315017700195313,-14.458431243896484
-0.34027591347694397,2.0498855113983154,9.884910583496094,-21.345827102661133,-29.315017700195313,-14.458431243896484
-0.34027591347694397,2.0498855113983154,9.884910583496094,-21.1822452545166,-29.27652931213379,-14.451286315917969
-0.3510498106479645,2.034323215484619,9.917232513427734,-21.1822452545166,-29.27652931213379,-14.451286315917969
-0.3510498106479645,2.034323215484619,9.917232513427734,-20.993755340576172,-29.275001525878906,-14.513805389404297
-0.3139396905899048,2.012775421142578,9.738863945007324,-20.993755340576172,-29.275001525878906,-14.513805389404297
-0.3139396905899048,2.012775421142578,9.738863945007324,-20.78944206237793,-29.299667358398438,-14.613714218139648
-0.4288613796234131,1.950526237487793,9.590423583984375,-20.78944206237793,-29.299667358398438,-14.613714218139648
-0.4288613796234131,1.950526237487793,9.590423583984375,-20.61802101135254,-29.389699935913086,-14.711702346801758
-0.36900633573532104,2.1600189208984375,9.421632766723633,-20.61802101135254,-29.389699935913086,-14.711702346801758
-0.36900633573532104,2.1600189208984375,9.421632766723633,-20.504487991333008,-29.509618759155273,-14.789377212524414
-0.2397194504737854,2.1779754161834717,9.79991626739502,-20.504487991333008,-29.509618759155273,-14.789377212524414
-0.17148469388484955,2.1145288944244385,9.860968589782715,-20.504487991333008,-29.509618759155273,-14.789377212524414
-0.17148469388484955,2.1145288944244385,9.860968589782715,-20.424585342407227,-29.595335006713867,-14.841971397399902
-0.08529343456029892,2.10136079788208,9.535357475280762,-20.424585342407227,-29.595335006713867,-14.841971397399902
-0.08529343456029892,2.10136079788208,9.535357475280762,-20.368310928344727,-29.647747039794922,-14.839187622070313
0.04638765752315521,2.1181204319000244,9.325864791870117,-20.368310928344727,-29.647747039794922,-14.839187622070313
0.04638765752315521,2.1181204319000244,9.325864791870117,-20.35920524597168,-29.64912986755371,-14.75277042388916
0.21877017617225647,2.1181204319000244,9.530569076538086,-20.35920524597168,-29.64912986755371,-14.75277042388916
0.21877017617225647,2.1181204319000244,9.530569076538086,-20.42391586303711,-29.617624282836914,-14.6847562789917
0.23672668635845184,1.8751088380813599,10.117148399353027,-20.42391586303711,-29.617624282836914,-14.6847562789917
0.23672668635845184,1.8751088380813599,10.117148399353027,-20.54405975341797,-29.601390838623047,-14.729722023010254
0.23672668635845184,2.0008044242858887,9.662249565124512,-20.54405975341797,-29.601390838623047,-14.729722023010254
0.23672668635845184,2.0008044242858887,9.662249565124512,-20.609163284301758,-29.57916831970215,-14.803248405456543
-0.114023856818676,2.1827638149261475,9.711331367492676,-20.609163284301758,-29.57916831970215,-14.803248405456543
-0.114023856818676,2.1827638149261475,9.711331367492676,-20.527868270874023,-29.558486938476563,-14.79338264465332
0.07631517946720123,2.0462942123413086,9.517400741577148,-20.527868270874023,-29.558486938476563,-14.79338264465332
0.41389763355255127,1.7350480556488037,9.604788780212402,-20.527868270874023,-29.558486938476563,-14.79338264465332
0.41389763355255127,1.7350480556488037,9.604788780212402,-20.35975456237793,-29.575626373291016,-14.753888130187988
0.4605845510959625,1.7817349433898926,9.667037963867188,-20.35975456237793,-29.575626373291016,-14.753888130187988
0.4605845510959625,1.7817349433898926,9.667037963867188,-20.133974075317383,-29.615684509277344,-14.757552146911621
0.3025672435760498,1.9241899251937866,9.719710350036621,-20.133974075317383,-29.615684509277344,-14.757552146911621
0.3025672435760498,1.9241899251937866,9.719710350036621,-19.84286880493164,-29.691743850708008,-14.805843353271484
-0.039803601801395416,2.14565372467041,9.838223457336426,-19.84286880493164,-29.691743850708008,-14.805843353271484
-0.039803601801395416,2.14565372467041,9.838223457336426,-19.487462997436523,-29.85242462158203,-14.865889549255371
-0.23253683745861053,2.192340612411499,9.898078918457031,-19.487462997436523,-29.85242462158203,-14.865889549255371
-0.23253683745861053,2.192340612411499,9.898078918457031,-19.03974151611328,-30.0959415435791,-14.878423690795898
-0.279223769903183,2.5287258625030518,10.06926441192627,-19.03974151611328,-30.0959415435791,-14.878423690795898
-0.279223769903183,2.5287258625030518,10.06926441192627,-18.587072372436523,-30.363798141479492,-14.832796096801758
0.052373163402080536,2.5742156505584717,9.907655715942383,-18.587072372436523,-30.363798141479492,-14.832796096801758
0.052373163402080536,2.5742156505584717,9.907655715942383,-18.22165298461914,-30.62325096130371,-14.71893310546875
0.9394248723983765,2.5825953483581543,9.124752044677734,-18.22165298461914,-30.62325096130371,-14.71893310546875
1.2530653476715088,2.0103812217712402,9.968708038330078,-18.22165298461914,-30.62325096130371,-14.71893310546875
1.2530653476715088,2.0103812217712402,9.968708038330078,-17.97848892211914,-30.88506507873535,-14.520793914794922
