0.2091933786869049,1.6584335565567017,9.79991626739502,-18.640838623046875,-12.251969337463379,-15.967790603637695
0.2091933786869049,1.6584335565567017,9.79991626739502,-18.58310317993164,-12.293208122253418,-15.934799194335938
0.203207865357399,1.7003321647644043,9.728090286254883,-18.58310317993164,-12.293208122253418,-15.934799194335938
0.203207865357399,1.7003321647644043,9.728090286254883,-18.402002334594727,-12.469696998596191,-15.843095779418945
0.1792658567428589,1.5878046751022339,9.916035652160645,-18.402002334594727,-12.469696998596191,-15.843095779418945
0.1792658567428589,1.5878046751022339,9.916035652160645,-18.1730899810791,-12.758319854736328,-15.733257293701172
0.15412673354148865,1.7194857597351074,9.459939956665039,-18.1730899810791,-12.758319854736328,-15.733257293701172
0.15412673354148865,1.7194857597351074,9.459939956665039,-17.983152389526367,-13.018617630004883,-15.620006561279297
0.1852513551712036,1.6991350650787354,9.79752254486084,-17.983152389526367,-13.018617630004883,-15.620006561279297
0.1852513551712036,1.6991350650787354,9.79752254486084,-17.841184616088867,-13.222108840942383,-15.502799987792969
0.23193828761577606,1.7254712581634521,9.769989013671875,-17.841184616088867,-13.222108840942383,-15.502799987792969
0.30376434326171875,1.77335524559021,9.609577178955078,-17.841184616088867,-13.222108840942383,-15.502799987792969
0.30376434326171875,1.77335524559021,9.609577178955078,-17.733734130859375,-13.374680519104004,-15.42340087890625
0.21039047837257385,1.7003321647644043,9.717316627502441,-17.733734130859375,-13.374680519104004,-15.42340087890625
0.21039047837257385,1.7003321647644043,9.717316627502441,-17.622798919677734,-13.43149185180664,-15.394274711608887
0.1505354344844818,1.6907553672790527,9.744850158691406,-17.622798919677734,-13.43149185180664,-15.394274711608887
0.1505354344844818,1.6907553672790527,9.744850158691406,-17.540407180786133,-13.414826393127441,-15.378426551818848
0.20560206472873688,1.8020856380462646,9.681403160095215,-17.540407180786133,-13.414826393127441,-15.378426551818848
0.20560206472873688,1.8020856380462646,9.681403160095215,-17.52920150756836,-13.38286304473877,-15.347314834594727
0.2786252200603485,1.7206828594207764,9.793931007385254,-17.52920150756836,-13.38286304473877,-15.347314834594727
0.2786252200603485,1.7206828594207764,9.793931007385254,-17.537710189819336,-13.341673851013184,-15.323320388793945
0.2618658244609833,1.6835726499557495,9.542539596557617,-17.537710189819336,-13.341673851013184,-15.323320388793945
0.2618658244609833,1.6835726499557495,9.542539596557617,-17.504470825195313,-13.304231643676758,-15.348712921142578
0.13617022335529327,1.630900263786316,9.876530647277832,-17.504470825195313,-13.304231643676758,-15.348712921142578
0.13617022335529327,1.630900263786316,9.876530647277832,-17.433124542236328,-13.292486190795898,-15.417409896850586
0.06075286865234375,1.7506103515625,9.47191047668457,-17.433124542236328,-13.292486190795898,-15.417409896850586
0.16250644624233246,1.672798752784729,9.88969898223877,-17.433124542236328,-13.292486190795898,-15.417409896850586
0.16250644624233246,1.672798752784729,9.88969898223877,-17.37420082092285,-13.29533863067627,-15.493189811706543
0.1900397539138794,1.6368857622146606,9.862165451049805,-17.37420082092285,-13.29533863067627,-15.493189811706543
0.1900397539138794,1.6368857622146606,9.862165451049805,-17.324623107910156,-13.304600715637207,-15.565598487854004
0.1397615224123001,1.5554828643798828,9.625140190124512,-17.324623107910156,-13.304600715637207,-15.565598487854004
0.1397615224123001,1.5554828643798828,9.625140190124512,-17.2150936126709,-13.26560115814209,-15.622063636779785
0.1445499211549759,1.5806220769882202,9.692177772521973,-17.2150936126709,-13.26560115814209,-15.622063636779785
0.1445499211549759,1.5806220769882202,9.692177772521973,-17.06562614440918,-13.161785125732422,-15.659734725952148
0.09068039059638977,1.5147814750671387,9.83104133605957,-17.06562614440918,-13.161785125732422,-15.659734725952148
0.09068039059638977,1.5147814750671387,9.83104133605957,-16.992650985717773,-13.047567367553711,-15.705719947814941
-0.0146644851192832,1.5997756719589233,9.77717113494873,-16.992650985717773,-13.047567367553711,-15.705719947814941
-0.0146644851192832,1.5997756719589233,9.77717113494873,-17.044891357421875,-12.934494972229004,-15.779559135437012
0.16849194467067719,1.7111060619354248,9.61676025390625,-17.044891357421875,-12.934494972229004,-15.779559135437012
0.3109469413757324,1.5566799640655518,9.644293785095215,-17.044891357421875,-12.934494972229004,-15.779559135437012
0.3109469413757324,1.5566799640655518,9.644293785095215,-17.17957878112793,-12.819609642028809,-15.86858081817627
0.022445641458034515,1.4932336807250977,9.65027904510498,-17.17957878112793,-12.819609642028809,-15.86858081817627
0.022445641458034515,1.4932336807250977,9.65027904510498,-17.310483932495117,-12.726603507995605,-15.955479621887207
-0.10923545062541962,1.6189292669296265,9.548524856567383,-17.310483932495117,-12.726603507995605,-15.955479621887207
-0.10923545062541962,1.6189292669296265,9.548524856567383,-17.347686767578125,-12.678950309753418,-16.02416229248047
-0.21338322758674622,1.6452654600143433,9.783157348632813,-17.347686767578125,-12.678950309753418,-16.02416229248047
-0.21338322758674622,1.6452654600143433,9.783157348632813,-17.299781799316406,-12.654144287109375,-16.062299728393555
-0.17986440658569336,1.7542016506195068,9.693374633789063,-17.299781799316406,-12.654144287109375,-16.062299728393555
-0.17986440658569336,1.7542016506195068,9.693374633789063,-17.253704071044922,-12.595675468444824,-16.11954116821289
0.3420715630054474,1.7242741584777832,10.149470329284668,-17.253704071044922,-12.595675468444824,-16.11954116821289
0.3420715630054474,1.7242741584777832,10.149470329284668,-17.24236488342285,-12.466718673706055,-16.207563400268555
-0.12000936269760132,1.9086276292800903,9.723301887512207,-17.24236488342285,-12.466718673706055,-16.207563400268555
-0.12000936269760132,1.9086276292800903,9.723301887512207,-17.216867446899414,-12.30488395690918,-16.26811981201172
-0.3378817141056061,1.9457378387451172,9.83104133605957,-17.216867446899414,-12.30488395690918,-16.26811981201172
-0.3378817141056061,1.9457378387451172,9.83104133605957,-17.140172958374023,-12.175877571105957,-16.320064544677734
-0.13916297256946564,1.9816508293151855,9.856180191040039,-17.140172958374023,-12.175877571105957,-16.320064544677734
-0.04818331077694893,1.9648914337158203,9.679009437561035,-17.140172958374023,-12.175877571105957,-16.320064544677734
-0.04818331077694893,1.9648914337158203,9.679009437561035,-17.05420684814453,-12.088088989257813,-16.41535186767578
0.005686229094862938,1.828421950340271,9.926809310913086,-17.05420684814453,-12.088088989257813,-16.41535186767578
0.005686229094862938,1.828421950340271,9.926809310913086,-17.013822555541992,-12.05385971069336,-16.5537109375
0.03082534670829773,1.9134160280227661,9.917232513427734,-17.013822555541992,-12.05385971069336,-16.5537109375
0.03082534670829773,1.9134160280227661,9.917232513427734,-17.052688598632813,-12.09322452545166,-16.709997177124023
-0.01227028388530016,2.192340612411499,9.724498748779297,-17.052688598632813,-12.09322452545166,-16.709997177124023
-0.01227028388530016,2.192340612411499,9.724498748779297,-17.15470314025879,-12.192936897277832,-16.83565902709961
0.25827449560165405,1.067065715789795,10.764780044555664,-17.15470314025879,-12.192936897277832,-16.83565902709961
0.25827449560165405,1.067065715789795,10.764780044555664,-17.20894432067871,-12.3264741897583,-16.888826370239258
0.08948329091072083,0.9856629371643066,10.165032386779785,-17.20894432067871,-12.3264741897583,-16.888826370239258
0.08948329091072083,0.9856629371643066,10.165032386779785,-17.147153854370117,-12.4827241897583,-16.905094146728516
0.7311293482780457,1.2047324180603027,8.484302520751953,-17.147153854370117,-12.4827241897583,-16.905094146728516
0.7311293482780457,1.2047324180603027,8.484302520751953,-17.042179107666016,-12.717863082885742,-16.958253860473633
1.5978304147720337,1.0131962299346924,8.988282203674316,-17.042179107666016,-12.717863082885742,-16.958253860473633
0.2882020175457001,0.9353846907615662,10.223690032958984,-17.042179107666016,-12.717863082885742,-16.958253860473633
0.2882020175457001,0.9353846907615662,10.223690032958984,-16.93736457824707,-13.051353454589844,-17.043254852294922
0.23433248698711395,1.7685668468475342,8.946383476257324,-16.93736457824707,-13.051353454589844,-17.043254852294922
0.23433248698711395,1.7685668468475342,8.946383476257324,-16.770893096923828,-13.398789405822754,-17.11838722229004
0.5922656655311584,1.7158944606781006,9.56169319152832,-16.770893096923828,-13.398789405822754,-17.11838722229004
0.5922656655311584,1.7158944606781006,9.56169319152832,-16.558446884155273,-13.651114463806152,-17.206924438476563
0.37798458337783813,1.7410335540771484,9.92441463470459,-16.558446884155273,-13.651114463806152,-17.206924438476563
0.37798458337783813,1.7410335540771484,9.92441463470459,-16.39084243774414,-13.783323287963867,-17.32557487487793
0.5838859677314758,1.4692916870117188,10.198551177978516,-16.39084243774414,-13.783323287963867,-17.32557487487793
0.5838859677314758,1.4692916870117188,10.198551177978516,-16.261333465576172,-13.864982604980469,-17.443368911743164
0.41389763355255127,1.0024223327636719,10.897658348083496,-16.261333465576172,-13.864982604980469,-17.443368911743164
0.41389763355255127,1.0024223327636719,10.897658348083496,-16.1179256439209,-13.914586067199707,-17.54568099975586
0.7359177470207214,0.3990834951400757,11.010185241699219,-16.1179256439209,-13.914586067199707,-17.54568099975586
0.7359177470207214,0.3990834951400757,11.010185241699219,-15.988018035888672,-13.939055442810059,-17.62034797668457
0.3181295394897461,0.1728314310312271,9.998635292053223,-15.988018035888672,-13.939055442810059,-17.62034797668457
-0.9053075313568115,0.21353286504745483,9.835829734802246,-15.988018035888672,-13.939055442810059,-17.62034797668457
-0.9053075313568115,0.21353286504745483,9.835829734802246,-15.93151569366455,-13.97142505645752,-17.66702651977539
-0.7077859044075012,0.2877531051635742,9.397690773010254,-15.93151569366455,-13.97142505645752,-17.66702651977539
-0.7077859044075012,0.2877531051635742,9.397690773010254,-15.921255111694336,-14.058890342712402,-17.707595825195313
-0.20141221582889557,1.0311527252197266,8.050951957702637,-15.921255111694336,-14.058890342712402,-17.707595825195313
-0.20141221582889557,1.0311527252197266,8.050951957702637,-15.893869400024414,-14.262579917907715,-17.73721694946289
-0.1595136821269989,1.1353005170822144,9.096020698547363,-15.893869400024414,-14.262579917907715,-17.73721694946289
-0.1595136821269989,1.1353005170822144,9.096020698547363,-15.855481147766113,-14.555684089660645,-17.7557430267334
-0.3199251890182495,1.6548422574996948,9.47191047668457,-15.855481147766113,-14.555684089660645,-17.7557430267334
-0.3199251890182495,1.6548422574996948,9.47191047668457,-15.819435119628906,-14.858211517333984,-17.781801223754883
-0.3115454912185669,1.8403929471969604,9.750835418701172,-15.819435119628906,-14.858211517333984,-17.781801223754883
-0.3115454912185669,1.8403929471969604,9.750835418701172,-15.766901969909668,-15.0971040725708,-17.814544677734375
-0.05177461355924606,1.5758336782455444,10.256011962890625,-15.766901969909668,-15.0971040725708,-17.814544677734375
-0.05177461355924606,1.5758336782455444,10.256011962890625,-15.716894149780273,-15.241816520690918,-17.852249145507813
-0.21458032727241516,1.9660885334014893,9.71013355255127,-15.716894149780273,-15.241816520690918,-17.852249145507813
0.2882020175457001,0.15487492084503174,13.030891418457031,-15.716894149780273,-15.241816520690918,-17.852249145507813
0.2882020175457001,0.15487492084503174,13.030891418457031,-15.686239242553711,-15.378886222839355,-17.876609802246094
1.247079849243164,0.7031471133232117,8.812308311462402,-15.686239242553711,-15.378886222839355,-17.876609802246094
1.247079849243164,0.7031471133232117,8.812308311462402,-15.654400825500488,-15.608887672424316,-17.873279571533203
0.289399117231369,0.694767415523529,10.37691879272461,-15.654400825500488,-15.608887672424316,-17.873279571533203
0.289399117231369,0.694767415523529,10.37691879272461,-15.636547088623047,-15.920220375061035,-17.8903751373291
0.14814123511314392,1.5758336782455444,7.84385347366333,-15.636547088623047,-15.920220375061035,-17.8903751373291
0.14814123511314392,1.5758336782455444,7.84385347366333,-15.637154579162598,-16.282995223999023,-17.93033790588379
0.4258686304092407,1.4202104806900024,9.116372108459473,-15.637154579162598,-16.282995223999023,-17.93033790588379
0.4258686304092407,1.4202104806900024,9.116372108459473,-15.596970558166504,-16.68100357055664,-17.907325744628906
0.32531216740608215,1.895459532737732,8.91884994506836,-15.596970558166504,-16.68100357055664,-17.907325744628906
0.32531216740608215,1.895459532737732,8.91884994506836,-15.471030235290527,-17.041790008544922,-17.817556381225586
0.10504560172557831,2.041505813598633,9.639505386352539,-15.471030235290527,-17.041790008544922,-17.817556381225586
0.10504560172557831,2.041505813598633,9.639505386352539,-15.304322242736816,-17.329877853393555,-17.754915237426758
-0.11522095650434494,1.6763900518417358,10.540922164916992,-15.304322242736816,-17.329877853393555,-17.754915237426758
-0.0553659126162529,1.8008885383605957,10.215310096740723,-15.304322242736816,-17.329877853393555,-17.754915237426758
-0.0553659126162529,1.8008885383605957,10.215310096740723,-15.159392356872559,-17.5592041015625,-17.767112731933594
-0.0793079286813736,1.3914800882339478,10.898855209350586,-15.159392356872559,-17.5592041015625,-17.767112731933594
-0.0793079286813736,1.3914800882339478,10.898855209350586,-15.086544036865234,-17.73981285095215,-17.837383270263672
-0.5892729163169861,0.8922890424728394,10.428394317626953,-15.086544036865234,-17.73981285095215,-17.837383270263672
-0.5892729163169861,0.8922890424728394,10.428394317626953,-15.095534324645996,-17.90264129638672,-17.962717056274414
-0.279223769903183,0.5618892312049866,9.730484962463379,-15.095534324645996,-17.90264129638672,-17.962717056274414
-0.279223769903183,0.5618892312049866,9.730484962463379,-15.125334739685059,-18.057735443115234,-18.114280700683594
-0.2660556733608246,0.9976339340209961,8.696189880371094,-15.125334739685059,-18.057735443115234,-18.114280700683594
-0.2660556733608246,0.9976339340209961,8.696189880371094,-15.159174919128418,-18.244415283203125,-18.20713233947754
0.0727238729596138,1.3711293935775757,8.182633399963379,-15.159174919128418,-18.244415283203125,-18.20713233947754
0.0727238729596138,1.3711293935775757,8.182633399963379,-15.212986946105957,-18.442218780517578,-18.21232032775879
-0.2289455384016037,1.4932336807250977,8.989479064941406,-15.212986946105957,-18.442218780517578,-18.21232032775879
-0.2289455384016037,1.4932336807250977,8.989479064941406,-15.257438659667969,-18.548439025878906,-18.174612045288086
-0.6084265112876892,1.772158145904541,9.670629501342773,-15.257438659667969,-18.548439025878906,-18.174612045288086
-0.37020343542099,1.685966968536377,10.992228507995605,-15.257438659667969,-18.548439025878906,-18.174612045288086
-0.37020343542099,1.685966968536377,10.992228507995605,-15.288620948791504,-18.62288475036621,-18.18161964416504
0.380378782749176,1.5207669734954834,10.416423797607422,-15.288620948791504,-18.62288475036621,-18.18161964416504
0.380378782749176,1.5207669734954834,10.416423797607422,-15.307291030883789,-18.74989891052246,-18.266326904296875
-0.574907660484314,1.2370541095733643,11.50698184967041,-15.307291030883789,-18.74989891052246,-18.266326904296875
-0.574907660484314,1.2370541095733643,11.50698184967041,-15.242060661315918,-18.934608459472656,-18.354881286621094
0.6449381113052368,-0.5645827054977417,11.04131031036377,-15.242060661315918,-18.934608459472656,-18.354881286621094
0.6449381113052368,-0.5645827054977417,11.04131031036377,-15.050698280334473,-19.17629051208496,-18.4112491607666
0.05357026308774948,1.1903671026229858,8.01384162902832,-15.050698280334473,-19.17629051208496,-18.4112491607666
0.05357026308774948,1.1903671026229858,8.01384162902832,-14.787492752075195,-19.438579559326172,-18.44933319091797
-0.07451952993869781,1.430984377861023,8.455572128295898,-14.787492752075195,-19.438579559326172,-18.44933319091797
-0.07451952993869781,1.430984377861023,8.455572128295898,-14.59156608581543,-19.749509811401367,-18.438152313232422
0.12060791254043579,1.2023382186889648,9.307908058166504,-14.59156608581543,-19.749509811401367,-18.438152313232422
0.12060791254043579,1.2023382186889648,9.307908058166504,-14.499547004699707,-20.088104248046875,-18.3891658782959
0.16490064561367035,1.748216152191162,8.799139976501465,-14.499547004699707,-20.088104248046875,-18.3891658782959
0.27144262194633484,1.8559552431106567,9.391705513000488,-14.499547004699707,-20.088104248046875,-18.3891658782959
0.27144262194633484,1.8559552431106567,9.391705513000488,-14.44237995147705,-20.331642150878906,-18.389551162719727
-0.2720411717891693,1.7841291427612305,10.364948272705078,-14.44237995147705,-20.331642150878906,-18.389551162719727
-0.2720411717891693,1.7841291427612305,10.364948272705078,-14.437915802001953,-20.432085037231445,-18.44643211364746
-0.513855516910553,1.7362451553344727,10.961104393005371,-14.437915802001953,-20.432085037231445,-18.44643211364746
-0.513855516910553,1.7362451553344727,10.961104393005371,-14.467756271362305,-20.436058044433594,-18.51903533935547
0.39474400877952576,0.5642834305763245,11.248408317565918,-14.467756271362305,-20.436058044433594,-18.51903533935547
0.39474400877952576,0.5642834305763245,11.248408317565918,-14.516319274902344,-20.442657470703125,-18.593021392822266
-0.15592238306999207,0.10100538283586502,10.789918899536133,-14.516319274902344,-20.442657470703125,-18.593021392822266
-0.15592238306999207,0.10100538283586502,10.789918899536133,-14.663185119628906,-20.490442276000977,-18.628276824951172
-1.0094553232192993,0.4816834628582001,9.5856351852417,-14.663185119628906,-20.490442276000977,-18.628276824951172
-1.0094553232192993,0.4816834628582001,9.5856351852417,-14.91040325164795,-20.49894905090332,-18.613319396972656
-0.6203975081443787,1.1580454111099243,7.971943378448486,-14.91040325164795,-20.49894905090332,-18.613319396972656
-0.6203975081443787,1.1580454111099243,7.971943378448486,-15.18960189819336,-20.41278648376465,-18.544343948364258
-0.09487023949623108,1.5219640731811523,8.028206825256348,-15.18960189819336,-20.41278648376465,-18.544343948364258
-0.2313397377729416,1.606958270072937,9.054122924804688,-15.18960189819336,-20.41278648376465,-18.544343948364258
-0.2313397377729416,1.606958270072937,9.054122924804688,-15.48653793334961,-20.257221221923828,-18.454975128173828
-0.6395511031150818,1.871517539024353,10.074052810668945,-15.48653793334961,-20.257221221923828,-18.454975128173828
-0.6395511031150818,1.871517539024353,10.074052810668945,-15.782651901245117,-20.091062545776367,-18.46428680419922
-0.5234323740005493,2.216282606124878,9.627533912658691,-15.782651901245117,-20.091062545776367,-18.46428680419922
-0.5234323740005493,2.216282606124878,9.627533912658691,-15.986762046813965,-19.95273780822754,-18.601364135742188
-0.29478609561920166,2.2294507026672363,10.842591285705566,-15.986762046813965,-19.95273780822754,-18.601364135742188
-0.29478609561920166,2.2294507026672363,10.842591285705566,-16.032297134399414,-19.846839904785156,-18.772321701049805
-0.26485857367515564,0.7342717051506042,13.23679256439209,-16.032297134399414,-19.846839904785156,-18.772321701049805
-0.26485857367515564,0.7342717051506042,13.23679256439209,-15.951845169067383,-19.868118286132813,-18.851390838623047
0.1505354344844818,0.657657265663147,9.620351791381836,-15.951845169067383,-19.868118286132813,-18.851390838623047
0.1505354344844818,0.657657265663147,9.620351791381836,-15.827147483825684,-20.06139373779297,-18.813186645507813
0.866401731967926,0.45175594091415405,8.930821418762207,-15.827147483825684,-20.06139373779297,-18.813186645507813
0.866401731967926,0.45175594091415405,8.930821418762207,-15.738996505737305,-20.323293685913086,-18.718286514282227
0.35763388872146606,0.6432920694351196,8.936806678771973,-15.738996505737305,-20.323293685913086,-18.718286514282227
-0.03381809964776039,1.4214075803756714,8.313117027282715,-15.738996505737305,-20.323293685913086,-18.718286514282227
-0.03381809964776039,1.4214075803756714,8.313117027282715,-15.735235214233398,-20.58262062072754,-18.5738582611084
0.01885433867573738,2.0905869007110596,8.64710807800293,-15.735235214233398,-20.58262062072754,-18.5738582611084
0.01885433867573738,2.0905869007110596,8.64710807800293,-15.780773162841797,-20.756391525268555,-18.43436622619629
0.28221651911735535,2.0965723991394043,9.929203033447266,-15.780773162841797,-20.756391525268555,-18.43436622619629
0.28221651911735535,2.0965723991394043,9.929203033447266,-15.832590103149414,-20.764171600341797,-18.382577896118164
0.0834977850317955,2.0534768104553223,10.673800468444824,-15.832590103149414,-20.764171600341797,-18.382577896118164
0.0834977850317955,2.0534768104553223,10.673800468444824,-15.918388366699219,-20.64165496826172,-18.415922164916992
-0.21098902821540833,1.8846856355667114,10.667814254760742,-15.918388366699219,-20.64165496826172,-18.415922164916992
-0.21098902821540833,1.8846856355667114,10.667814254760742,-16.00343132019043,-20.448165893554688,-18.47507667541504
0.01885433867573738,0.8599673509597778,10.603171348571777,-16.00343132019043,-20.448165893554688,-18.47507667541504
0.01885433867573738,0.8599673509597778,10.603171348571777,-16.021791458129883,-20.234344482421875,-18.452367782592773
-0.32950201630592346,0.19557635486125946,11.31185531616211,-16.021791458129883,-20.234344482421875,-18.452367782592773
-0.32950201630592346,0.19557635486125946,11.31185531616211,-16.029415130615234,-20.077880859375,-18.32907485961914
-0.49949032068252563,0.7270891070365906,9.397690773010254,-16.029415130615234,-20.077880859375,-18.32907485961914
-0.19303251802921295,1.3376106023788452,7.987505912780762,-16.029415130615234,-20.077880859375,-18.32907485961914
-0.19303251802921295,1.3376106023788452,7.987505912780762,-16.088134765625,-19.979785919189453,-18.223390579223633
0.04279635474085808,1.4142249822616577,8.205378532409668,-16.088134765625,-19.979785919189453,-18.223390579223633
0.04279635474085808,1.4142249822616577,8.205378532409668,-16.184377670288086,-19.863004684448242,-18.15528678894043
-0.44681790471076965,1.629703164100647,9.069684982299805,-16.184377670288086,-19.863004684448242,-18.15528678894043
-0.44681790471076965,1.629703164100647,9.069684982299805,-16.31247901916504,-19.677936553955078,-18.07737159729004
-0.5282207727432251,2.235436201095581,9.408464431762695,-16.31247901916504,-19.677936553955078,-18.07737159729004
-0.5282207727432251,2.235436201095581,9.408464431762695,-16.463430404663086,-19.430910110473633,-18.043184280395508
-0.009876081719994545,2.0259435176849365,10.311078071594238,-16.463430404663086,-19.430910110473633,-18.043184280395508
-0.009876081719994545,2.0259435176849365,10.311078071594238,-16.620153427124023,-19.178451538085938,-18.0613956451416
0.17208324372768402,1.8248306512832642,11.090391159057617,-16.620153427124023,-19.178451538085938,-18.0613956451416
0.17208324372768402,1.8248306512832642,11.090391159057617,-16.781599044799805,-18.965126037597656,-18.05153465270996
0.10145429521799088,0.2901473045349121,13.208062171936035,-16.781599044799805,-18.965126037597656,-18.05153465270996
0.10145429521799088,0.2901473045349121,13.208062171936035,-16.896848678588867,-18.771482467651367,-18.00547981262207
0.8532336354255676,0.30690672993659973,8.82906723022461,-16.896848678588867,-18.771482467651367,-18.00547981262207
0.44023382663726807,0.5714660286903381,9.118765830993652,-16.896848678588867,-18.771482467651367,-18.00547981262207
0.44023382663726807,0.5714660286903381,9.118765830993652,-16.892986297607422,-18.617321014404297,-17.926513671875
-0.26246437430381775,1.32085120677948,7.971943378448486,-16.892986297607422,-18.617321014404297,-17.926513671875
-0.26246437430381775,1.32085120677948,7.971943378448486,-16.7752685546875,-18.57851791381836,-17.7979736328125
-0.17747020721435547,1.2921206951141357,8.797943115234375,-16.7752685546875,-18.57851791381836,-17.7979736328125
-0.17747020721435547,1.2921206951141357,8.797943115234375,-16.593486785888672,-18.59424591064453,-17.71244239807129
0.13497312366962433,1.6344915628433228,9.342623710632324,-16.593486785888672,-18.59424591064453,-17.71244239807129
0.13497312366962433,1.6344915628433228,9.342623710632324,-16.38410186767578,-18.533926010131836,-17.771604537963867
-0.024241292849183083,1.8798972368240356,10.130316734313965,-16.38410186767578,-18.533926010131836,-17.771604537963867
-0.024241292849183083,1.8798972368240356,10.130316734313965,-16.169994354248047,-18.366750717163086,-17.962392807006836
-0.712574303150177,1.442955493927002,10.55648422241211,-16.169994354248047,-18.366750717163086,-17.962392807006836
-0.712574303150177,1.442955493927002,10.55648422241211,-15.98776626586914,-18.107406616210938,-18.244253158569336
-0.7688380479812622,2.035520315170288,9.858574867248535,-15.98776626586914,-18.107406616210938,-18.244253158569336
-0.7688380479812622,2.035520315170288,9.858574867248535,-15.85683822631836,-17.81414222717285,-18.54680633544922
-0.7472901940345764,-0.41853639483451843,13.466636657714844,-15.85683822631836,-17.81414222717285,-18.54680633544922
-0.4528034031391144,0.13452421128749847,9.692177772521973,-15.85683822631836,-17.81414222717285,-18.54680633544922
-0.4528034031391144,0.13452421128749847,9.692177772521973,-15.792823791503906,-17.521495819091797,-18.774606704711914
-0.3247136175632477,0.3140893280506134,9.761609077453613,-15.792823791503906,-17.521495819091797,-18.774606704711914
-0.3247136175632477,0.3140893280506134,9.761609077453613,-15.872414588928223,-17.155109405517578,-18.921607971191406
-0.38217443227767944,0.9940426349639893,7.980323314666748,-15.872414588928223,-17.155109405517578,-18.921607971191406
-0.38217443227767944,0.9940426349639893,7.980323314666748,-16.10380744934082,-16.69407081604004,-19.033910751342773
-0.2552817463874817,1.2993032932281494,7.896526336669922,-16.10380744934082,-16.69407081604004,-19.033910751342773
-0.2552817463874817,1.2993032932281494,7.896526336669922,-16.403133392333984,-16.22136116027832,-19.132158279418945
-0.7676409482955933,1.70512056350708,9.051728248596191,-16.403133392333984,-16.22136116027832,-19.132158279418945
-0.7676409482955933,1.70512056350708,9.051728248596191,-16.741628646850586,-15.82840347290039,-19.220733642578125
-0.7329249978065491,2.0235493183135986,9.822661399841309,-16.741628646850586,-15.82840347290039,-19.220733642578125
-0.7329249978065491,2.0235493183135986,9.822661399841309,-17.089557647705078,-15.576070785522461,-19.32015037536621
0.04040215536952019,1.429787278175354,11.079617500305176,-17.089557647705078,-15.576070785522461,-19.32015037536621
0.04040215536952019,1.429787278175354,11.079617500305176,-17.364870071411133,-15.506834030151367,-19.363821029663086
-0.22774843871593475,2.082207202911377,10.13510513305664,-17.364870071411133,-15.506834030151367,-19.363821029663086
0.2223614901304245,-0.3323451280593872,13.211653709411621,-17.364870071411133,-15.506834030151367,-19.363821029663086
0.2223614901304245,-0.3323451280593872,13.211653709411621,-17.518009185791016,-15.703702926635742,-19.223766326904297
0.2522889971733093,0.6815993189811707,8.64351749420166,-17.518009185791016,-15.703702926635742,-19.223766326904297
0.2522889971733093,0.6815993189811707,8.64351749420166,-17.52474594116211,-16.161895751953125,-18.924713134765625
-0.2959831953048706,0.937778890132904,8.649502754211426,-17.52474594116211,-16.161895751953125,-18.924713134765625
-0.2959831953048706,0.937778890132904,8.649502754211426,-17.410743713378906,-16.703678131103516,-18.567686080932617
-0.14036007225513458,1.2274773120880127,7.634361267089844,-17.410743713378906,-16.703678131103516,-18.567686080932617
-0.14036007225513458,1.2274773120880127,7.634361267089844,-17.20391273498535,-17.186376571655273,-18.162921905517578
0.10384850203990936,1.5985785722732544,8.28558349609375,-17.20391273498535,-17.186376571655273,-18.162921905517578
0.10384850203990936,1.5985785722732544,8.28558349609375,-16.902965545654297,-17.545305252075195,-17.72476577758789
0.029628245159983635,2.2079029083251953,9.064896583557129,-16.902965545654297,-17.545305252075195,-17.72476577758789
0.029628245159983635,2.2079029083251953,9.064896583557129,-16.575403213500977,-17.724580764770508,-17.357393264770508
-0.4887164235115051,1.9457378387451172,10.833014488220215,-16.575403213500977,-17.724580764770508,-17.357393264770508
-0.4887164235115051,1.9457378387451172,10.833014488220215,-16.29997444152832,-17.70833396911621,-17.146039962768555
-0.756866991519928,1.3902829885482788,11.392060279846191,-16.29997444152832,-17.70833396911621,-17.146039962768555
-0.43005847930908203,0.24346038699150085,10.77076530456543,-16.29997444152832,-17.70833396911621,-17.146039962768555
-0.43005847930908203,0.24346038699150085,10.77076530456543,-16.128713607788086,-17.50295066833496,-17.067535400390625
0.22116437554359436,-0.8135796785354614,11.451915740966797,-16.128713607788086,-17.50295066833496,-17.067535400390625
0.22116437554359436,-0.8135796785354614,11.451915740966797,-16.123580932617188,-17.115928649902344,-17.043272018432617
0.2630629241466522,-0.16475100815296173,9.993846893310547,-16.123580932617188,-17.115928649902344,-17.043272018432617
0.2630629241466522,-0.16475100815296173,9.993846893310547,-16.32252311706543,-16.545570373535156,-17.041475296020508
-0.2696469724178314,0.8527846932411194,8.665064811706543,-16.32252311706543,-16.545570373535156,-17.041475296020508
-0.2696469724178314,0.8527846932411194,8.665064811706543,-16.686771392822266,-15.843851089477539,-17.07550621032715
-0.06015431880950928,1.1137527227401733,8.404096603393555,-16.686771392822266,-15.843851089477539,-17.07550621032715
-0.06015431880950928,1.1137527227401733,8.404096603393555,-17.107345581054688,-15.094589233398438,-17.1446533203125
0.004489128012210131,1.3723264932632446,8.665064811706543,-17.107345581054688,-15.094589233398438,-17.1446533203125
0.004489128012210131,1.3723264932632446,8.665064811706543,-17.512805938720703,-14.371970176696777,-17.200389862060547
-0.25169044733047485,1.8966566324234009,9.1893949508667,-17.512805938720703,-14.371970176696777,-17.200389862060547
-0.25169044733047485,1.8966566324234009,9.1893949508667,-17.9215087890625,-13.755640029907227,-17.139713287353516
-0.4097077548503876,1.9313726425170898,10.174609184265137,-17.9215087890625,-13.755640029907227,-17.139713287353516
0.5360019207000732,1.7350480556488037,10.487051963806152,-17.9215087890625,-13.755640029907227,-17.139713287353516
0.5360019207000732,1.7350480556488037,10.487051963806152,-18.325084686279297,-13.279088020324707,-16.944721221923828
0.5790975093841553,-0.05342062562704086,12.852523803710938,-18.325084686279297,-13.279088020324707,-16.944721221923828
0.5790975093841553,-0.05342062562704086,12.852523803710938,-18.68756103515625,-12.963631629943848,-16.707691192626953
0.7502829432487488,-0.02588730677962303,10.102783203125,-18.68756103515625,-12.963631629943848,-16.707691192626953
0.7502829432487488,-0.02588730677962303,10.102783203125,-19.01638412475586,-12.804058074951172,-16.481006622314453
0.5204395651817322,0.6325181722640991,9.192986488342285,-19.01638412475586,-12.804058074951172,-16.481006622314453
0.5204395651817322,0.6325181722640991,9.192986488342285,-19.32177734375,-12.775262832641602,-16.287641525268555
0.20201076567173004,1.0945991277694702,8.782381057739258,-19.32177734375,-12.775262832641602,-16.287641525268555
0.20201076567173004,1.0945991277694702,8.782381057739258,-19.613258361816406,-12.91360092163086,-16.131973266601563
0.027234043926000595,1.5961843729019165,8.304737091064453,-19.613258361816406,-12.91360092163086,-16.131973266601563
0.027234043926000595,1.5961843729019165,8.304737091064453,-19.898128509521484,-13.261085510253906,-16.025127410888672
0.1613093465566635,1.9565117359161377,8.487894058227539,-19.898128509521484,-13.261085510253906,-16.025127410888672
0.1613093465566635,1.9565117359161377,8.487894058227539,-20.148193359375,-13.738639831542969,-15.987491607666016
0.27383682131767273,2.0462942123413086,9.506627082824707,-20.148193359375,-13.738639831542969,-15.987491607666016
-0.114023856818676,1.5985785722732544,11.062857627868652,-20.148193359375,-13.738639831542969,-15.987491607666016
-0.114023856818676,1.5985785722732544,11.062857627868652,-20.3486270904541,-14.233267784118652,-15.99035930633545
0.01885433867573738,1.8643349409103394,9.99145221710205,-20.3486270904541,-14.233267784118652,-15.99035930633545
0.01885433867573738,1.8643349409103394,9.99145221710205,-20.51042366027832,-14.745353698730469,-16.01200294494629
-0.3678092360496521,0.5774515271186829,10.946739196777344,-20.51042366027832,-14.745353698730469,-16.01200294494629
-0.3678092360496521,0.5774515271186829,10.946739196777344,-20.646482467651367,-15.312867164611816,-16.054826736450195
-0.24570494890213013,-0.70224928855896,11.761964797973633,-20.646482467651367,-15.312867164611816,-16.054826736450195
-0.24570494890213013,-0.70224928855896,11.761964797973633,-20.801048278808594,-15.89348030090332,-16.132280349731445
-0.17387889325618744,0.423025518655777,9.171438217163086,-20.801048278808594,-15.89348030090332,-16.132280349731445
-0.17387889325618744,0.423025518655777,9.171438217163086,-21.008085250854492,-16.390155792236328,-16.260425567626953
-2.992752124555409E-4,1.4166191816329956,7.524227619171143,-21.008085250854492,-16.390155792236328,-16.260425567626953
-2.992752124555409E-4,1.4166191816329956,7.524227619171143,-21.248682022094727,-16.797908782958984,-16.40390968322754
-0.30196869373321533,1.5734394788742065,8.541763305664063,-21.248682022094727,-16.797908782958984,-16.40390968322754
-0.30196869373321533,1.5734394788742065,8.541763305664063,-21.47417640686035,-17.173198699951172,-16.485076904296875
-0.7472901940345764,1.8846856355667114,9.161861419677734,-21.47417640686035,-17.173198699951172,-16.485076904296875
-0.4875193238258362,2.017563819885254,9.549722671508789,-21.47417640686035,-17.173198699951172,-16.485076904296875
-0.4875193238258362,2.017563819885254,9.549722671508789,-21.672561645507813,-17.532926559448242,-16.462678909301758
0.16968904435634613,1.6823755502700806,10.238055229187012,-21.672561645507813,-17.532926559448242,-16.462678909301758
0.16968904435634613,1.6823755502700806,10.238055229187012,-21.843469619750977,-17.83049964904785,-16.4117488861084
0.4569932520389557,1.3160626888275146,10.327837944030762,-21.843469619750977,-17.83049964904785,-16.4117488861084
0.4569932520389557,1.3160626888275146,10.327837944030762,-21.975671768188477,-17.998247146606445,-16.43975257873535
0.9741408228874207,0.2793734073638916,12.131869316101074,-21.975671768188477,-17.998247146606445,-16.43975257873535
0.9741408228874207,0.2793734073638916,12.131869316101074,-22.087961196899414,-18.054285049438477,-16.549396514892578
1.004068374633789,0.3356371521949768,9.868151664733887,-22.087961196899414,-18.054285049438477,-16.549396514892578
1.004068374633789,0.3356371521949768,9.868151664733887,-22.160261154174805,-18.045879364013672,-16.717567443847656
0.9837176203727722,0.46013563871383667,9.452756881713867,-22.160261154174805,-18.045879364013672,-16.717567443847656
0.9837176203727722,0.46013563871383667,9.452756881713867,-22.166160583496094,-18.041351318359375,-16.954627990722656
-0.05656301602721214,1.0503063201904297,8.891317367553711,-22.166160583496094,-18.041351318359375,-16.954627990722656
-0.05656301602721214,1.0503063201904297,8.891317367553711,-22.09794044494629,-18.113800048828125,-17.243642807006836
-0.24690204858779907,1.4513351917266846,8.806323051452637,-22.09794044494629,-18.113800048828125,-17.243642807006836
0.038007952272892,1.5207669734954834,9.280374526977539,-22.09794044494629,-18.113800048828125,-17.243642807006836
0.038007952272892,1.5207669734954834,9.280374526977539,-21.933595657348633,-18.233415603637695,-17.566240310668945
0.31214404106140137,1.992424726486206,9.415647506713867,-21.933595657348633,-18.233415603637695,-17.566240310668945
0.31214404106140137,1.992424726486206,9.415647506713867,-21.681644439697266,-18.32713508605957,-17.915246963500977
0.10504560172557831,1.994818925857544,10.190171241760254,-21.681644439697266,-18.32713508605957,-17.915246963500977
0.10504560172557831,1.994818925857544,10.190171241760254,-21.412988662719727,-18.373435974121094,-18.273761749267578
0.18405425548553467,1.2274773120880127,10.843788146972656,-21.412988662719727,-18.373435974121094,-18.273761749267578
0.18405425548553467,1.2274773120880127,10.843788146972656,-21.206031799316406,-18.371431350708008,-18.631824493408203
-0.530614972114563,2.107346296310425,8.866177558898926,-21.206031799316406,-18.371431350708008,-18.631824493408203
-0.530614972114563,2.107346296310425,8.866177558898926,-21.094253540039063,-18.346752166748047,-18.935287475585938
0.03321954980492592,-0.3431190252304077,12.426355361938477,-21.094253540039063,-18.346752166748047,-18.935287475585938
0.03321954980492592,-0.3431190252304077,12.426355361938477,-21.083057403564453,-18.365619659423828,-19.169095993041992
0.30855274200439453,0.21353286504745483,9.811887741088867,-21.083057403564453,-18.365619659423828,-19.169095993041992
0.30855274200439453,0.21353286504745483,9.811887741088867,-21.17984390258789,-18.418041229248047,-19.389333724975586
0.07152677327394485,0.9880571365356445,8.378957748413086,-21.17984390258789,-18.418041229248047,-19.389333724975586
-0.14754268527030945,1.3890858888626099,8.475922584533691,-21.17984390258789,-18.418041229248047,-19.389333724975586
-0.14754268527030945,1.3890858888626099,8.475922584533691,-21.39151954650879,-18.44312286376953,-19.592485427856445
-0.24690204858779907,1.6787842512130737,8.760832786560059,-21.39151954650879,-18.44312286376953,-19.592485427856445
-0.24690204858779907,1.6787842512130737,8.760832786560059,-21.624414443969727,-18.433683395385742,-19.772005081176758
-0.13198037445545197,1.7314567565917969,9.67541790008545,-21.624414443969727,-18.433683395385742,-19.772005081176758
-0.13198037445545197,1.7314567565917969,9.67541790008545,-21.788345336914063,-18.434368133544922,-19.945938110351563
0.1505354344844818,1.530343770980835,10.601974487304688,-21.788345336914063,-18.434368133544922,-19.945938110351563
0.1505354344844818,1.530343770980835,10.601974487304688,-21.895137786865234,-18.456249237060547,-20.082773208618164
0.4007295072078705,1.5219640731811523,10.489446640014648,-21.895137786865234,-18.456249237060547,-20.082773208618164
0.4007295072078705,1.5219640731811523,10.489446640014648,-21.994735717773438,-18.475675582885742,-20.133563995361328
-0.6503250598907471,1.8368016481399536,10.386495590209961,-21.994735717773438,-18.475675582885742,-20.133563995361328
-0.6503250598907471,1.8368016481399536,10.386495590209961,-22.12067222595215,-18.531320571899414,-20.100210189819336
0.7095815539360046,0.2446574866771698,10.581623077392578,-22.12067222595215,-18.531320571899414,-20.100210189819336
0.7095815539360046,0.2446574866771698,10.581623077392578,-22.20951271057129,-18.62624168395996,-20.066268920898438
0.20440496504306793,1.6141408681869507,9.383325576782227,-22.20951271057129,-18.62624168395996,-20.066268920898438
0.8903437852859497,0.6732195615768433,9.769989013671875,-22.20951271057129,-18.62624168395996,-20.066268920898438
0.8903437852859497,0.6732195615768433,9.769989013671875,-22.213563919067383,-18.712879180908203,-20.104745864868164
0.1553238332271576,1.3950713872909546,8.302343368530273,-22.213563919067383,-18.712879180908203,-20.104745864868164
0.1553238332271576,1.3950713872909546,8.302343368530273,-22.1845645904541,-18.836145401000977,-20.13719940185547
-0.03381809964776039,1.8631378412246704,8.566902160644531,-22.1845645904541,-18.836145401000977,-20.13719940185547
-0.03381809964776039,1.8631378412246704,8.566902160644531,-22.178512573242188,-19.034984588623047,-20.06962776184082
0.2858078181743622,2.0726304054260254,9.052925109863281,-22.178512573242188,-19.034984588623047,-20.06962776184082
0.2858078181743622,2.0726304054260254,9.052925109863281,-22.242351531982422,-19.24704360961914,-19.926420211791992
0.09068039059638977,1.9565117359161377,10.169820785522461,-22.242351531982422,-19.24704360961914,-19.926420211791992
0.09068039059638977,1.9565117359161377,10.169820785522461,-22.38467025756836,-19.41519546508789,-19.758943557739258
0.10025719553232193,1.8415900468826294,10.507403373718262,-22.38467025756836,-19.41519546508789,-19.758943557739258
0.10025719553232193,1.8415900468826294,10.507403373718262,-22.569286346435547,-19.537338256835938,-19.588287353515625
-0.01227028388530016,2.720262050628662,9.634716987609863,-22.569286346435547,-19.537338256835938,-19.588287353515625
-0.01227028388530016,2.720262050628662,9.634716987609863,-22.787044525146484,-19.638071060180664,-19.400409698486328
0.20560206472873688,0.36915597319602966,11.86850643157959,-22.787044525146484,-19.638071060180664,-19.400409698486328
-0.3594295382499695,0.674416720867157,9.40367603302002,-22.787044525146484,-19.638071060180664,-19.400409698486328
-0.3594295382499695,0.674416720867157,9.40367603302002,-23.00226593017578,-19.7498722076416,-19.216754913330078
-0.4288613796234131,1.0706570148468018,9.663447380065918,-23.00226593017578,-19.7498722076416,-19.216754913330078
-0.4288613796234131,1.0706570148468018,9.663447380065918,-23.16542625427246,-19.886072158813477,-19.0632266998291
0.07392098009586334,1.6189292669296265,8.177845001220703,-23.16542625427246,-19.886072158813477,-19.0632266998291
0.07392098009586334,1.6189292669296265,8.177845001220703,-23.287914276123047,-20.039953231811523,-18.8802490234375
-0.35583823919296265,1.8344074487686157,8.820688247680664,-23.287914276123047,-20.039953231811523,-18.8802490234375
-0.35583823919296265,1.8344074487686157,8.820688247680664,-23.46570587158203,-20.196556091308594,-18.628704071044922
-0.3462614119052887,1.993621826171875,9.218125343322754,-23.46570587158203,-20.196556091308594,-18.628704071044922
-0.3462614119052887,1.993621826171875,9.218125343322754,-23.74193572998047,-20.33995819091797,-18.34471893310547
0.14574703574180603,1.6919524669647217,10.141090393066406,-23.74193572998047,-20.33995819091797,-18.34471893310547
0.14574703574180603,1.6919524669647217,10.141090393066406,-24.035242080688477,-20.47340965270996,-18.101459503173828
0.38995561003685,1.7218799591064453,10.495431900024414,-24.035242080688477,-20.47340965270996,-18.101459503173828
0.38995561003685,1.7218799591064453,10.495431900024414,-24.295133590698242,-20.641674041748047,-17.9093074798584
0.745494544506073,2.1588218212127686,10.038139343261719,-24.295133590698242,-20.641674041748047,-17.9093074798584
0.3959411084651947,0.8049007058143616,11.891251564025879,-24.295133590698242,-20.641674041748047,-17.9093074798584
0.3959411084651947,0.8049007058143616,11.891251564025879,-24.405141830444336,-20.95821189880371,-17.68887710571289
-0.29478609561920166,1.5590741634368896,9.844209671020508,-24.405141830444336,-20.95821189880371,-17.68887710571289
-0.29478609561920166,1.5590741634368896,9.844209671020508,-24.232088088989258,-21.497343063354492,-17.424346923828125
-0.12360066175460815,1.7350480556488037,8.80392837524414,-24.232088088989258,-21.497343063354492,-17.424346923828125
-0.12360066175460815,1.7350480556488037,8.80392837524414,-23.826139450073242,-22.176273345947266,-17.1663761138916
0.29538464546203613,0.9258078932762146,9.571269989013672,-23.826139450073242,-22.176273345947266,-17.1663761138916
0.29538464546203613,0.9258078932762146,9.571269989013672,-23.339834213256836,-22.84530258178711,-16.954360961914063
-0.30795419216156006,1.751807451248169,9.125948905944824,-23.339834213256836,-22.84530258178711,-16.954360961914063
-0.30795419216156006,1.751807451248169,9.125948905944824,-22.88667869567871,-23.401906967163086,-16.806262969970703
-0.26725277304649353,2.1384711265563965,8.9727201461792,-22.88667869567871,-23.401906967163086,-16.806262969970703
-0.26725277304649353,2.1384711265563965,8.9727201461792,-22.506072998046875,-23.82762336730957,-16.72625732421875
-0.15113398432731628,2.171989917755127,9.509020805358887,-22.506072998046875,-23.82762336730957,-16.72625732421875
-0.15113398432731628,2.171989917755127,9.509020805358887,-22.21071434020996,-24.14779281616211,-16.711103439331055
0.15173253417015076,1.7470190525054932,10.13749885559082,-22.21071434020996,-24.14779281616211,-16.711103439331055
0.15173253417015076,1.7470190525054932,10.13749885559082,-21.998046875,-24.370670318603516,-16.721675872802734
0.19243396818637848,2.197129011154175,9.959131240844727,-21.998046875,-24.370670318603516,-16.721675872802734
-0.19901801645755768,0.5942109227180481,11.022156715393066,-21.998046875,-24.370670318603516,-16.721675872802734
-0.19901801645755768,0.5942109227180481,11.022156715393066,-21.883464813232422,-24.49471092224121,-16.684707641601563
-0.1463455855846405,0.6277297735214233,10.062081336975098,-21.883464813232422,-24.49471092224121,-16.684707641601563
-0.1463455855846405,0.6277297735214233,10.062081336975098,-21.912639617919922,-24.522249221801758,-16.607606887817383
-0.5557540655136108,0.8958803415298462,10.115951538085938,-21.912639617919922,-24.522249221801758,-16.607606887817383
-0.5557540655136108,0.8958803415298462,10.115951538085938,-22.087177276611328,-24.42401885986328,-16.543100357055664
-0.5689221620559692,1.3160626888275146,9.275586128234863,-22.087177276611328,-24.42401885986328,-16.543100357055664
-0.5689221620559692,1.3160626888275146,9.275586128234863,-22.313077926635742,-24.21918296813965,-16.464385986328125
-0.18584990501403809,1.3819032907485962,9.376142501831055,-22.313077926635742,-24.21918296813965,-16.464385986328125
-0.18584990501403809,1.3819032907485962,9.376142501831055,-22.49405288696289,-24.061721801757813,-16.377973556518555
-0.23612813651561737,1.3519757986068726,9.005041122436523,-22.49405288696289,-24.061721801757813,-16.377973556518555
-0.23612813651561737,1.3519757986068726,9.005041122436523,-22.63423728942871,-24.057024002075195,-16.32148551940918
-0.4025251567363739,1.2119150161743164,10.106374740600586,-22.63423728942871,-24.057024002075195,-16.32148551940918
-0.4025251567363739,1.2119150161743164,10.106374740600586,-22.751935958862305,-24.167461395263672,-16.273977279663086
-0.04100070521235466,1.1329063177108765,10.106374740600586,-22.751935958862305,-24.167461395263672,-16.273977279663086
0.0727238729596138,1.70512056350708,9.170241355895996,-22.751935958862305,-24.167461395263672,-16.273977279663086
0.0727238729596138,1.70512056350708,9.170241355895996,-22.827346801757813,-24.3275146484375,-16.182424545288086
0.3312976658344269,0.8875006437301636,9.969904899597168,-22.827346801757813,-24.3275146484375,-16.182424545288086
0.3312976658344269,0.8875006437301636,9.969904899597168,-22.867631912231445,-24.496078491210938,-16.02198028564453
0.3456628620624542,1.0934020280838013,10.2608003616333,-22.867631912231445,-24.496078491210938,-16.02198028564453
0.3456628620624542,1.0934020280838013,10.2608003616333,-22.81718635559082,-24.701316833496094,-15.85214900970459
0.04040215536952019,1.462109088897705,9.541342735290527,-22.81718635559082,-24.701316833496094,-15.85214900970459
0.04040215536952019,1.462109088897705,9.541342735290527,-22.535444259643555,-24.998912811279297,-15.736196517944336
0.01885433867573738,1.4788684844970703,9.735273361206055,-22.535444259643555,-24.998912811279297,-15.736196517944336
0.01885433867573738,1.4788684844970703,9.735273361206055,-22.009307861328125,-25.364185333251953,-15.66068172454834
0.03681085258722305,1.3950713872909546,9.704148292541504,-22.009307861328125,-25.364185333251953,-15.66068172454834
0.03681085258722305,1.3950713872909546,9.704148292541504,-21.37163543701172,-25.780195236206055,-15.602934837341309
0.19602526724338531,1.1843816041946411,9.705345153808594,-21.37163543701172,-25.780195236206055,-15.602934837341309
0.19602526724338531,1.1843816041946411,9.705345153808594,-20.716197967529297,-26.24530792236328,-15.556855201721191
0.19722236692905426,1.387888789176941,9.813084602355957,-20.716197967529297,-26.24530792236328,-15.556855201721191
-0.027832595631480217,1.4944307804107666,9.749638557434082,-20.716197967529297,-26.24530792236328,-15.556855201721191
-0.027832595631480217,1.4944307804107666,9.749638557434082,-20.066558837890625,-26.732521057128906,-15.517221450805664
0.07032967358827591,1.6380828619003296,9.631125450134277,-20.066558837890625,-26.732521057128906,-15.517221450805664
0.07032967358827591,1.6380828619003296,9.631125450134277,-19.490558624267578,-27.1998233795166,-15.505009651184082
0.10384850203990936,1.7158944606781006,9.778368949890137,-19.490558624267578,-27.1998233795166,-15.505009651184082
0.10384850203990936,1.7158944606781006,9.778368949890137,-19.03900718688965,-27.56511116027832,-15.516557693481445
-0.09846154600381851,1.7314567565917969,9.937582969665527,-19.03900718688965,-27.56511116027832,-15.516557693481445
-0.09846154600381851,1.7314567565917969,9.937582969665527,-18.686792373657227,-27.784624099731445,-15.528921127319336
0.02843114547431469,1.5686510801315308,10.077643394470215,-18.686792373657227,-27.784624099731445,-15.528921127319336
0.02843114547431469,1.5686510801315308,10.077643394470215,-18.451745986938477,-27.85806655883789,-15.539225578308105
0.1505354344844818,1.70512056350708,9.603591918945313,-18.451745986938477,-27.85806655883789,-15.539225578308105
0.1505354344844818,1.70512056350708,9.603591918945313,-18.376924514770508,-27.822465896606445,-15.530011177062988
0.09546878933906555,1.749413251876831,9.544934272766113,-18.376924514770508,-27.822465896606445,-15.530011177062988
0.09546878933906555,1.749413251876831,9.544934272766113,-18.41817855834961,-27.71708869934082,-15.488557815551758
0.0834977850317955,1.82961905002594,9.785551071166992,-18.41817855834961,-27.71708869934082,-15.488557815551758
0.1852513551712036,1.8248306512832642,9.737667083740234,-18.41817855834961,-27.71708869934082,-15.488557815551758
0.1852513551712036,1.8248306512832642,9.737667083740234,-18.531448364257813,-27.54151725769043,-15.464653968811035
0.15173253417015076,1.8176480531692505,9.882516860961914,-18.531448364257813,-27.54151725769043,-15.464653968811035
0.15173253417015076,1.8176480531692505,9.882516860961914,-18.706172943115234,-27.33418083190918,-15.503351211547852
0.0834977850317955,1.8631378412246704,9.644293785095215,-18.706172943115234,-27.33418083190918,-15.503351211547852
0.0834977850317955,1.8631378412246704,9.644293785095215,-18.842670440673828,-27.185710906982422,-15.54779052734375
0.024839842692017555,1.9110218286514282,9.614365577697754,-18.842670440673828,-27.185710906982422,-15.54779052734375
0.024839842692017555,1.9110218286514282,9.614365577697754,-18.87615394592285,-27.144237518310547,-15.561429023742676
0.009277531877160072,1.8559552431106567,9.653870582580566,-18.87615394592285,-27.144237518310547,-15.561429023742676
0.009277531877160072,1.8559552431106567,9.653870582580566,-18.79607391357422,-27.219804763793945,-15.549412727355957
-0.08170213550329208,1.8535610437393188,9.506627082824707,-18.79607391357422,-27.219804763793945,-15.549412727355957
-0.08170213550329208,1.8535610437393188,9.506627082824707,-18.562143325805664,-27.41054344177246,-15.461538314819336
-0.06853402405977249,1.873911738395691,9.537751197814941,-18.562143325805664,-27.41054344177246,-15.461538314819336
-0.06853402405977249,1.873911738395691,9.537751197814941,-18.144332885742188,-27.65976905822754,-15.313591957092285
0.27144262194633484,1.7601871490478516,9.928006172180176,-18.144332885742188,-27.65976905822754,-15.313591957092285
0.5958569645881653,1.6943466663360596,9.859771728515625,-18.144332885742188,-27.65976905822754,-15.313591957092285
0.5958569645881653,1.6943466663360596,9.859771728515625,-17.490474700927734,-27.94532012939453,-15.190986633300781
0.8077437877655029,1.463306188583374,9.781959533691406,-17.490474700927734,-27.94532012939453,-15.190986633300781
0.8077437877655029,1.463306188583374,9.781959533691406,-16.556398391723633,-28.307161331176758,-15.09650707244873
1.0375871658325195,1.0802339315414429,9.580846786499023,-16.556398391723633,-28.307161331176758,-15.09650707244873
1.0375871658325195,1.0802339315414429,9.580846786499023,-15.32699203491211,-28.782276153564453,-14.992925643920898
0.603039562702179,1.0874165296554565,9.74125862121582,-15.32699203491211,-28.782276153564453,-14.992925643920898
0.603039562702179,1.0874165296554565,9.74125862121582,-13.771025657653809,-29.390636444091797,-14.913748741149902
0.3612251877784729,0.9198223948478699,10.601974487304688,-13.771025657653809,-29.390636444091797,-14.913748741149902
0.3612251877784729,0.9198223948478699,10.601974487304688,-11.822758674621582,-30.074167251586914,-14.911386489868164
0.2115875780582428,1.1915642023086548,9.844209671020508,-11.822758674621582,-30.074167251586914,-14.911386489868164
0.2115875780582428,1.1915642023086548,9.844209671020508,-9.396488189697266,-30.732519149780273,-14.987419128417969
0.4246715307235718,0.9653121829032898,10.174609184265137,-9.396488189697266,-30.732519149780273,-14.987419128417969
0.4246715307235718,0.9653121829032898,10.174609184265137,-6.4634318351745605,-31.322750091552734,-15.085840225219727
0.5048772692680359,0.7749731540679932,10.224886894226074,-6.4634318351745605,-31.322750091552734,-15.085840225219727
0.7502829432487488,0.7151181101799011,10.242843627929688,-6.4634318351745605,-31.322750091552734,-15.085840225219727
0.7502829432487488,0.7151181101799011,10.242843627929688,-3.0854218006134033,-31.7718505859375,-15.101242065429688
0.8316858410835266,0.9808745384216309,9.634716987609863,-3.0854218006134033,-31.7718505859375,-15.101242065429688
0.8316858410835266,0.9808745384216309,9.634716987609863,0.5621918439865112,-31.965673446655273,-14.999712944030762
0.7263409495353699,1.3675380945205688,9.267206192016602,0.5621918439865112,-31.965673446655273,-14.999712944030762
0.7263409495353699,1.3675380945205688,9.267206192016602,4.276310920715332,-31.817752838134766,-14.829445838928223
0.15412673354148865,1.628506064414978,8.903287887573242,4.276310920715332,-31.817752838134766,-14.829445838928223
0.15412673354148865,1.628506064414978,8.903287887573242,7.949982166290283,-31.24555778503418,-14.648584365844727
0.12539631128311157,1.7901146411895752,8.818293571472168,7.949982166290283,-31.24555778503418,-14.648584365844727
0.12539631128311157,1.7901146411895752,8.818293571472168,11.42698860168457,-30.23615264892578,-14.598457336425781
-0.36421793699264526,1.948132038116455,10.109965324401855,11.42698860168457,-30.23615264892578,-14.598457336425781
-0.36421793699264526,1.948132038116455,10.109965324401855,14.487279891967773,-28.835601806640625,-14.89822006225586
-0.1032499447464943,2.4233810901641846,9.430012702941895,14.487279891967773,-28.835601806640625,-14.89822006225586
-0.1032499447464943,2.4233810901641846,9.430012702941895,16.967987060546875,-27.068721771240234,-15.7097749710083
-0.2504933476448059,2.4497172832489014,9.88730525970459,16.967987060546875,-27.068721771240234,-15.7097749710083
-0.756866991519928,2.2665607929229736,10.569652557373047,16.967987060546875,-27.068721771240234,-15.7097749710083
-0.756866991519928,2.2665607929229736,10.569652557373047,18.882017135620117,-24.975004196166992,-16.984325408935547
-0.6431424021720886,2.395847797393799,9.989058494567871,18.882017135620117,-24.975004196166992,-16.984325408935547
-0.6431424021720886,2.395847797393799,9.989058494567871,20.413700103759766,-22.641448974609375,-18.488479614257813
-0.5066729187965393,2.41739559173584,9.535357475280762,20.413700103759766,-22.641448974609375,-18.488479614257813
-0.5066729187965393,2.41739559173584,9.535357475280762,21.699329376220703,-20.16105842590332,-19.965208053588867
-0.8765770792961121,2.635267972946167,9.340229988098145,21.699329376220703,-20.16105842590332,-19.965208053588867
-0.8765770792961121,2.635267972946167,9.340229988098145,22.81683921813965,-17.603397369384766,-21.244569778442383
-0.7425017952919006,2.8232126235961914,9.354595184326172,22.81683921813965,-17.603397369384766,-21.244569778442383
-0.7425017952919006,2.8232126235961914,9.354595184326172,23.851367950439453,-15.078140258789063,-22.26873779296875
-0.3845686614513397,3.1344590187072754,9.548524856567383,23.851367950439453,-15.078140258789063,-22.26873779296875
-0.3845686614513397,3.1344590187072754,9.548524856567383,24.83831024169922,-12.700146675109863,-23.06576919555664
0.21278467774391174,3.230226993560791,9.65147590637207,24.83831024169922,-12.700146675109863,-23.06576919555664
0.21278467774391174,3.230226993560791,9.65147590637207,25.698322296142578,-10.52187728881836,-23.717233657836914
0.3935469090938568,3.1799488067626953,9.670629501342773,25.698322296142578,-10.52187728881836,-23.717233657836914
0.419883131980896,3.0841805934906006,9.950751304626465,25.698322296142578,-10.52187728881836,-23.717233657836914
0.419883131980896,3.0841805934906006,9.950751304626465,26.303590774536133,-8.587209701538086,-24.305728912353516
0.5779004096984863,3.2254385948181152,9.59521198272705,26.303590774536133,-8.587209701538086,-24.305728912353516
0.5779004096984863,3.2254385948181152,9.59521198272705,26.601959228515625,-6.9018683433532715,-24.909183502197266
0.34925416111946106,2.1348798274993896,10.599579811096191,26.601959228515625,-6.9018683433532715,-24.909183502197266
0.34925416111946106,2.1348798274993896,10.599579811096191,26.603313446044922,-5.427156925201416,-25.575382232666016
0.5312135219573975,1.5327379703521729,9.783157348632813,26.603313446044922,-5.427156925201416,-25.575382232666016
0.5312135219573975,1.5327379703521729,9.783157348632813,26.29835319519043,-4.126562118530273,-26.31877899169922
0.9801263213157654,1.7829320430755615,8.043769836425781,26.29835319519043,-4.126562118530273,-26.31877899169922
0.9801263213157654,1.7829320430755615,8.043769836425781,25.728071212768555,-2.9717681407928467,-27.081907272338867
-0.01107318326830864,1.4692916870117188,10.25122356414795,25.728071212768555,-2.9717681407928467,-27.081907272338867
-0.01107318326830864,1.4692916870117188,10.25122356414795,25.083824157714844,-1.8961269855499268,-27.710859298706055
0.2702455222606659,2.1564276218414307,8.562113761901855,25.083824157714844,-1.8961269855499268,-27.710859298706055
0.2702455222606659,2.1564276218414307,8.562113761901855,24.569595336914063,-0.7963740229606628,-28.080184936523438
0.48811787366867065,2.748992443084717,8.199392318725586,24.569595336914063,-0.7963740229606628,-28.080184936523438
1.194407343864441,2.8926446437835693,9.025392532348633,24.569595336914063,-0.7963740229606628,-28.080184936523438
1.194407343864441,2.8926446437835693,9.025392532348633,24.231531143188477,0.3785455822944641,-28.1794490814209
1.6732476949691772,2.9596822261810303,9.996240615844727,24.231531143188477,0.3785455822944641,-28.1794490814209
1.6732476949691772,2.9596822261810303,9.996240615844727,23.9923152923584,1.6777958869934082,-28.116201400756836
0.10265139490365982,3.475632667541504,10.124330520629883,23.9923152923584,1.6777958869934082,-28.116201400756836
0.10265139490365982,3.475632667541504,10.124330520629883,23.765798568725586,3.1313421726226807,-28.03224754333496
-1.0525509119033813,3.2828993797302246,12.022933006286621,23.765798568725586,3.1313421726226807,-28.03224754333496
-1.0525509119033813,3.2828993797302246,12.022933006286621,23.502649307250977,4.664050102233887,-27.951080322265625
-0.06374561786651611,3.256563186645508,10.660632133483887,23.502649307250977,4.664050102233887,-27.951080322265625
-0.06374561786651611,3.256563186645508,10.660632133483887,23.203786849975586,6.117073059082031,-27.826204299926758
