0.0,0.0,0.0,-59.64057922363281,-16.564058303833008,39.49092483520508
-0.13691841065883636,10.382156372070313,0.24256256222724915,-59.64057922363281,-16.564058303833008,39.49092483520508
-0.13691841065883636,10.382156372070313,0.24256256222724915,-59.607582092285156,-16.613544464111328,39.49092483520508
0.31199440360069275,9.982324600219727,0.580145001411438,-59.607582092285156,-16.613544464111328,39.49092483520508
0.31199440360069275,9.982324600219727,0.580145001411438,-59.51588439941406,-16.775842666625977,39.49092483520508
0.08334814757108688,10.716147422790527,-1.099387526512146,-59.51588439941406,-16.775842666625977,39.49092483520508
0.08334814757108688,10.716147422790527,-1.099387526512146,-59.4142951965332,-17.00937843322754,39.47443389892578
0.2700958847999573,10.276811599731445,0.40776246786117554,-59.4142951965332,-17.00937843322754,39.47443389892578
0.2700958847999573,10.276811599731445,0.40776246786117554,-59.34458923339844,-17.255449295043945,39.412078857421875
0.18749591708183289,10.592845916748047,-0.2578255832195282,-59.34458923339844,-17.255449295043945,39.412078857421875
-0.07466916739940643,10.345046043395996,0.23537994921207428,-59.34458923339844,-17.255449295043945,39.412078857421875
-0.07466916739940643,10.345046043395996,0.23537994921207428,-59.27916717529297,-17.500032424926758,39.33192443847656
-0.33922845125198364,10.571298599243164,-0.16325463354587555,-59.27916717529297,-17.500032424926758,39.33192443847656
-0.33922845125198364,10.571298599243164,-0.16325463354587555,-59.17926025390625,-17.695486068725586,39.275634765625
-0.5271732807159424,10.627562522888184,0.4436754882335663,-59.17926025390625,-17.695486068725586,39.275634765625
-0.5271732807159424,10.627562522888184,0.4436754882335663,-59.05791473388672,-17.812292098999023,39.20888137817383
-0.7031471133232117,10.212167739868164,0.6352116465568542,-59.05791473388672,-17.812292098999023,39.20888137817383
-0.7031471133232117,10.212167739868164,0.6352116465568542,-58.95034408569336,-17.909652709960938,39.06788635253906
-0.3835211992263794,10.24808120727539,-0.3667617738246918,-58.95034408569336,-17.909652709960938,39.06788635253906
-0.3835211992263794,10.24808120727539,-0.3667617738246918,-58.89540481567383,-18.05268096923828,38.86159896850586
-0.18959084153175354,10.504261016845703,0.37065234780311584,-58.89540481567383,-18.05268096923828,38.86159896850586
-0.18959084153175354,10.504261016845703,0.37065234780311584,-58.91770935058594,-18.23044204711914,38.664974212646484
-0.4852747619152069,10.468347549438477,0.29882630705833435,-58.91770935058594,-18.23044204711914,38.664974212646484
-0.4852747619152069,10.468347549438477,0.29882630705833435,-58.964237213134766,-18.406105041503906,38.495384216308594
-0.08424597233533859,10.658686637878418,0.42811319231987,-58.964237213134766,-18.406105041503906,38.495384216308594
0.7992144823074341,10.594042778015137,-0.13452421128749847,-58.964237213134766,-18.406105041503906,38.495384216308594
0.7992144823074341,10.594042778015137,-0.13452421128749847,-58.98838424682617,-18.537736892700195,38.380523681640625
0.5681740045547485,12.023381233215332,-0.004040215164422989,-58.98838424682617,-18.537736892700195,38.380523681640625
0.5681740045547485,12.023381233215332,-0.004040215164422989,-59.03005599975586,-18.539806365966797,38.413516998291016
0.7357681393623352,9.428067207336426,3.176656723022461,-59.03005599975586,-18.539806365966797,38.413516998291016
0.7357681393623352,9.428067207336426,3.176656723022461,-59.146080017089844,-18.397109985351563,38.576576232910156
0.13602058589458466,10.017040252685547,-0.7390601634979248,-59.146080017089844,-18.397109985351563,38.576576232910156
0.13602058589458466,10.017040252685547,-0.7390601634979248,-59.31586837768555,-18.23002052307129,38.769474029541016
0.9464578628540039,10.316315650939941,0.64000004529953,-59.31586837768555,-18.23002052307129,38.769474029541016
0.9464578628540039,10.316315650939941,0.64000004529953,-59.44474792480469,-18.100849151611328,38.98792266845703
0.723797082901001,9.650728225708008,1.3570634126663208,-59.44474792480469,-18.100849151611328,38.98792266845703
0.723797082901001,9.650728225708008,1.3570634126663208,-59.487327575683594,-17.990617752075195,39.24130630493164
0.7142202854156494,9.85423469543457,-0.7139210104942322,-59.487327575683594,-17.990617752075195,39.24130630493164
0.7142202854156494,9.85423469543457,-0.7139210104942322,-59.45552444458008,-17.927749633789063,39.49421691894531
0.8482955694198608,10.228927612304688,0.4113537669181824,-59.45552444458008,-17.927749633789063,39.49421691894531
0.784849226474762,10.455179214477539,0.21862053871154785,-59.45552444458008,-17.927749633789063,39.49421691894531
0.784849226474762,10.455179214477539,0.21862053871154785,-59.36149978637695,-17.932937622070313,39.705074310302734
0.7872434258460999,10.750863075256348,-0.07945756614208221,-59.36149978637695,-17.932937622070313,39.705074310302734
0.7872434258460999,10.750863075256348,-0.07945756614208221,-59.23162841796875,-18.010839462280273,39.82937240600586
0.5226841568946838,11.226112365722656,0.30720600485801697,-59.23162841796875,-18.010839462280273,39.82937240600586
0.5226841568946838,11.226112365722656,0.30720600485801697,-59.10210037231445,-18.174030303955078,39.89596176147461
0.6304232478141785,10.877756118774414,0.48317983746528625,-59.10210037231445,-18.174030303955078,39.89596176147461
0.6304232478141785,10.877756118774414,0.48317983746528625,-59.014869689941406,-18.36214828491211,39.96305847167969
-0.8372223973274231,11.587636947631836,0.2389712631702423,-59.014869689941406,-18.36214828491211,39.96305847167969
-0.8372223973274231,11.587636947631836,0.2389712631702423,-59.01459884643555,-18.508432388305664,40.05009841918945
0.7477391362190247,9.533411979675293,2.0094833374023438,-59.01459884643555,-18.508432388305664,40.05009841918945
0.7477391362190247,9.533411979675293,2.0094833374023438,-59.146636962890625,-18.589284896850586,40.1541748046875
0.16714520752429962,10.437223434448242,0.15517419576644897,-59.146636962890625,-18.589284896850586,40.1541748046875
0.16714520752429962,10.437223434448242,0.15517419576644897,-59.3982048034668,-18.60638427734375,40.25403594970703
-0.1297357976436615,9.447220802307129,1.4911386966705322,-59.3982048034668,-18.60638427734375,40.25403594970703
-0.007631517946720123,9.474754333496094,-0.575057327747345,-59.3982048034668,-18.60638427734375,40.25403594970703
-0.007631517946720123,9.474754333496094,-0.575057327747345,-59.681800842285156,-18.622644424438477,40.33211135864258
-0.2793734073638916,10.130764961242676,0.3862146735191345,-59.681800842285156,-18.622644424438477,40.33211135864258
-0.2793734073638916,10.130764961242676,0.3862146735191345,-59.94104766845703,-18.66002655029297,40.40907669067383
0.22221185266971588,10.074501037597656,0.2653074860572815,-59.94104766845703,-18.66002655029297,40.40907669067383
0.22221185266971588,10.074501037597656,0.2653074860572815,-60.145599365234375,-18.708345413208008,40.51150894165039
0.11686696857213974,10.312724113464355,0.09891045838594437,-60.145599365234375,-18.708345413208008,40.51150894165039
0.11686696857213974,10.312724113464355,0.09891045838594437,-60.26703643798828,-18.793560028076172,40.59757995605469
0.42931029200553894,11.02978801727295,0.2305915504693985,-60.26703643798828,-18.793560028076172,40.59757995605469
0.42931029200553894,11.02978801727295,0.2305915504693985,-60.35772705078125,-18.879528045654297,40.667049407958984
0.5166986584663391,11.192593574523926,0.8255506753921509,-60.35772705078125,-18.879528045654297,40.667049407958984
0.5166986584663391,11.192593574523926,0.8255506753921509,-60.457027435302734,-18.891103744506836,40.80556106567383
0.7561188340187073,13.154642105102539,-1.0383353233337402,-60.457027435302734,-18.891103744506836,40.80556106567383
0.7561188340187073,13.154642105102539,-1.0383353233337402,-60.4665412902832,-18.81536865234375,41.07334518432617
1.0841244459152222,9.49271011352539,3.133561134338379,-60.4665412902832,-18.81536865234375,41.07334518432617
-0.04593874514102936,9.770438194274902,-0.839616596698761,-60.4665412902832,-18.81536865234375,41.07334518432617
-0.04593874514102936,9.770438194274902,-0.839616596698761,-60.29933166503906,-18.712926864624023,41.490074157714844
0.3862146735191345,9.5717191696167,0.7465420365333557,-60.29933166503906,-18.712926864624023,41.490074157714844
0.3862146735191345,9.5717191696167,0.7465420365333557,-59.948848724365234,-18.642757415771484,42.0191535949707
0.3263596296310425,9.489119529724121,0.3538929522037506,-59.948848724365234,-18.642757415771484,42.0191535949707
0.3263596296310425,9.489119529724121,0.3538929522037506,-59.46474838256836,-18.64312744140625,42.554893493652344
0.12285247445106506,9.736919403076172,-0.2925415337085724,-59.46474838256836,-18.64312744140625,42.554893493652344
0.12285247445106506,9.736919403076172,-0.2925415337085724,-58.979679107666016,-18.74309730529785,42.97950744628906
0.6160580515861511,9.924863815307617,-0.2578255832195282,-58.979679107666016,-18.74309730529785,42.97950744628906
0.6160580515861511,9.924863815307617,-0.2578255832195282,-58.61492156982422,-18.920331954956055,43.242252349853516
0.6208464503288269,10.596437454223633,-0.07826046645641327,-58.61492156982422,-18.920331954956055,43.242252349853516
0.6208464503288269,10.596437454223633,-0.07826046645641327,-58.42106246948242,-19.148868560791016,43.34268569946289
0.23537994921207428,11.139921188354492,0.6651391386985779,-58.42106246948242,-19.148868560791016,43.34268569946289
0.23537994921207428,11.139921188354492,0.6651391386985779,-58.3884391784668,-19.40615463256836,43.3127326965332
0.39220017194747925,11.196185111999512,0.2545335590839386,-58.3884391784668,-19.40615463256836,43.3127326965332
-1.0886136293411255,12.807482719421387,-0.13931261003017426,-58.3884391784668,-19.40615463256836,43.3127326965332
-1.0886136293411255,12.807482719421387,-0.13931261003017426,-58.44752883911133,-19.61798858642578,43.26767349243164
0.00793079286813736,9.81951904296875,3.487902879714966,-58.44752883911133,-19.61798858642578,43.26767349243164
0.00793079286813736,9.81951904296875,3.487902879714966,-58.513973236083984,-19.741439819335938,43.25730895996094
-0.08424597233533859,9.782408714294434,-0.7450456619262695,-58.513973236083984,-19.741439819335938,43.25730895996094
-0.08424597233533859,9.782408714294434,-0.7450456619262695,-58.570777893066406,-19.814733505249023,43.232574462890625
-0.12614449858665466,9.225756645202637,0.8327332735061646,-58.570777893066406,-19.814733505249023,43.232574462890625
-0.12614449858665466,9.225756645202637,0.8327332735061646,-58.65298080444336,-19.83306884765625,43.23886489868164
0.3155857026576996,9.717765808105469,-0.5666776299476624,-58.65298080444336,-19.83306884765625,43.23886489868164
0.3155857026576996,9.717765808105469,-0.5666776299476624,-58.79701614379883,-19.796785354614258,43.316463470458984
-0.4337994158267975,10.134356498718262,-0.26740241050720215,-58.79701614379883,-19.796785354614258,43.316463470458984
-0.4337994158267975,10.134356498718262,-0.26740241050720215,-58.96681213378906,-19.749845504760742,43.445743560791016
-0.7965209484100342,10.333075523376465,-0.22550387680530548,-58.96681213378906,-19.749845504760742,43.445743560791016
-0.7965209484100342,10.333075523376465,-0.22550387680530548,-59.04932403564453,-19.674118041992188,43.63185119628906
-0.39788639545440674,10.371382713317871,-0.4721066355705261,-59.04932403564453,-19.674118041992188,43.63185119628906
0.0917278528213501,11.482292175292969,0.9021651148796082,-59.04932403564453,-19.674118041992188,43.63185119628906
0.0917278528213501,11.482292175292969,0.9021651148796082,-59.01606750488281,-19.566640853881836,43.865997314453125
0.739359438419342,11.543344497680664,-1.3340193033218384,-59.01606750488281,-19.566640853881836,43.865997314453125
0.739359438419342,11.543344497680664,-1.3340193033218384,-58.925865173339844,-19.440534591674805,44.13446044921875
0.4364928901195526,11.321880340576172,0.21263504028320313,-58.925865173339844,-19.440534591674805,44.13446044921875
0.4364928901195526,11.321880340576172,0.21263504028320313,-58.83456802368164,-19.231521606445313,44.4734001159668
0.07616554200649261,10.243292808532715,1.5713444948196411,-58.83456802368164,-19.231521606445313,44.4734001159668
0.07616554200649261,10.243292808532715,1.5713444948196411,-58.802066802978516,-18.950056076049805,44.85313034057617
0.1934814304113388,9.418490409851074,-0.34760814905166626,-58.802066802978516,-18.950056076049805,44.85313034057617
0.1934814304113388,9.418490409851074,-0.34760814905166626,-58.78757858276367,-18.689708709716797,45.18541717529297
0.15517419576644897,8.84867000579834,0.12045827507972717,-58.78757858276367,-18.689708709716797,45.18541717529297
0.15517419576644897,8.84867000579834,0.12045827507972717,-58.644351959228516,-18.499229431152344,45.47050857543945
-0.07945756614208221,9.626786231994629,-0.8851064443588257,-58.644351959228516,-18.499229431152344,45.47050857543945
-0.07945756614208221,9.626786231994629,-0.8851064443588257,-58.33603286743164,-18.454059600830078,45.6766242980957
0.5382464528083801,10.06971263885498,-0.16684593260288239,-58.33603286743164,-18.454059600830078,45.6766242980957
0.9560346603393555,10.505457878112793,-0.8348281979560852,-58.33603286743164,-18.454059600830078,45.6766242980957
0.9560346603393555,10.505457878112793,-0.8348281979560852,-57.968650817871094,-18.60270118713379,45.746482849121094
-0.2314893752336502,11.034576416015625,-0.5283703804016113,-57.968650817871094,-18.60270118713379,45.746482849121094
-0.2314893752336502,11.034576416015625,-0.5283703804016113,-57.6540412902832,-18.888708114624023,45.70444107055664
0.13362638652324677,11.538556098937988,-0.004040215164422989,-57.6540412902832,-18.888708114624023,45.70444107055664
0.13362638652324677,11.538556098937988,-0.004040215164422989,-57.40216827392578,-19.200199127197266,45.61727523803711
-0.06988076120615005,12.326248168945313,-1.527949571609497,-57.40216827392578,-19.200199127197266,45.61727523803711
-0.06988076120615005,12.326248168945313,-1.527949571609497,-57.188880920410156,-19.42920684814453,45.54231643676758
0.21862053871154785,10.544961929321289,2.0154688358306885,-57.188880920410156,-19.42920684814453,45.54231643676758
0.21862053871154785,10.544961929321289,2.0154688358306885,-57.08574676513672,-19.54874038696289,45.471527099609375
-0.7127239108085632,10.170269966125488,0.4448726177215576,-57.08574676513672,-19.54874038696289,45.471527099609375
-0.7127239108085632,10.170269966125488,0.4448726177215576,-57.17109298706055,-19.600574493408203,45.37550735473633
-0.7630021572113037,9.191040992736816,0.5166986584663391,-57.17109298706055,-19.600574493408203,45.37550735473633
-0.7630021572113037,9.191040992736816,0.5166986584663391,-57.37904739379883,-19.601572036743164,45.26993942260742
0.6388029456138611,9.137171745300293,-0.300921231508255,-57.37904739379883,-19.601572036743164,45.26993942260742
-0.14170680940151215,9.954791069030762,-0.16684593260288239,-57.37904739379883,-19.601572036743164,45.26993942260742
-0.14170680940151215,9.954791069030762,-0.16684593260288239,-57.612640380859375,-19.5533447265625,45.15597915649414
-0.4613327383995056,10.202590942382813,-0.39549219608306885,-57.612640380859375,-19.5533447265625,45.15597915649414
-0.4613327383995056,10.202590942382813,-0.39549219608306885,-57.869972229003906,-19.47466278076172,45.027565002441406
-0.6289268732070923,10.671854972839355,-0.4266168177127838,-57.869972229003906,-19.47466278076172,45.027565002441406
-0.6289268732070923,10.671854972839355,-0.4266168177127838,-58.1124382019043,-19.38875961303711,44.90119171142578
0.24854806065559387,10.93761157989502,0.046238020062446594,-58.1124382019043,-19.38875961303711,44.90119171142578
0.24854806065559387,10.93761157989502,0.046238020062446594,-58.28331756591797,-19.316415786743164,44.80079650878906
0.8949825167655945,11.082460403442383,-1.342399001121521,-58.28331756591797,-19.316415786743164,44.80079650878906
0.8949825167655945,11.082460403442383,-1.342399001121521,-58.42741775512695,-19.264867782592773,44.74094009399414
0.17911621928215027,12.162245750427246,1.0194810628890991,-58.42741775512695,-19.264867782592773,44.74094009399414
0.17911621928215027,12.162245750427246,1.0194810628890991,-58.64567184448242,-19.225210189819336,44.67929458618164
1.1164461374282837,9.525032043457031,2.050184726715088,-58.64567184448242,-19.225210189819336,44.67929458618164
1.1164461374282837,9.525032043457031,2.050184726715088,-58.9386100769043,-19.199081420898438,44.538272857666016
-0.10339958220720291,10.297162055969238,-0.8444049954414368,-58.9386100769043,-19.199081420898438,44.538272857666016
0.9703998565673828,9.141960144042969,0.9979332089424133,-58.9386100769043,-19.199081420898438,44.538272857666016
0.9703998565673828,9.141960144042969,0.9979332089424133,-59.118499755859375,-19.201080322265625,44.33777618408203
-0.42182841897010803,9.647136688232422,-0.3859153985977173,-59.118499755859375,-19.201080322265625,44.33777618408203
-0.42182841897010803,9.647136688232422,-0.3859153985977173,-59.035587310791016,-19.240863800048828,44.206295013427734
0.06898293644189835,9.699809074401855,-0.38471829891204834,-59.035587310791016,-19.240863800048828,44.206295013427734
0.06898293644189835,9.699809074401855,-0.38471829891204834,-58.728111267089844,-19.3155574798584,44.183292388916016
0.7202057838439941,10.286388397216797,-0.6804022192955017,-58.728111267089844,-19.3155574798584,44.183292388916016
0.7202057838439941,10.286388397216797,-0.6804022192955017,-58.316505432128906,-19.38389015197754,44.19190979003906
0.3910030722618103,10.804733276367188,-0.474500834941864,-58.316505432128906,-19.38389015197754,44.19190979003906
0.3910030722618103,10.804733276367188,-0.474500834941864,-57.93666458129883,-19.41916275024414,44.17267990112305
-0.47809216380119324,11.078868865966797,0.24016836285591125,-57.93666458129883,-19.41916275024414,44.17267990112305
-0.47809216380119324,11.078868865966797,0.24016836285591125,-57.647178649902344,-19.431663513183594,44.09446716308594
-0.7845499515533447,12.690166473388672,-1.4968249797821045,-57.647178649902344,-19.431663513183594,44.09446716308594
-0.7845499515533447,12.690166473388672,-1.4968249797821045,-57.47465133666992,-19.430816650390625,43.94583511352539
-0.4613327383995056,10.998662948608398,3.39213490486145,-57.47465133666992,-19.430816650390625,43.94583511352539
-1.1795932054519653,10.66586971282959,-0.11058218777179718,-57.47465133666992,-19.430816650390625,43.94583511352539
-1.1795932054519653,10.66586971282959,-0.11058218777179718,-57.515846252441406,-19.464998245239258,43.71051788330078
0.13841478526592255,8.72297477722168,0.21024084091186523,-57.515846252441406,-19.464998245239258,43.71051788330078
0.13841478526592255,8.72297477722168,0.21024084091186523,-57.78293228149414,-19.550382614135742,43.356658935546875
0.1958756297826767,9.20899772644043,-0.7163152098655701,-57.78293228149414,-19.550382614135742,43.356658935546875
0.1958756297826767,9.20899772644043,-0.7163152098655701,-58.17100524902344,-19.602083206176758,42.9585075378418
-0.5642834305763245,9.91169548034668,0.2389712631702423,-58.17100524902344,-19.602083206176758,42.9585075378418
-0.5642834305763245,9.91169548034668,0.2389712631702423,-58.597774505615234,-19.553226470947266,42.618019104003906
-0.1883937418460846,9.860219955444336,-0.596605122089386,-58.597774505615234,-19.553226470947266,42.618019104003906
-0.1883937418460846,9.860219955444336,-0.596605122089386,-59.05751419067383,-19.400039672851563,42.33948516845703
-0.5942109227180481,10.66586971282959,-0.9030629396438599,-59.05751419067383,-19.400039672851563,42.33948516845703
-0.5942109227180481,10.66586971282959,-0.9030629396438599,-59.54921340942383,-19.18610382080078,42.096187591552734
0.580145001411438,11.15189266204834,0.367061048746109,-59.54921340942383,-19.18610382080078,42.096187591552734
0.580145001411438,11.15189266204834,0.367061048746109,-60.000083923339844,-18.977262496948242,41.89313507080078
0.9296984672546387,11.995848655700684,-1.2705729007720947,-60.000083923339844,-18.977262496948242,41.89313507080078
0.22340895235538483,10.93761157989502,1.62880539894104,-60.000083923339844,-18.977262496948242,41.89313507080078
0.22340895235538483,10.93761157989502,1.62880539894104,-60.342201232910156,-18.820446014404297,41.749507904052734
0.43768998980522156,10.389339447021484,-0.10100538283586502,-60.342201232910156,-18.820446014404297,41.749507904052734
0.43768998980522156,10.389339447021484,-0.10100538283586502,-60.57289123535156,-18.72776222229004,41.61320877075195
1.0518027544021606,9.393351554870605,0.1479915976524353,-60.57289123535156,-18.72776222229004,41.61320877075195
1.0518027544021606,9.393351554870605,0.1479915976524353,-60.69646072387695,-18.71704864501953,41.44965362548828
-0.004040215164422989,9.437644004821777,0.06419453024864197,-60.69646072387695,-18.71704864501953,41.44965362548828
-0.004040215164422989,9.437644004821777,0.06419453024864197,-60.68666458129883,-18.83833122253418,41.3137092590332
0.3622726500034332,9.578901290893555,-0.28895020484924316,-60.68666458129883,-18.83833122253418,41.3137092590332
0.3622726500034332,9.578901290893555,-0.28895020484924316,-60.582122802734375,-19.048131942749023,41.23435592651367
0.46642041206359863,9.924863815307617,-0.573860228061676,-60.582122802734375,-19.048131942749023,41.23435592651367
0.46642041206359863,9.924863815307617,-0.573860228061676,-60.47776412963867,-19.24217987060547,41.20598220825195
0.29643210768699646,10.75684928894043,-0.5870283246040344,-60.47776412963867,-19.24217987060547,41.20598220825195
0.29643210768699646,10.75684928894043,-0.5870283246040344,-60.369422912597656,-19.40678596496582,41.22407150268555
0.009127894416451454,11.631929397583008,0.40776246786117554,-60.369422912597656,-19.40678596496582,41.22407150268555
-0.08903437852859497,11.36617374420166,-0.23508067429065704,-60.369422912597656,-19.40678596496582,41.22407150268555
-0.08903437852859497,11.36617374420166,-0.23508067429065704,-60.222877502441406,-19.549488067626953,41.269012451171875
-0.8563759922981262,11.664251327514648,-0.34760814905166626,-60.222877502441406,-19.549488067626953,41.269012451171875
-0.8563759922981262,11.664251327514648,-0.34760814905166626,-60.070613861083984,-19.61224365234375,41.32612991333008
-0.23029227554798126,10.063727378845215,2.141164541244507,-60.070613861083984,-19.61224365234375,41.32612991333008
-0.23029227554798126,10.063727378845215,2.141164541244507,-59.945762634277344,-19.59964942932129,41.34476852416992
-0.30211833119392395,9.602843284606934,-0.37633857131004333,-59.945762634277344,-19.59964942932129,41.34476852416992
-0.30211833119392395,9.602843284606934,-0.37633857131004333,-59.86695861816406,-19.611295700073242,41.26710891723633
-0.5870283246040344,9.328707695007324,0.9715969562530518,-59.86695861816406,-19.611295700073242,41.26710891723633
-0.5870283246040344,9.328707695007324,0.9715969562530518,-59.858741760253906,-19.65695571899414,41.10934829711914
-0.2841618061065674,9.535805702209473,-0.29373863339424133,-59.858741760253906,-19.65695571899414,41.10934829711914
-0.2841618061065674,9.535805702209473,-0.29373863339424133,-59.927093505859375,-19.660337448120117,40.87858200073242
-0.33922845125198364,9.7512845993042,-0.10818798840045929,-59.927093505859375,-19.660337448120117,40.87858200073242
-0.33922845125198364,9.7512845993042,-0.10818798840045929,-60.051475524902344,-19.568626403808594,40.59264373779297
-0.7905354499816895,10.36060905456543,-0.36077627539634705,-60.051475524902344,-19.568626403808594,40.59264373779297
-0.2769792079925537,10.646716117858887,-0.32007482647895813,-60.051475524902344,-19.568626403808594,40.59264373779297
-0.2769792079925537,10.646716117858887,-0.32007482647895813,-60.20274353027344,-19.40016746520996,40.3039665222168
0.558597207069397,11.092037200927734,-0.07706336677074432,-60.20274353027344,-19.40016746520996,40.3039665222168
0.558597207069397,11.092037200927734,-0.07706336677074432,-60.36989974975586,-19.20366096496582,40.04638671875
-0.14410100877285004,13.176189422607422,0.2976292073726654,-60.36989974975586,-19.20366096496582,40.04638671875
-0.14410100877285004,13.176189422607422,0.2976292073726654,-60.54454040527344,-18.983169555664063,39.85464859008789
1.3438953161239624,10.170269966125488,2.8761844635009766,-60.54454040527344,-18.983169555664063,39.85464859008789
1.3438953161239624,10.170269966125488,2.8761844635009766,-60.65519714355469,-18.753633499145508,39.69932556152344
-0.1405097097158432,10.321104049682617,-0.3224690556526184,-60.65519714355469,-18.753633499145508,39.69932556152344
-0.1405097097158432,10.321104049682617,-0.3224690556526184,-60.62266540527344,-18.556970596313477,39.5508918762207
0.07496844232082367,8.705018043518066,1.0398317575454712,-60.62266540527344,-18.556970596313477,39.5508918762207
0.07496844232082367,8.705018043518066,1.0398317575454712,-60.43746566772461,-18.40669059753418,39.45988464355469
-0.1165676936507225,8.927679061889648,-0.2015618532896042,-60.43746566772461,-18.40669059753418,39.45988464355469
-0.1165676936507225,8.927679061889648,-0.2015618532896042,-60.18301773071289,-18.267070770263672,39.39781951904297
0.35987845063209534,9.656713485717773,-0.030376434326171875,-60.18301773071289,-18.267070770263672,39.39781951904297
0.6687304377555847,10.681431770324707,-0.05910685285925865,-60.18301773071289,-18.267070770263672,39.39781951904297
0.6687304377555847,10.681431770324707,-0.05910685285925865,-59.98711395263672,-18.127195358276367,39.27114486694336
0.24615386128425598,11.183016777038574,0.09651625901460648,-59.98711395263672,-18.127195358276367,39.27114486694336
0.24615386128425598,11.183016777038574,0.09651625901460648,-59.93217468261719,-18.04787254333496,39.05620574951172
-0.6792051196098328,11.602002143859863,0.48317983746528625,-59.93217468261719,-18.04787254333496,39.05620574951172
-0.6792051196098328,11.602002143859863,0.48317983746528625,-59.99667739868164,-18.01317596435547,38.83340835571289
-0.24585458636283875,11.82107162475586,-0.636109471321106,-59.99667739868164,-18.01317596435547,38.83340835571289
-0.24585458636283875,11.82107162475586,-0.636109471321106,-60.13018798828125,-17.94892120361328,38.70045852661133
0.16834230720996857,10.97352409362793,1.06377375125885,-60.13018798828125,-17.94892120361328,38.70045852661133
0.16834230720996857,10.97352409362793,1.06377375125885,-60.3444709777832,-17.833786010742188,38.65322494506836
-0.15607202053070068,10.334272384643555,0.9153332114219666,-60.3444709777832,-17.833786010742188,38.65322494506836
-0.15607202053070068,10.334272384643555,0.9153332114219666,-60.63738250732422,-17.684152603149414,38.615047454833984
-0.4685153365135193,9.381380081176758,0.983568012714386,-60.63738250732422,-17.684152603149414,38.615047454833984
-0.4685153365135193,9.381380081176758,0.983568012714386,-60.98409652709961,-17.58065414428711,38.53101348876953
0.5645827054977417,8.804377555847168,-0.2614169120788574,-60.98409652709961,-17.58065414428711,38.53101348876953
-0.04833294823765755,9.753678321838379,-0.4026747941970825,-60.98409652709961,-17.58065414428711,38.53101348876953
-0.04833294823765755,9.753678321838379,-0.4026747941970825,-61.3868408203125,-17.55266761779785,38.41697692871094
-0.5834370255470276,10.352229118347168,0.13841478526592255,-61.3868408203125,-17.55266761779785,38.41697692871094
-0.5834370255470276,10.352229118347168,0.13841478526592255,-61.852088928222656,-17.549793243408203,38.352420806884766
-0.5403413772583008,10.477924346923828,0.29643210768699646,-61.852088928222656,-17.549793243408203,38.352420806884766
-0.5403413772583008,10.477924346923828,0.29643210768699646,-62.35406494140625,-17.551233291625977,38.431495666503906
0.35748425126075745,10.73410415649414,0.6543652415275574,-62.35406494140625,-17.551233291625977,38.431495666503906
0.35748425126075745,10.73410415649414,0.6543652415275574,-62.84843826293945,-17.537952423095703,38.68723678588867
0.42452189326286316,11.791144371032715,-1.2801496982574463,-62.84843826293945,-17.537952423095703,38.68723678588867
0.42452189326286316,11.791144371032715,-1.2801496982574463,-63.28255081176758,-17.479032516479492,39.12518310546875
0.6842927932739258,11.793538093566895,2.4763526916503906,-63.28255081176758,-17.479032516479492,39.12518310546875
0.6842927932739258,11.793538093566895,2.4763526916503906,-63.63493728637695,-17.401729583740234,39.72016143798828
0.3347393274307251,10.21575927734375,1.631199598312378,-63.63493728637695,-17.401729583740234,39.72016143798828
0.3347393274307251,10.21575927734375,1.631199598312378,-63.91152572631836,-17.413427352905273,40.379573822021484
-0.20036475360393524,9.45679759979248,-0.6684311628341675,-63.91152572631836,-17.413427352905273,40.379573822021484
-0.13931261003017426,9.626786231994629,1.0541969537734985,-63.91152572631836,-17.413427352905273,40.379573822021484
-0.13931261003017426,9.626786231994629,1.0541969537734985,-64.08065795898438,-17.531299591064453,41.0382080078125
-0.24585458636283875,9.551368713378906,-0.030376434326171875,-64.08065795898438,-17.531299591064453,41.0382080078125
-0.24585458636283875,9.551368713378906,-0.030376434326171875,-64.10726928710938,-17.701290130615234,41.63206100463867
0.016310499981045723,9.921272277832031,0.2413654625415802,-64.10726928710938,-17.701290130615234,41.63206100463867
0.016310499981045723,9.921272277832031,0.2413654625415802,-64.00279998779297,-17.96149253845215,42.1021614074707
0.4412812888622284,10.191817283630371,-0.5846341252326965,-64.00279998779297,-17.96149253845215,42.1021614074707
0.4412812888622284,10.191817283630371,-0.5846341252326965,-63.864662170410156,-18.320491790771484,42.48607635498047
0.11806406825780869,10.890924453735352,0.19707272946834564,-63.864662170410156,-18.320491790771484,42.48607635498047
0.11806406825780869,10.890924453735352,0.19707272946834564,-63.78727340698242,-18.6885986328125,42.80232238769531
0.2808697819709778,11.265616416931152,0.9608230590820313,-63.78727340698242,-18.6885986328125,42.80232238769531
0.2808697819709778,11.265616416931152,0.9608230590820313,-63.73772430419922,-19.004684448242188,42.998905181884766
-0.4852747619152069,12.304699897766113,-0.42182841897010803,-63.73772430419922,-19.004684448242188,42.998905181884766
-0.4852747619152069,12.304699897766113,-0.42182841897010803,-63.6700325012207,-19.29108428955078,43.06642150878906
-0.06628946214914322,10.33906078338623,2.161515235900879,-63.6700325012207,-19.29108428955078,43.06642150878906
-1.4154220819473267,10.33786392211914,0.35269585251808167,-63.6700325012207,-19.29108428955078,43.06642150878906
-1.4154220819473267,10.33786392211914,0.35269585251808167,-63.607086181640625,-19.572595596313477,43.025943756103516
0.05222352594137192,8.927679061889648,0.6136638522148132,-63.607086181640625,-19.572595596313477,43.025943756103516
0.05222352594137192,8.927679061889648,0.6136638522148132,-63.56710433959961,-19.86202621459961,42.87592315673828
0.42931029200553894,9.293992042541504,-0.5319616794586182,-63.56710433959961,-19.86202621459961,42.87592315673828
0.42931029200553894,9.293992042541504,-0.5319616794586182,-63.57900619506836,-20.155677795410156,42.645545959472656
-0.23867198824882507,9.940425872802734,0.4329015910625458,-63.57900619506836,-20.155677795410156,42.645545959472656
-0.23867198824882507,9.940425872802734,0.4329015910625458,-63.662811279296875,-20.409709930419922,42.40590286254883
-0.8025065064430237,10.268431663513184,-0.20036475360393524,-63.662811279296875,-20.409709930419922,42.40590286254883
-0.8025065064430237,10.268431663513184,-0.20036475360393524,-63.80561447143555,-20.6027774810791,42.20927047729492
-0.5439326763153076,10.708965301513672,-0.44337621331214905,-63.80561447143555,-20.6027774810791,42.20927047729492
-0.5439326763153076,10.708965301513672,-0.44337621331214905,-64.00605010986328,-20.736759185791016,42.05560302734375
0.4101566672325134,10.959158897399902,0.18629881739616394,-64.00605010986328,-20.736759185791016,42.05560302734375
0.4101566672325134,10.959158897399902,0.18629881739616394,-64.24382781982422,-20.832494735717773,41.928138732910156
0.4604349136352539,12.708123207092285,-1.3998597860336304,-64.24382781982422,-20.832494735717773,41.928138732910156
0.8710405230522156,10.726921081542969,2.9264626502990723,-64.24382781982422,-20.832494735717773,41.928138732910156
0.8710405230522156,10.726921081542969,2.9264626502990723,-64.49360656738281,-20.924001693725586,41.83017349243164
0.14320318400859833,10.57608699798584,0.0785597413778305,-64.49360656738281,-20.924001693725586,41.83017349243164
0.14320318400859833,10.57608699798584,0.0785597413778305,-64.70791625976563,-21.044864654541016,41.74094772338867
0.6567594408988953,9.42447566986084,1.1703157424926758,-64.70791625976563,-21.044864654541016,41.74094772338867
0.6567594408988953,9.42447566986084,1.1703157424926758,-64.78038024902344,-21.238296508789063,41.65705871582031
-0.2602197825908661,8.93964958190918,0.04025251790881157,-64.78038024902344,-21.238296508789063,41.65705871582031
-0.2602197825908661,8.93964958190918,0.04025251790881157,-64.66353607177734,-21.535316467285156,41.65006637573242
-0.05192425101995468,9.303568840026855,-0.300921231508255,-64.66353607177734,-21.535316467285156,41.65006637573242
-0.05192425101995468,9.303568840026855,-0.300921231508255,-64.43817138671875,-21.921987533569336,41.738914489746094
0.3933972716331482,9.920075416564941,-0.23986908793449402,-64.43817138671875,-21.921987533569336,41.738914489746094
0.3933972716331482,9.920075416564941,-0.23986908793449402,-64.20559692382813,-22.324419021606445,41.82295227050781
0.6376058459281921,10.79036808013916,-0.48886606097221375,-64.20559692382813,-22.324419021606445,41.82295227050781
0.6376058459281921,10.79036808013916,-0.48886606097221375,-64.04034423828125,-22.662954330444336,41.82207489013672
-0.14170680940151215,11.205761909484863,0.7561188340187073,-64.04034423828125,-22.662954330444336,41.82207489013672
-0.006434416864067316,10.930428504943848,0.03546411171555519,-64.04034423828125,-22.662954330444336,41.82207489013672
-0.006434416864067316,10.930428504943848,0.03546411171555519,-63.972965240478516,-22.895713806152344,41.73957824707031
-0.5379471778869629,11.891700744628906,-1.430984377861023,-63.972965240478516,-22.895713806152344,41.73957824707031
-0.5379471778869629,11.891700744628906,-1.430984377861023,-63.965667724609375,-22.990636825561523,41.65092849731445
-0.08783727139234543,10.5437650680542,2.3434746265411377,-63.965667724609375,-22.990636825561523,41.65092849731445
-0.08783727139234543,10.5437650680542,2.3434746265411377,-63.98850631713867,-22.95145606994629,41.61812973022461
-0.7833528518676758,10.535385131835938,0.8171709775924683,-63.98850631713867,-22.95145606994629,41.61812973022461
-0.7833528518676758,10.535385131835938,0.8171709775924683,-64.0707015991211,-22.87247657775879,41.560760498046875
-0.13572131097316742,9.098864555358887,0.337133526802063,-64.0707015991211,-22.87247657775879,41.560760498046875
-0.13572131097316742,9.098864555358887,0.337133526802063,-64.26395416259766,-22.83136558532715,41.41229248046875
-0.06509235501289368,9.291597366333008,-0.5092167854309082,-64.26395416259766,-22.83136558532715,41.41229248046875
-0.06509235501289368,9.291597366333008,-0.5092167854309082,-64.56270599365234,-22.75874137878418,41.21671676635742
-0.300921231508255,9.87697982788086,0.5310638546943665,-64.56270599365234,-22.75874137878418,41.21671676635742
-0.300921231508255,9.87697982788086,0.5310638546943665,-64.8939437866211,-22.60296630859375,41.01261520385742
-0.5295674800872803,10.105626106262207,-0.017208324745297432,-64.8939437866211,-22.60296630859375,41.01261520385742
-0.7689876556396484,10.535385131835938,-0.48048636317253113,-64.8939437866211,-22.60296630859375,41.01261520385742
-0.7689876556396484,10.535385131835938,-0.48048636317253113,-65.13389587402344,-22.430068969726563,40.84484100341797
0.17073650658130646,11.179425239562988,0.48796823620796204,-65.13389587402344,-22.430068969726563,40.84484100341797
0.17073650658130646,11.179425239562988,0.48796823620796204,-65.21675872802734,-22.250228881835938,40.76887512207031
0.2844610810279846,11.412859916687012,-0.37155017256736755,-65.21675872802734,-22.250228881835938,40.76887512207031
0.2844610810279846,11.412859916687012,-0.37155017256736755,-65.25768280029297,-22.053186416625977,40.80127716064453
-0.013617021963000298,12.43278980255127,0.5777508020401001,-65.25768280029297,-22.053186416625977,40.80127716064453
-0.013617021963000298,12.43278980255127,0.5777508020401001,-65.3777084350586,-21.845699310302734,40.93674850463867
0.6052840948104858,9.984719276428223,2.5254337787628174,-65.3777084350586,-21.845699310302734,40.93674850463867
0.6052840948104858,9.984719276428223,2.5254337787628174,-65.56122589111328,-21.633054733276367,41.14411544799805
0.1156698688864708,9.903316497802734,-0.24106618762016296,-65.56122589111328,-21.633054733276367,41.14411544799805
0.1156698688864708,9.903316497802734,-0.24106618762016296,-65.68924713134766,-21.47654151916504,41.44374084472656
0.5047276616096497,9.114426612854004,1.5007154941558838,-65.68924713134766,-21.47654151916504,41.44374084472656
0.5047276616096497,9.114426612854004,1.5007154941558838,-65.65821075439453,-21.386062622070313,41.87657928466797
-0.16804303228855133,9.49271011352539,0.3503016233444214,-65.65821075439453,-21.386062622070313,41.87657928466797
-0.04354454204440117,9.589675903320313,0.3622726500034332,-65.65821075439453,-21.386062622070313,41.87657928466797
-0.04354454204440117,9.589675903320313,0.3622726500034332,-65.51610565185547,-21.328542709350586,42.378082275390625
0.6076782941818237,10.206182479858398,-0.15008652210235596,-65.51610565185547,-21.328542709350586,42.378082275390625
0.6076782941818237,10.206182479858398,-0.15008652210235596,-65.33259582519531,-21.289897918701172,42.862586975097656
0.7668927311897278,10.851420402526855,0.4412812888622284,-65.33259582519531,-21.289897918701172,42.862586975097656
0.7668927311897278,10.851420402526855,0.4412812888622284,-65.14913940429688,-21.226680755615234,43.30079650878906
-0.05551555007696152,10.896909713745117,0.6244377493858337,-65.14913940429688,-21.226680755615234,43.30079650878906
-0.05551555007696152,10.896909713745117,0.6244377493858337,-65.01028442382813,-21.106508255004883,43.70438003540039
0.2784755825996399,10.492289543151855,-0.06988076120615005,-65.01028442382813,-21.106508255004883,43.70438003540039
0.2784755825996399,10.492289543151855,-0.06988076120615005,-64.87071990966797,-20.94168472290039,44.09400939941406
-1.891868233680725,13.294702529907227,1.4408605098724365,-64.87071990966797,-20.94168472290039,44.09400939941406
-1.891868233680725,13.294702529907227,1.4408605098724365,-64.72545623779297,-20.755168914794922,44.47407913208008
1.2134113311767578,9.576507568359375,2.9492075443267822,-64.72545623779297,-20.755168914794922,44.47407913208008
1.2134113311767578,9.576507568359375,2.9492075443267822,-64.66397094726563,-20.545734405517578,44.78258514404297
-0.7594108581542969,10.088866233825684,-0.1991676539182663,-64.66397094726563,-20.545734405517578,44.78258514404297
-0.534355878829956,9.669881820678711,1.6874632835388184,-64.66397094726563,-20.545734405517578,44.78258514404297
-0.534355878829956,9.669881820678711,1.6874632835388184,-64.70413970947266,-20.32556915283203,44.971099853515625
-0.16804303228855133,9.485527992248535,0.14918869733810425,-64.70413970947266,-20.32556915283203,44.971099853515625
-0.16804303228855133,9.485527992248535,0.14918869733810425,-64.80964660644531,-20.135618209838867,45.08973693847656
-0.17043723165988922,9.793182373046875,0.19108721613883972,-64.80964660644531,-20.135618209838867,45.08973693847656
-0.17043723165988922,9.793182373046875,0.19108721613883972,-64.93373107910156,-19.964706420898438,45.192752838134766
-0.41464582085609436,10.230124473571777,0.25573065876960754,-64.93373107910156,-19.964706420898438,45.192752838134766
-0.41464582085609436,10.230124473571777,0.25573065876960754,-65.03387451171875,-19.81197738647461,45.29266357421875
-0.5020341873168945,10.819098472595215,0.3323451280593872,-65.03387451171875,-19.81197738647461,45.29266357421875
-0.5020341873168945,10.819098472595215,0.3323451280593872,-65.06976318359375,-19.731159210205078,45.41254806518555
0.059406131505966187,10.63235092163086,0.44247838854789734,-65.06976318359375,-19.731159210205078,45.41254806518555
0.059406131505966187,10.63235092163086,0.44247838854789734,-64.9688949584961,-19.700687408447266,45.625457763671875
0.1503857970237732,11.0393648147583,-0.3655646741390228,-64.9688949584961,-19.700687408447266,45.625457763671875
0.1503857970237732,11.0393648147583,-0.3655646741390228,-64.72370147705078,-19.642555236816406,45.99736404418945
-0.21472996473312378,11.982680320739746,1.354669213294983,-64.72370147705078,-19.642555236816406,45.99736404418945
0.26889878511428833,10.136751174926758,1.8490718603134155,-64.72370147705078,-19.642555236816406,45.99736404418945
0.26889878511428833,10.136751174926758,1.8490718603134155,-64.40863037109375,-19.549726486206055,46.470542907714844
0.2916437089443207,9.750086784362793,0.28206688165664673,-64.40863037109375,-19.549726486206055,46.470542907714844
0.2916437089443207,9.750086784362793,0.28206688165664673,-64.07307434082031,-19.48345184326172,46.91492462158203
0.4257189929485321,9.813533782958984,1.3678373098373413,-64.07307434082031,-19.48345184326172,46.91492462158203
0.4257189929485321,9.813533782958984,1.3678373098373413,-63.728179931640625,-19.451223373413086,47.323570251464844
-0.33204585313796997,10.087669372558594,0.7609072327613831,-63.728179931640625,-19.451223373413086,47.323570251464844
-0.33204585313796997,10.087669372558594,0.7609072327613831,-63.397613525390625,-19.425140380859375,47.74971008300781
-0.05072714760899544,10.164283752441406,0.42452189326286316,-63.397613525390625,-19.425140380859375,47.74971008300781
-0.05072714760899544,10.164283752441406,0.42452189326286316,-63.065101623535156,-19.407155990600586,48.17408752441406
0.3479074239730835,10.444405555725098,0.739359438419342,-63.065101623535156,-19.407155990600586,48.17408752441406
0.3479074239730835,10.444405555725098,0.739359438419342,-62.74799728393555,-19.43783950805664,48.521854400634766
0.003142389701679349,10.64551830291748,0.5047276616096497,-62.74799728393555,-19.43783950805664,48.521854400634766
0.003142389701679349,10.64551830291748,0.5047276616096497,-62.55876159667969,-19.584665298461914,48.673465728759766
-0.1512836217880249,10.412083625793457,0.5729624032974243,-62.55876159667969,-19.584665298461914,48.673465728759766
-0.08304887264966965,10.342652320861816,0.5370493531227112,-62.55876159667969,-19.584665298461914,48.673465728759766
-0.08304887264966965,10.342652320861816,0.5370493531227112,-62.525787353515625,-19.815628051757813,48.585914611816406
-0.05312135070562363,11.020211219787598,-0.06269815564155579,-62.525787353515625,-19.815628051757813,48.585914611816406
-0.05312135070562363,11.020211219787598,-0.06269815564155579,-62.606964111328125,-20.05754852294922,48.37672424316406
-0.3356371521949768,10.942399978637695,2.098068952560425,-62.606964111328125,-20.05754852294922,48.37672424316406
-0.3356371521949768,10.942399978637695,2.098068952560425,-62.743072509765625,-20.265058517456055,48.18384552001953
0.05461772531270981,9.783605575561523,0.6280290484428406,-62.743072509765625,-20.265058517456055,48.18384552001953
0.05461772531270981,9.783605575561523,0.6280290484428406,-62.870235443115234,-20.3985652923584,48.06993103027344
-0.25184008479118347,9.554959297180176,0.1479915976524353,-62.870235443115234,-20.3985652923584,48.06993103027344
-0.25184008479118347,9.554959297180176,0.1479915976524353,-62.9926872253418,-20.4455509185791,48.07401657104492
-0.5618892312049866,10.27322006225586,0.5849334001541138,-62.9926872253418,-20.4455509185791,48.07401657104492
-0.5618892312049866,10.27322006225586,0.5849334001541138,-63.14638900756836,-20.400676727294922,48.158390045166016
-0.41464582085609436,10.603620529174805,1.3606547117233276,-63.14638900756836,-20.400676727294922,48.158390045166016
-0.41464582085609436,10.603620529174805,1.3606547117233276,-63.38356018066406,-20.287822723388672,48.21492385864258
-0.5822399258613586,10.503063201904297,0.7537246346473694,-63.38356018066406,-20.287822723388672,48.21492385864258
-0.41105449199676514,10.354622840881348,0.07616554200649261,-63.38356018066406,-20.287822723388672,48.21492385864258
-0.41105449199676514,10.354622840881348,0.07616554200649261,-63.696128845214844,-20.148344039916992,48.205726623535156
-0.34521394968032837,10.540173530578613,0.5609914064407349,-63.696128845214844,-20.148344039916992,48.205726623535156
-0.34521394968032837,10.540173530578613,0.5609914064407349,-63.98283004760742,-19.982526779174805,48.1422119140625
-0.27219080924987793,10.404901504516602,0.5741595029830933,-63.98283004760742,-19.982526779174805,48.1422119140625
-0.27219080924987793,10.404901504516602,0.5741595029830933,-64.22515869140625,-19.820459365844727,48.02409362792969
-0.3942950963973999,10.33786392211914,0.4556465148925781,-64.22515869140625,-19.820459365844727,48.02409362792969
-0.3942950963973999,10.33786392211914,0.4556465148925781,-64.49729919433594,-19.741750717163086,47.86203384399414
-0.5283703804016113,10.365397453308105,0.43529579043388367,-64.49729919433594,-19.741750717163086,47.86203384399414
-0.5283703804016113,10.365397453308105,0.43529579043388367,-64.82054138183594,-19.759674072265625,47.64509201049805
-0.5798457264900208,10.480319023132324,0.33354222774505615,-64.82054138183594,-19.759674072265625,47.64509201049805
-0.5798457264900208,10.480319023132324,0.33354222774505615,-65.17017364501953,-19.836694717407227,47.32941818237305
-0.19078794121742249,10.493486404418945,0.41614219546318054,-65.17017364501953,-19.836694717407227,47.32941818237305
-0.19078794121742249,10.493486404418945,0.41614219546318054,-65.51268768310547,-19.934940338134766,46.979583740234375
-0.270993709564209,10.437223434448242,0.1611597090959549,-65.51268768310547,-19.934940338134766,46.979583740234375
-0.4457704424858093,10.324695587158203,0.1934814304113388,-65.51268768310547,-19.934940338134766,46.979583740234375
-0.4457704424858093,10.324695587158203,0.1934814304113388,-65.80049133300781,-20.015626907348633,46.71569061279297
-0.4122515916824341,10.390536308288574,0.14320318400859833,-65.80049133300781,-20.015626907348633,46.71569061279297
-0.4122515916824341,10.390536308288574,0.14320318400859833,-65.97219848632813,-20.055458068847656,46.57806396484375
-0.6552630662918091,10.445602416992188,0.38741177320480347,-65.97219848632813,-20.055458068847656,46.57806396484375
-0.6552630662918091,10.445602416992188,0.38741177320480347,-65.98847961425781,-20.059646606445313,46.610469818115234
-0.4721066355705261,10.257658004760742,-0.16086041927337646,-65.98847961425781,-20.059646606445313,46.610469818115234
-0.4721066355705261,10.257658004760742,-0.16086041927337646,-65.89432525634766,-20.045984268188477,46.80839538574219
-0.7630021572113037,10.475530624389648,0.28206688165664673,-65.89432525634766,-20.045984268188477,46.80839538574219
-0.7630021572113037,10.475530624389648,0.28206688165664673,-65.74955749511719,-20.034744262695313,47.046180725097656
-0.4613327383995056,10.4635591506958,-0.013617021963000298,-65.74955749511719,-20.034744262695313,47.046180725097656
-0.4613327383995056,10.4635591506958,-0.013617021963000298,-65.5762939453125,-20.035139083862305,47.231204986572266
-0.3188777267932892,10.470742225646973,0.14440028369426727,-65.5762939453125,-20.035139083862305,47.231204986572266
-0.3188777267932892,10.470742225646973,0.14440028369426727,-65.4072265625,-20.057504653930664,47.37088394165039
-0.4361936151981354,10.391733169555664,0.0785597413778305,-65.4072265625,-20.057504653930664,47.37088394165039
-0.34521394968032837,10.34025764465332,0.10010755807161331,-65.4072265625,-20.057504653930664,47.37088394165039
-0.34521394968032837,10.34025764465332,0.10010755807161331,-65.2818603515625,-20.11893081665039,47.469505310058594
-0.4768950641155243,10.479121208190918,0.24256256222724915,-65.2818603515625,-20.11893081665039,47.469505310058594
-0.4768950641155243,10.479121208190918,0.24256256222724915,-65.21045684814453,-20.186847686767578,47.49601745605469
-0.3859153985977173,10.413281440734863,0.12404957413673401,-65.21045684814453,-20.186847686767578,47.49601745605469
-0.3859153985977173,10.413281440734863,0.12404957413673401,-65.16244506835938,-20.23617172241211,47.42509460449219
-0.4577414393424988,10.46475601196289,0.15996259450912476,-65.16244506835938,-20.23617172241211,47.42509460449219
-0.4577414393424988,10.46475601196289,0.15996259450912476,-65.13512420654297,-20.275102615356445,47.288692474365234
-0.3655646741390228,10.3641996383667,0.14918869733810425,-65.13512420654297,-20.275102615356445,47.288692474365234
-0.3655646741390228,10.3641996383667,0.14918869733810425,-65.1643295288086,-20.28486442565918,47.17275619506836
-0.4242226183414459,10.42764663696289,0.22101473808288574,-65.1643295288086,-20.28486442565918,47.17275619506836
-0.4242226183414459,10.42764663696289,0.22101473808288574,-65.23949432373047,-20.270517349243164,47.13079071044922
-0.3787327706813812,10.335469245910645,0.1479915976524353,-65.23949432373047,-20.270517349243164,47.13079071044922
-0.3787327706813812,10.335469245910645,0.1479915976524353,-65.31348419189453,-20.263992309570313,47.18193817138672
-0.5870283246040344,10.346242904663086,0.17911621928215027,-65.31348419189453,-20.263992309570313,47.18193817138672
-0.5870283246040344,10.465953826904297,0.1982698291540146,-65.31348419189453,-20.263992309570313,47.18193817138672
-0.5870283246040344,10.465953826904297,0.1982698291540146,-65.33927917480469,-20.278987884521484,47.30043029785156
-0.46971243619918823,10.480319023132324,0.14440028369426727,-65.33927917480469,-20.278987884521484,47.30043029785156
-0.46971243619918823,10.480319023132324,0.14440028369426727,-65.2874526977539,-20.301298141479492,47.411128997802734
-0.40866029262542725,10.426448822021484,0.14679449796676636,-65.2874526977539,-20.301298141479492,47.411128997802734
-0.40866029262542725,10.426448822021484,0.14679449796676636,-65.17582702636719,-20.289688110351563,47.479698181152344
-0.474500834941864,10.400113105773926,0.19108721613883972,-65.17582702636719,-20.289688110351563,47.479698181152344
-0.474500834941864,10.400113105773926,0.19108721613883972,-65.06598663330078,-20.25593376159668,47.50632095336914
-0.3033154308795929,10.261249542236328,0.2066495269536972,-65.06598663330078,-20.25593376159668,47.50632095336914
-0.3033154308795929,10.261249542236328,0.2066495269536972,-65.00348663330078,-20.251272201538086,47.515892028808594
-0.37394437193870544,10.421660423278809,0.12045827507972717,-65.00348663330078,-20.251272201538086,47.515892028808594
-0.37394437193870544,10.421660423278809,0.12045827507972717,-64.96772003173828,-20.269678115844727,47.57316207885742
-0.6420949697494507,10.574889183044434,0.2916437089443207,-64.96772003173828,-20.269678115844727,47.57316207885742
-0.6420949697494507,10.574889183044434,0.2916437089443207,-64.92705535888672,-20.27071189880371,47.666622161865234
-0.3990834951400757,10.415675163269043,0.13003507256507874,-64.92705535888672,-20.27071189880371,47.666622161865234
-0.2793734073638916,10.437223434448242,0.10968436300754547,-64.92705535888672,-20.27071189880371,47.666622161865234
-0.2793734073638916,10.437223434448242,0.10968436300754547,-64.90859985351563,-20.230255126953125,47.70111846923828
-0.2602197825908661,10.495881080627441,0.3107973039150238,-64.90859985351563,-20.230255126953125,47.70111846923828
-0.2602197825908661,10.495881080627441,0.3107973039150238,-64.96212768554688,-20.169742584228516,47.65114212036133
-0.4816834628582001,10.212167739868164,0.23537994921207428,-64.96212768554688,-20.169742584228516,47.65114212036133
-0.4816834628582001,10.212167739868164,0.23537994921207428,-65.08894348144531,-20.11988067626953,47.562469482421875
-0.33204585313796997,10.279205322265625,-0.030376434326171875,-65.08894348144531,-20.11988067626953,47.562469482421875
-0.33204585313796997,10.279205322265625,-0.030376434326171875,-65.25863647460938,-20.093219757080078,47.47287368774414
-0.4613327383995056,10.530596733093262,0.5957072973251343,-65.25863647460938,-20.093219757080078,47.47287368774414
-0.4613327383995056,10.530596733093262,0.5957072973251343,-65.39872741699219,-20.091171264648438,47.40057373046875
-0.4685153365135193,10.420463562011719,0.3215712010860443,-65.39872741699219,-20.091171264648438,47.40057373046875
-0.4685153365135193,10.420463562011719,0.3215712010860443,-65.439208984375,-20.117773056030273,47.35909652709961
-0.6313210725784302,10.432435035705566,0.05581482872366905,-65.439208984375,-20.117773056030273,47.35909652709961
-0.6313210725784302,10.432435035705566,0.05581482872366905,-65.40760803222656,-20.194034576416016,47.373538970947266
-0.4924573600292206,10.580875396728516,0.40297406911849976,-65.40760803222656,-20.194034576416016,47.373538970947266
